'Id: "0011388" Comment: "Integrate frame 0011388_Au-Ir-Rh_Rh-rich_XRD-Mapping-229-0000.gfrmwith cursor Wedge Cursor #5" Operator: "B?rgel" Anode: "Cu" Wavelength: "1.5406" Scantype: "2Theta (TwoTheta)" TimePerStep: "1" X: "-4.5" Y: "13.5" Z: "5.95" 
10.00000 0.000
10.02000 14.991
10.04000 -4.266
10.06000 -4.250
10.08000 3.910
10.10000 10.878
10.12000 3.501
10.14000 4.492
10.16000 6.289
10.18000 17.555
10.20000 16.811
10.22000 23.259
10.24000 17.531
10.26000 12.114
10.28000 -0.684
10.30000 -2.142
10.32000 -4.205
10.34000 7.683
10.36000 12.954
10.38000 15.269
10.40000 -1.484
10.42000 13.759
10.44000 12.541
10.46000 13.218
10.48000 14.275
10.50000 -1.381
10.52000 -4.201
10.54000 17.201
10.56000 19.608
10.58000 18.329
10.60000 18.429
10.62000 17.825
10.64000 8.443
10.66000 10.215
10.68000 14.731
10.70000 10.772
10.72000 1.068
10.74000 5.892
10.76000 16.812
10.78000 12.766
10.80000 9.725
10.82000 7.949
10.84000 6.893
10.86000 -0.952
10.88000 11.802
10.90000 19.568
10.92000 18.900
10.94000 27.526
10.96000 15.997
10.98000 20.850
11.00000 18.241
11.02000 20.689
11.04000 28.868
11.06000 35.899
11.08000 30.146
11.10000 7.497
11.12000 9.440
11.14000 5.998
11.16000 10.483
11.18000 11.313
11.20000 13.441
11.22000 9.788
11.24000 7.048
11.26000 5.407
11.28000 7.128
11.30000 -2.173
11.32000 -0.704
11.34000 1.976
11.36000 8.719
11.38000 14.440
11.40000 22.116
11.42000 22.482
11.44000 9.357
11.46000 16.563
11.48000 23.226
11.50000 25.380
11.52000 12.672
11.54000 15.676
11.56000 23.810
11.58000 12.079
11.60000 12.054
11.62000 17.990
11.64000 14.608
11.66000 9.769
11.68000 12.381
11.70000 3.917
11.72000 23.827
11.74000 22.934
11.76000 9.661
11.78000 19.677
11.80000 16.374
11.82000 6.281
11.84000 12.828
11.86000 8.496
11.88000 14.615
11.90000 6.525
11.92000 0.855
11.94000 5.013
11.96000 13.195
11.98000 15.968
12.00000 14.158
12.02000 17.777
12.04000 13.857
12.06000 14.166
12.08000 20.333
12.10000 17.388
12.12000 16.065
12.14000 17.473
12.16000 17.866
12.18000 23.890
12.20000 28.139
12.22000 24.657
12.24000 9.911
12.26000 11.223
12.28000 13.905
12.30000 19.427
12.32000 25.828
12.34000 4.056
12.36000 6.006
12.38000 13.938
12.40000 18.572
12.42000 16.652
12.44000 9.848
12.46000 8.307
12.48000 15.225
12.50000 31.871
12.52000 21.750
12.54000 10.337
12.56000 14.022
12.58000 16.358
12.60000 11.554
12.62000 15.405
12.64000 20.984
12.66000 18.493
12.68000 7.782
12.70000 16.566
12.72000 16.522
12.74000 17.141
12.76000 15.852
12.78000 11.031
12.80000 13.166
12.82000 24.182
12.84000 27.708
12.86000 10.622
12.88000 -4.420
12.90000 6.878
12.92000 21.376
12.94000 23.667
12.96000 19.573
12.98000 7.157
13.00000 8.245
13.02000 12.103
13.04000 20.963
13.06000 17.712
13.08000 11.760
13.10000 9.724
13.12000 1.217
13.14000 -4.144
13.16000 11.716
13.18000 15.064
13.20000 16.382
13.22000 13.063
13.24000 4.160
13.26000 11.694
13.28000 17.383
13.30000 18.002
13.32000 20.714
13.34000 10.380
13.36000 6.862
13.38000 3.304
13.40000 8.536
13.42000 9.085
13.44000 9.064
13.46000 8.227
13.48000 11.839
13.50000 15.176
13.52000 18.289
13.54000 20.577
13.56000 21.374
13.58000 11.240
13.60000 11.349
13.62000 8.669
13.64000 6.297
13.66000 16.818
13.68000 14.817
13.70000 11.191
13.72000 12.522
13.74000 11.183
13.76000 8.576
13.78000 11.734
13.80000 19.562
13.82000 22.836
13.84000 19.509
13.86000 10.714
13.88000 14.004
13.90000 5.509
13.92000 16.102
13.94000 18.975
13.96000 9.229
13.98000 11.810
14.00000 9.723
14.02000 16.076
14.04000 16.901
14.06000 15.934
14.08000 14.565
14.10000 16.895
14.12000 6.025
14.14000 6.058
14.16000 14.604
14.18000 13.781
14.20000 13.628
14.22000 12.797
14.24000 3.662
14.26000 17.430
14.28000 11.247
14.30000 5.669
14.32000 -0.233
14.34000 2.206
14.36000 6.690
14.38000 11.102
14.40000 13.074
14.42000 8.065
14.44000 12.493
14.46000 29.697
14.48000 22.427
14.50000 9.534
14.52000 11.515
14.54000 10.124
14.56000 11.905
14.58000 10.482
14.60000 15.600
14.62000 18.107
14.64000 11.389
14.66000 0.071
14.68000 2.160
14.70000 3.066
14.72000 2.577
14.74000 5.414
14.76000 12.776
14.78000 6.714
14.80000 9.496
14.82000 10.047
14.84000 7.906
14.86000 12.483
14.88000 13.363
14.90000 13.585
14.92000 21.814
14.94000 25.975
14.96000 10.819
14.98000 7.651
15.00000 12.552
15.02000 6.767
15.04000 2.934
15.06000 2.647
15.08000 4.360
15.10000 4.023
15.12000 8.330
15.14000 12.633
15.16000 11.956
15.18000 16.133
15.20000 21.666
15.22000 9.268
15.24000 13.553
15.26000 22.657
15.28000 18.252
15.30000 18.653
15.32000 11.654
15.34000 8.059
15.36000 5.826
15.38000 9.016
15.40000 10.734
15.42000 6.087
15.44000 18.021
15.46000 22.271
15.48000 20.778
15.50000 16.940
15.52000 5.218
15.54000 2.289
15.56000 16.991
15.58000 7.279
15.60000 11.856
15.62000 11.226
15.64000 7.411
15.66000 11.018
15.68000 18.379
15.70000 11.179
15.72000 12.710
15.74000 8.310
15.76000 6.935
15.78000 9.924
15.80000 8.684
15.82000 9.430
15.84000 14.468
15.86000 10.951
15.88000 18.000
15.90000 15.719
15.92000 14.949
15.94000 12.820
15.96000 4.604
15.98000 4.408
16.00000 7.585
16.02000 9.556
16.04000 14.491
16.06000 14.685
16.08000 13.372
16.10000 20.345
16.12000 4.444
16.14000 3.947
16.16000 5.851
16.18000 1.067
16.20000 2.845
16.22000 6.849
16.24000 17.141
16.26000 13.138
16.28000 8.700
16.30000 10.712
16.32000 6.016
16.34000 9.041
16.36000 14.364
16.38000 17.254
16.40000 22.087
16.42000 8.994
16.44000 1.618
16.46000 0.184
16.48000 -4.351
16.50000 6.678
16.52000 13.491
16.54000 11.488
16.56000 12.840
16.58000 6.997
16.60000 13.119
16.62000 13.860
16.64000 9.816
16.66000 12.193
16.68000 9.225
16.70000 4.020
16.72000 3.511
16.74000 1.993
16.76000 6.401
16.78000 -0.391
16.80000 4.458
16.82000 10.178
16.84000 14.542
16.86000 6.316
16.88000 8.615
16.90000 13.353
16.92000 12.029
16.94000 10.497
16.96000 4.438
16.98000 4.593
17.00000 9.149
17.02000 13.583
17.04000 16.662
17.06000 17.693
17.08000 17.024
17.10000 19.133
17.12000 10.399
17.14000 8.164
17.16000 13.203
17.18000 13.015
17.20000 11.236
17.22000 17.155
17.24000 13.780
17.26000 7.283
17.28000 -0.398
17.30000 -2.441
17.32000 4.542
17.34000 6.696
17.36000 15.559
17.38000 14.751
17.40000 10.071
17.42000 9.858
17.44000 11.243
17.46000 5.990
17.48000 8.120
17.50000 15.009
17.52000 11.700
17.54000 7.837
17.56000 5.911
17.58000 7.514
17.60000 7.636
17.62000 4.944
17.64000 12.001
17.66000 21.190
17.68000 15.338
17.70000 8.495
17.72000 7.398
17.74000 1.633
17.76000 3.063
17.78000 4.158
17.80000 6.804
17.82000 11.813
17.84000 10.787
17.86000 9.373
17.88000 12.760
17.90000 14.917
17.92000 11.238
17.94000 5.941
17.96000 1.048
17.98000 8.025
18.00000 13.539
18.02000 10.340
18.04000 13.314
18.06000 7.327
18.08000 2.877
18.10000 5.899
18.12000 7.526
18.14000 9.913
18.16000 5.152
18.18000 3.038
18.20000 3.814
18.22000 15.784
18.24000 11.492
18.26000 7.842
18.28000 10.272
18.30000 7.738
18.32000 8.691
18.34000 10.609
18.36000 13.772
18.38000 9.984
18.40000 7.127
18.42000 11.231
18.44000 5.203
18.46000 2.902
18.48000 8.108
18.50000 14.180
18.52000 9.814
18.54000 6.534
18.56000 5.816
18.58000 -1.589
18.60000 4.405
18.62000 13.695
18.64000 9.162
18.66000 12.742
18.68000 14.485
18.70000 14.191
18.72000 6.570
18.74000 9.601
18.76000 7.239
18.78000 7.530
18.80000 10.094
18.82000 7.985
18.84000 8.468
18.86000 3.134
18.88000 -1.527
18.90000 8.791
18.92000 14.160
18.94000 10.850
18.96000 1.207
18.98000 5.455
19.00000 5.818
19.02000 8.101
19.04000 12.153
19.06000 13.951
19.08000 13.408
19.10000 5.903
19.12000 5.484
19.14000 6.644
19.16000 -2.689
19.18000 -4.251
19.20000 6.721
19.22000 10.784
19.24000 7.804
19.26000 4.622
19.28000 6.097
19.30000 5.323
19.32000 6.647
19.34000 15.390
19.36000 10.305
19.38000 10.698
19.40000 9.635
19.42000 4.877
19.44000 2.290
19.46000 7.896
19.48000 6.713
19.50000 0.350
19.52000 7.387
19.54000 13.217
19.56000 13.370
19.58000 8.865
19.60000 4.260
19.62000 2.671
19.64000 2.687
19.66000 2.905
19.68000 3.640
19.70000 4.385
19.72000 6.107
19.74000 8.711
19.76000 10.728
19.78000 5.040
19.80000 4.094
19.82000 6.425
19.84000 10.234
19.86000 14.034
19.88000 9.061
19.90000 -0.112
19.92000 6.089
19.94000 9.593
19.96000 7.173
19.98000 2.465
20.00000 4.296
20.02000 10.605
20.04000 13.142
20.06000 8.110
20.08000 13.382
20.10000 6.694
20.12000 7.304
20.14000 3.816
20.16000 5.798
20.18000 5.607
20.20000 5.430
20.22000 11.402
20.24000 1.394
20.26000 3.158
20.28000 2.692
20.30000 11.530
20.32000 12.839
20.34000 8.515
20.36000 10.074
20.38000 11.042
20.40000 9.198
20.42000 2.089
20.44000 1.984
20.46000 -1.292
20.48000 2.450
20.50000 0.458
20.52000 4.881
20.54000 5.527
20.56000 9.789
20.58000 5.372
20.60000 3.534
20.62000 2.613
20.64000 2.073
20.66000 2.602
20.68000 -1.196
20.70000 3.664
20.72000 2.446
20.74000 5.230
20.76000 5.693
20.78000 2.716
20.80000 8.301
20.82000 0.640
20.84000 1.522
20.86000 -0.040
20.88000 1.036
20.90000 5.771
20.92000 1.371
20.94000 0.446
20.96000 -0.117
20.98000 0.481
21.00000 3.834
21.02000 6.803
21.04000 3.968
21.06000 1.684
21.08000 4.504
21.10000 3.656
21.12000 0.801
21.14000 0.833
21.16000 0.851
21.18000 6.878
21.20000 1.206
21.22000 10.455
21.24000 13.340
21.26000 7.930
21.28000 8.898
21.30000 15.580
21.32000 10.126
21.34000 1.023
21.36000 3.563
21.38000 2.338
21.40000 12.519
21.42000 8.902
21.44000 12.375
21.46000 14.081
21.48000 3.439
21.50000 7.357
21.52000 0.638
21.54000 -4.139
21.56000 5.380
21.58000 11.638
21.60000 6.891
21.62000 2.541
21.64000 5.397
21.66000 6.581
21.68000 5.343
21.70000 4.385
21.72000 8.721
21.74000 2.109
21.76000 2.198
21.78000 2.692
21.80000 6.840
21.82000 5.077
21.84000 12.701
21.86000 7.956
21.88000 7.581
21.90000 3.562
21.92000 7.182
21.94000 9.186
21.96000 7.180
21.98000 6.867
22.00000 7.423
22.02000 11.735
22.04000 17.341
22.06000 8.696
22.08000 0.429
22.10000 4.185
22.12000 8.617
22.14000 11.294
22.16000 11.332
22.18000 7.153
22.20000 7.434
22.22000 4.926
22.24000 -0.112
22.26000 -4.079
22.28000 1.874
22.30000 7.175
22.32000 7.640
22.34000 4.484
22.36000 0.198
22.38000 -1.416
22.40000 6.438
22.42000 5.535
22.44000 1.109
22.46000 4.696
22.48000 5.554
22.50000 6.477
22.52000 5.072
22.54000 1.492
22.56000 2.307
22.58000 8.702
22.60000 10.059
22.62000 3.691
22.64000 8.493
22.66000 4.202
22.68000 4.545
22.70000 6.243
22.72000 8.127
22.74000 7.569
22.76000 7.305
22.78000 6.116
22.80000 6.030
22.82000 2.206
22.84000 -3.898
22.86000 0.209
22.88000 7.580
22.90000 6.418
22.92000 7.849
22.94000 12.862
22.96000 9.582
22.98000 6.217
23.00000 2.490
23.02000 3.064
23.04000 5.749
23.06000 2.586
23.08000 0.759
23.10000 4.265
23.12000 0.974
23.14000 1.835
23.16000 1.786
23.18000 5.568
23.20000 5.927
23.22000 3.244
23.24000 -0.203
23.26000 3.609
23.28000 6.868
23.30000 8.986
23.32000 10.128
23.34000 6.066
23.36000 5.782
23.38000 3.004
23.40000 0.465
23.42000 8.860
23.44000 11.042
23.46000 7.542
23.48000 5.775
23.50000 0.213
23.52000 1.326
23.54000 3.759
23.56000 1.236
23.58000 7.160
23.60000 8.706
23.62000 8.785
23.64000 7.639
23.66000 4.768
23.68000 3.559
23.70000 7.507
23.72000 3.061
23.74000 -0.176
23.76000 7.120
23.78000 6.730
23.80000 4.742
23.82000 5.813
23.84000 7.298
23.86000 8.455
23.88000 3.688
23.90000 6.076
23.92000 5.242
23.94000 3.081
23.96000 3.197
23.98000 4.310
24.00000 1.978
24.02000 -3.997
24.04000 -3.182
24.06000 -1.815
24.08000 2.755
24.10000 -0.270
24.12000 -0.589
24.14000 4.756
24.16000 2.188
24.18000 0.832
24.20000 4.763
24.22000 4.579
24.24000 3.527
24.26000 6.294
24.28000 10.510
24.30000 11.990
24.32000 9.973
24.34000 9.331
24.36000 7.019
24.38000 0.795
24.40000 2.246
24.42000 5.873
24.44000 11.601
24.46000 5.406
24.48000 -0.079
24.50000 2.823
24.52000 2.237
24.54000 2.861
24.56000 3.707
24.58000 3.136
24.60000 2.458
24.62000 -0.026
24.64000 0.279
24.66000 0.311
24.68000 8.752
24.70000 3.608
24.72000 11.991
24.74000 5.309
24.76000 2.699
24.78000 1.747
24.80000 2.360
24.82000 1.123
24.84000 3.064
24.86000 5.351
24.88000 -0.670
24.90000 0.028
24.92000 4.547
24.94000 5.893
24.96000 0.878
24.98000 4.376
25.00000 -0.180
25.02000 -1.042
25.04000 2.174
25.06000 4.224
25.08000 5.905
25.10000 8.262
25.12000 1.928
25.14000 -3.971
25.16000 1.125
25.18000 3.058
25.20000 3.611
25.22000 5.401
25.24000 7.119
25.26000 2.714
25.28000 -0.135
25.30000 -3.429
25.32000 -2.339
25.34000 -3.944
25.36000 2.923
25.38000 0.983
25.40000 -2.666
25.42000 0.995
25.44000 5.427
25.46000 1.703
25.48000 1.802
25.50000 -0.702
25.52000 0.739
25.54000 1.897
25.56000 -1.709
25.58000 1.197
25.60000 2.438
25.62000 1.736
25.64000 3.191
25.66000 -1.527
25.68000 0.138
25.70000 3.147
25.72000 3.403
25.74000 -0.751
25.76000 -1.286
25.78000 -0.429
25.80000 0.075
25.82000 0.021
25.84000 -3.943
25.86000 -1.365
25.88000 0.272
25.90000 -1.028
25.92000 -0.373
25.94000 -0.154
25.96000 -1.013
25.98000 -2.479
26.00000 1.648
26.02000 0.129
26.04000 -1.471
26.06000 0.787
26.08000 3.774
26.10000 -2.548
26.12000 3.803
26.14000 5.840
26.16000 2.088
26.18000 -1.642
26.20000 -1.210
26.22000 -1.176
26.24000 -0.539
26.26000 5.909
26.28000 2.733
26.30000 4.285
26.32000 0.798
26.34000 3.893
26.36000 2.440
26.38000 -0.690
26.40000 5.145
26.42000 3.098
26.44000 2.073
26.46000 2.173
26.48000 5.000
26.50000 3.053
26.52000 -1.046
26.54000 -3.906
26.56000 -3.109
26.58000 0.988
26.60000 4.363
26.62000 2.095
26.64000 2.601
26.66000 -2.532
26.68000 -0.549
26.70000 -2.609
26.72000 0.654
26.74000 2.873
26.76000 2.380
26.78000 7.539
26.80000 6.347
26.82000 1.139
26.84000 1.134
26.86000 3.742
26.88000 5.220
26.90000 1.766
26.92000 2.284
26.94000 4.488
26.96000 9.459
26.98000 2.246
27.00000 4.483
27.02000 8.766
27.04000 6.767
27.06000 9.672
27.08000 2.801
27.10000 -0.435
27.12000 -0.600
27.14000 3.160
27.16000 4.157
27.18000 -0.573
27.20000 2.871
27.22000 1.863
27.24000 1.789
27.26000 1.482
27.28000 2.215
27.30000 -1.535
27.32000 -3.874
27.34000 -0.807
27.36000 2.490
27.38000 -0.093
27.40000 2.560
27.42000 1.889
27.44000 3.610
27.46000 1.851
27.48000 4.431
27.50000 6.978
27.52000 2.239
27.54000 -1.515
27.56000 4.790
27.58000 2.282
27.60000 1.431
27.62000 2.998
27.64000 5.619
27.66000 5.097
27.68000 0.778
27.70000 -0.350
27.72000 -0.687
27.74000 1.543
27.76000 -3.256
27.78000 -2.618
27.80000 1.815
27.82000 6.972
27.84000 5.144
27.86000 2.081
27.88000 1.368
27.90000 2.879
27.92000 1.014
27.94000 -3.747
27.96000 -3.785
27.98000 0.591
28.00000 -3.831
28.02000 -1.933
28.04000 1.411
28.06000 3.105
28.08000 1.852
28.10000 -2.453
28.12000 -2.640
28.14000 -3.411
28.16000 0.239
28.18000 2.530
28.20000 2.112
28.22000 3.934
28.24000 1.409
28.26000 -3.216
28.28000 3.382
28.30000 3.461
28.32000 0.820
28.34000 -1.291
28.36000 -0.566
28.38000 1.855
28.40000 1.815
28.42000 0.862
28.44000 5.769
28.46000 5.599
28.48000 -3.793
28.50000 2.820
28.52000 -1.141
28.54000 -0.628
28.56000 1.973
28.58000 7.190
28.60000 6.866
28.62000 5.559
28.64000 7.749
28.66000 -0.109
28.68000 -3.764
28.70000 2.079
28.72000 9.684
28.74000 6.061
28.76000 2.011
28.78000 -0.833
28.80000 4.382
28.82000 1.798
28.84000 1.423
28.86000 -1.681
28.88000 2.757
28.90000 4.261
28.92000 8.657
28.94000 3.090
28.96000 5.272
28.98000 1.749
29.00000 5.658
29.02000 1.575
29.04000 5.927
29.06000 5.544
29.08000 4.125
29.10000 3.781
29.12000 -1.246
29.14000 -0.421
29.16000 -0.734
29.18000 -1.382
29.20000 -1.425
29.22000 6.958
29.24000 7.671
29.26000 9.822
29.28000 8.574
29.30000 7.253
29.32000 3.942
29.34000 -3.720
29.36000 -1.265
29.38000 2.071
29.40000 4.001
29.42000 0.703
29.44000 0.682
29.46000 3.561
29.48000 5.938
29.50000 5.904
29.52000 1.399
29.54000 5.093
29.56000 7.163
29.58000 0.920
29.60000 0.096
29.62000 2.003
29.64000 3.422
29.66000 4.049
29.68000 4.337
29.70000 6.823
29.72000 7.745
29.74000 5.911
29.76000 3.460
29.78000 -1.289
29.80000 -1.866
29.82000 2.359
29.84000 6.548
29.86000 2.217
29.88000 -1.518
29.90000 1.177
29.92000 5.403
29.94000 3.326
29.96000 3.966
29.98000 -2.015
30.00000 2.600
30.02000 10.227
30.04000 7.353
30.06000 3.618
30.08000 0.344
30.10000 -0.429
30.12000 -0.334
30.14000 2.162
30.16000 0.142
30.18000 3.108
30.20000 6.540
30.22000 4.578
30.24000 2.234
30.26000 -0.825
30.28000 -0.521
30.30000 -0.194
30.32000 -1.266
30.34000 3.646
30.36000 6.652
30.38000 8.069
30.40000 4.004
30.42000 3.543
30.44000 5.109
30.46000 -0.761
30.48000 -0.260
30.50000 1.963
30.52000 1.349
30.54000 -0.516
30.56000 -3.694
30.58000 -1.489
30.60000 -2.704
30.62000 -1.909
30.64000 -0.562
30.66000 1.233
30.68000 3.526
30.70000 4.733
30.72000 2.234
30.74000 5.279
30.76000 5.643
30.78000 3.739
30.80000 3.774
30.82000 -1.090
30.84000 -1.105
30.86000 1.660
30.88000 -3.679
30.90000 -2.644
30.92000 0.132
30.94000 -1.626
30.96000 -1.912
30.98000 0.313
31.00000 -3.290
31.02000 -3.596
31.04000 -0.108
31.06000 0.504
31.08000 1.916
31.10000 0.729
31.12000 3.413
31.14000 0.754
31.16000 -0.694
31.18000 -2.077
31.20000 0.652
31.22000 3.494
31.24000 1.570
31.26000 -1.644
31.28000 1.086
31.30000 -1.678
31.32000 -0.617
31.34000 0.000
31.36000 -3.670
31.38000 0.159
31.40000 1.597
31.42000 3.589
31.44000 2.244
31.46000 1.341
31.48000 3.143
31.50000 0.195
31.52000 -0.018
31.54000 -0.181
31.56000 1.635
31.58000 4.940
31.60000 -0.147
31.62000 -3.359
31.64000 -1.441
31.66000 6.560
31.68000 1.688
31.70000 -2.079
31.72000 1.521
31.74000 1.348
31.76000 1.549
31.78000 1.756
31.80000 5.018
31.82000 7.753
31.84000 3.780
31.86000 3.589
31.88000 0.000
31.90000 -0.589
31.92000 5.227
31.94000 2.341
31.96000 -0.903
31.98000 -2.173
32.00000 -0.116
32.02000 -2.628
32.04000 -2.309
32.06000 -2.877
32.08000 2.431
32.10000 -2.928
32.12000 -0.560
32.14000 5.607
32.16000 0.946
32.18000 0.924
32.20000 5.398
32.22000 10.907
32.24000 6.008
32.26000 1.661
32.28000 6.613
32.30000 7.564
32.32000 2.547
32.34000 -2.926
32.36000 1.550
32.38000 0.593
32.40000 0.469
32.42000 4.605
32.44000 1.200
32.46000 -0.483
32.48000 -2.010
32.50000 1.028
32.52000 0.328
32.54000 -2.774
32.56000 -3.557
32.58000 -0.226
32.60000 2.003
32.62000 -1.020
32.64000 -2.644
32.66000 2.312
32.68000 -1.778
32.70000 -3.619
32.72000 2.675
32.74000 1.522
32.76000 -1.021
32.78000 -3.614
32.80000 2.207
32.82000 1.079
32.84000 0.911
32.86000 -0.032
32.88000 3.721
32.90000 3.415
32.92000 1.624
32.94000 -0.467
32.96000 10.440
32.98000 5.958
33.00000 3.124
33.02000 4.698
33.04000 3.387
33.06000 2.852
33.08000 4.920
33.10000 0.288
33.12000 -2.233
33.14000 -1.451
33.16000 2.183
33.18000 -1.955
33.20000 1.017
33.22000 1.508
33.24000 3.175
33.26000 6.284
33.28000 4.686
33.30000 3.073
33.32000 6.766
33.34000 3.220
33.36000 4.949
33.38000 4.882
33.40000 1.743
33.42000 0.164
33.44000 1.053
33.46000 4.782
33.48000 1.663
33.50000 0.972
33.52000 2.127
33.54000 3.081
33.56000 6.917
33.58000 5.916
33.60000 4.439
33.62000 9.588
33.64000 7.908
33.66000 2.937
33.68000 -2.684
33.70000 -0.525
33.72000 5.593
33.74000 5.336
33.76000 -2.442
33.78000 4.246
33.80000 7.406
33.82000 4.685
33.84000 2.404
33.86000 1.429
33.88000 5.084
33.90000 8.118
33.92000 3.515
33.94000 -3.574
33.96000 -0.890
33.98000 4.406
34.00000 7.307
34.02000 5.213
34.04000 5.219
34.06000 5.423
34.08000 0.750
34.10000 4.273
34.12000 4.273
34.14000 3.701
34.16000 6.726
34.18000 2.636
34.20000 1.668
34.22000 3.819
34.24000 3.060
34.26000 1.629
34.28000 3.949
34.30000 3.054
34.32000 4.669
34.34000 4.327
34.36000 4.937
34.38000 3.910
34.40000 5.226
34.42000 3.474
34.44000 3.900
34.46000 4.227
34.48000 4.697
34.50000 3.997
34.52000 6.138
34.54000 2.440
34.56000 -1.457
34.58000 -2.247
34.60000 4.684
34.62000 1.133
34.64000 -2.834
34.66000 0.931
34.68000 5.039
34.70000 6.363
34.72000 2.106
34.74000 2.063
34.76000 2.785
34.78000 5.235
34.80000 2.810
34.82000 0.875
34.84000 -0.251
34.86000 -2.974
34.88000 0.680
34.90000 3.874
34.92000 0.895
34.94000 3.341
34.96000 1.925
34.98000 -3.546
35.00000 -0.992
35.02000 -1.218
35.04000 0.913
35.06000 -0.514
35.08000 -1.843
35.10000 -0.884
35.12000 -1.734
35.14000 -0.468
35.16000 0.303
35.18000 -0.225
35.20000 0.136
35.22000 -1.002
35.24000 7.178
35.26000 5.264
35.28000 -0.273
35.30000 1.638
35.32000 -0.621
35.34000 -1.947
35.36000 1.715
35.38000 3.544
35.40000 0.387
35.42000 3.460
35.44000 -0.051
35.46000 -3.539
35.48000 1.382
35.50000 3.256
35.52000 6.361
35.54000 6.176
35.56000 7.117
35.58000 2.811
35.60000 4.557
35.62000 9.170
35.64000 8.162
35.66000 6.124
35.68000 4.225
35.70000 5.535
35.72000 5.224
35.74000 0.327
35.76000 -0.883
35.78000 2.879
35.80000 -0.955
35.82000 2.005
35.84000 4.471
35.86000 0.523
35.88000 -1.011
35.90000 -0.093
35.92000 0.851
35.94000 2.882
35.96000 1.752
35.98000 -0.494
36.00000 4.841
36.02000 0.214
36.04000 -0.819
36.06000 -0.722
36.08000 -0.524
36.10000 0.968
36.12000 7.424
36.14000 5.995
36.16000 2.822
36.18000 -0.717
36.20000 4.420
36.22000 3.484
36.24000 -0.166
36.26000 -2.870
36.28000 -3.569
36.30000 -1.860
36.32000 1.713
36.34000 -2.392
36.36000 0.453
36.38000 1.524
36.40000 3.182
36.42000 2.463
36.44000 -1.111
36.46000 1.508
36.48000 -1.636
36.50000 -0.235
36.52000 1.782
36.54000 3.028
36.56000 4.784
36.58000 3.311
36.60000 4.938
36.62000 4.898
36.64000 2.529
36.66000 4.707
36.68000 5.696
36.70000 0.539
36.72000 -0.763
36.74000 -1.738
36.76000 0.554
36.78000 0.228
36.80000 -3.593
36.82000 -1.546
36.84000 3.670
36.86000 1.246
36.88000 2.283
36.90000 2.436
36.92000 1.523
36.94000 0.245
36.96000 -1.860
36.98000 -0.887
37.00000 -0.914
37.02000 3.780
37.04000 5.538
37.06000 2.341
37.08000 3.600
37.10000 0.728
37.12000 2.659
37.14000 4.696
37.16000 3.976
37.18000 -2.275
37.20000 -1.156
37.22000 3.657
37.24000 -0.849
37.26000 -2.445
37.28000 4.512
37.30000 8.263
37.32000 6.172
37.34000 6.320
37.36000 7.309
37.38000 3.787
37.40000 3.630
37.42000 2.317
37.44000 2.236
37.46000 0.043
37.48000 -1.132
37.50000 2.778
37.52000 -1.729
37.54000 0.587
37.56000 -0.515
37.58000 3.827
37.60000 5.899
37.62000 3.313
37.64000 6.655
37.66000 6.409
37.68000 7.147
37.70000 3.046
37.72000 -3.653
37.74000 5.157
37.76000 8.530
37.78000 10.521
37.80000 8.860
37.82000 8.127
37.84000 6.186
37.86000 6.352
37.88000 8.281
37.90000 6.114
37.92000 4.520
37.94000 5.649
37.96000 9.290
37.98000 15.111
38.00000 14.643
38.02000 10.781
38.04000 8.641
38.06000 7.657
38.08000 7.340
38.10000 6.811
38.12000 8.954
38.14000 12.232
38.16000 12.961
38.18000 16.834
38.20000 14.782
38.22000 14.410
38.24000 19.807
38.26000 14.226
38.28000 11.914
38.30000 17.684
38.32000 17.511
38.34000 20.125
38.36000 18.703
38.38000 19.482
38.40000 21.269
38.42000 21.934
38.44000 20.533
38.46000 19.231
38.48000 21.559
38.50000 22.975
38.52000 21.061
38.54000 21.045
38.56000 20.315
38.58000 23.177
38.60000 21.575
38.62000 25.740
38.64000 27.536
38.66000 24.597
38.68000 25.637
38.70000 24.836
38.72000 29.937
38.74000 34.623
38.76000 31.905
38.78000 33.308
38.80000 31.374
38.82000 33.192
38.84000 37.839
38.86000 38.429
38.88000 38.876
38.90000 38.307
38.92000 43.048
38.94000 42.532
38.96000 40.908
38.98000 45.356
39.00000 50.074
39.02000 48.992
39.04000 51.581
39.06000 45.134
39.08000 52.883
39.10000 52.596
39.12000 57.019
39.14000 60.355
39.16000 67.279
39.18000 67.347
39.20000 73.629
39.22000 74.113
39.24000 79.776
39.26000 78.668
39.28000 78.817
39.30000 85.410
39.32000 90.404
39.34000 92.475
39.36000 105.532
39.38000 104.601
39.40000 108.101
39.42000 109.239
39.44000 115.630
39.46000 124.578
39.48000 128.344
39.50000 137.818
39.52000 146.381
39.54000 151.870
39.56000 155.764
39.58000 169.254
39.60000 173.325
39.62000 179.571
39.64000 188.862
39.66000 197.015
39.68000 206.410
39.70000 223.588
39.72000 231.156
39.74000 240.038
39.76000 256.279
39.78000 266.306
39.80000 266.967
39.82000 280.932
39.84000 296.852
39.86000 311.474
39.88000 323.746
39.90000 340.914
39.92000 360.238
39.94000 369.555
39.96000 381.594
39.98000 394.997
40.00000 403.661
40.02000 422.584
40.04000 438.354
40.06000 455.855
40.08000 481.055
40.10000 485.572
40.12000 490.366
40.14000 511.026
40.16000 524.928
40.18000 534.006
40.20000 545.234
40.22000 546.011
40.24000 552.162
40.26000 566.556
40.28000 576.135
40.30000 570.663
40.32000 578.218
40.34000 575.843
40.36000 591.740
40.38000 595.546
40.40000 577.466
40.42000 567.037
40.44000 572.717
40.46000 565.439
40.48000 557.587
40.50000 543.455
40.52000 526.193
40.54000 511.640
40.56000 511.639
40.58000 486.656
40.60000 474.843
40.62000 476.099
40.64000 456.761
40.66000 440.589
40.68000 416.187
40.70000 398.177
40.72000 378.057
40.74000 371.157
40.76000 358.572
40.78000 348.147
40.80000 324.824
40.82000 305.055
40.84000 290.867
40.86000 282.065
40.88000 270.699
40.90000 263.782
40.92000 254.687
40.94000 232.736
40.96000 223.427
40.98000 217.480
41.00000 207.430
41.02000 185.096
41.04000 176.313
41.06000 167.359
41.08000 162.310
41.10000 162.522
41.12000 153.148
41.14000 141.059
41.16000 132.287
41.18000 122.914
41.20000 114.694
41.22000 109.144
41.24000 105.346
41.26000 100.242
41.28000 93.550
41.30000 88.926
41.32000 88.481
41.34000 87.489
41.36000 79.437
41.38000 78.671
41.40000 75.070
41.42000 66.371
41.44000 62.864
41.46000 55.713
41.48000 55.702
41.50000 55.623
41.52000 53.591
41.54000 46.994
41.56000 45.151
41.58000 45.595
41.60000 41.657
41.62000 39.111
41.64000 33.930
41.66000 33.274
41.68000 34.326
41.70000 35.016
41.72000 30.437
41.74000 26.742
41.76000 24.361
41.78000 28.959
41.80000 29.552
41.82000 25.399
41.84000 20.101
41.86000 18.248
41.88000 20.258
41.90000 18.111
41.92000 15.175
41.94000 13.459
41.96000 13.524
41.98000 17.748
42.00000 17.502
42.02000 13.877
42.04000 12.397
42.06000 6.301
42.08000 4.291
42.10000 7.477
42.12000 6.844
42.14000 5.572
42.16000 8.837
42.18000 7.461
42.20000 5.664
42.22000 5.157
42.24000 1.569
42.26000 1.270
42.28000 0.902
42.30000 3.134
42.32000 0.605
42.34000 0.699
42.36000 5.474
42.38000 1.380
42.40000 3.751
42.42000 2.709
42.44000 -1.384
42.46000 -1.319
42.48000 1.267
42.50000 -1.232
42.52000 -1.674
42.54000 -1.611
42.56000 4.562
42.58000 4.297
42.60000 1.243
42.62000 5.720
42.64000 4.383
42.66000 4.775
42.68000 3.893
42.70000 -1.659
42.72000 -0.113
42.74000 1.490
42.76000 2.899
42.78000 6.658
42.80000 7.126
42.82000 3.164
42.84000 0.330
42.86000 -1.807
42.88000 -0.473
42.90000 0.101
42.92000 -3.122
42.94000 0.015
42.96000 2.119
42.98000 6.057
43.00000 6.191
43.02000 1.981
43.04000 -1.411
43.06000 1.271
43.08000 1.788
43.10000 5.602
43.12000 1.864
43.14000 0.032
43.16000 -0.112
43.18000 1.463
43.20000 1.353
43.22000 0.272
43.24000 -1.435
43.26000 -0.664
43.28000 1.611
43.30000 3.606
43.32000 -0.602
43.34000 3.610
43.36000 -0.900
43.38000 -3.511
43.40000 -1.244
43.42000 4.457
43.44000 2.705
43.46000 4.927
43.48000 1.153
43.50000 -2.116
43.52000 1.512
43.54000 1.749
43.56000 0.458
43.58000 -1.852
43.60000 1.232
43.62000 2.081
43.64000 0.569
43.66000 1.656
43.68000 2.315
43.70000 2.901
43.72000 0.893
43.74000 0.101
43.76000 2.328
43.78000 3.674
43.80000 6.216
43.82000 4.730
43.84000 -1.115
43.86000 0.426
43.88000 1.542
43.90000 -0.303
43.92000 1.263
43.94000 0.741
43.96000 0.678
43.98000 3.697
44.00000 6.308
44.02000 1.867
44.04000 -2.095
44.06000 -2.668
44.08000 -1.166
44.10000 1.826
44.12000 2.809
44.14000 3.502
44.16000 0.282
44.18000 2.132
44.20000 -0.244
44.22000 2.129
44.24000 0.948
44.26000 -2.913
44.28000 -3.383
44.30000 0.376
44.32000 2.478
44.34000 0.321
44.36000 1.286
44.38000 -1.206
44.40000 2.570
44.42000 3.086
44.44000 -1.108
44.46000 -2.916
44.48000 0.520
44.50000 1.754
44.52000 0.978
44.54000 5.217
44.56000 2.543
44.58000 4.061
44.60000 -3.482
44.62000 -1.833
44.64000 5.398
44.66000 8.347
44.68000 3.563
44.70000 1.662
44.72000 3.617
44.74000 0.365
44.76000 0.439
44.78000 2.481
44.80000 2.971
44.82000 4.054
44.84000 2.953
44.86000 4.471
44.88000 4.234
44.90000 4.900
44.92000 -1.005
44.94000 2.040
44.96000 0.319
44.98000 4.574
45.00000 12.441
45.02000 8.127
45.04000 8.263
45.06000 9.715
45.08000 10.328
45.10000 10.912
45.12000 8.620
45.14000 10.549
45.16000 7.966
45.18000 9.514
45.20000 10.718
45.22000 11.646
45.24000 11.779
45.26000 10.678
45.28000 8.973
45.30000 8.997
45.32000 13.056
45.34000 9.572
45.36000 9.616
45.38000 9.549
45.40000 14.326
45.42000 12.702
45.44000 13.417
45.46000 11.369
45.48000 12.958
45.50000 16.435
45.52000 17.354
45.54000 20.198
45.56000 18.465
45.58000 18.830
45.60000 8.946
45.62000 15.400
45.64000 22.466
45.66000 18.616
45.68000 23.800
45.70000 27.429
45.72000 25.557
45.74000 20.216
45.76000 24.472
45.78000 27.225
45.80000 28.754
45.82000 26.992
45.84000 20.419
45.86000 28.750
45.88000 27.106
45.90000 33.067
45.92000 39.134
45.94000 36.394
45.96000 40.496
45.98000 37.557
46.00000 36.354
46.02000 38.325
46.04000 41.197
46.06000 41.229
46.08000 43.897
46.10000 38.149
46.12000 36.707
46.14000 39.964
46.16000 39.128
46.18000 47.270
46.20000 46.134
46.22000 50.058
46.24000 54.566
46.26000 51.820
46.28000 54.603
46.30000 58.971
46.32000 60.827
46.34000 58.261
46.36000 61.339
46.38000 61.878
46.40000 64.120
46.42000 62.694
46.44000 66.736
46.46000 57.817
46.48000 64.660
46.50000 68.523
46.52000 68.849
46.54000 67.076
46.56000 66.140
46.58000 69.320
46.60000 74.456
46.62000 78.396
46.64000 77.792
46.66000 72.888
46.68000 77.649
46.70000 82.865
46.72000 74.034
46.74000 72.905
46.76000 75.705
46.78000 82.427
46.80000 82.535
46.82000 75.106
46.84000 77.421
46.86000 84.239
46.88000 85.765
46.90000 81.542
46.92000 89.009
46.94000 93.984
46.96000 88.463
46.98000 85.463
47.00000 85.092
47.02000 88.406
47.04000 90.320
47.06000 82.796
47.08000 75.781
47.10000 82.082
47.12000 82.915
47.14000 75.955
47.16000 79.483
47.18000 78.477
47.20000 67.184
47.22000 70.217
47.24000 71.268
47.26000 69.903
47.28000 70.622
47.30000 62.936
47.32000 61.875
47.34000 64.762
47.36000 69.234
47.38000 68.804
47.40000 72.829
47.42000 61.265
47.44000 63.175
47.46000 62.113
47.48000 57.148
47.50000 48.231
47.52000 52.669
47.54000 53.962
47.56000 53.407
47.58000 54.800
47.60000 50.963
47.62000 55.353
47.64000 41.617
47.66000 36.690
47.68000 42.339
47.70000 38.184
47.72000 35.665
47.74000 34.820
47.76000 33.563
47.78000 33.777
47.80000 36.570
47.82000 30.595
47.84000 30.256
47.86000 32.195
47.88000 31.167
47.90000 27.708
47.92000 23.057
47.94000 21.956
47.96000 29.759
47.98000 28.515
48.00000 22.815
48.02000 23.786
48.04000 16.458
48.06000 18.875
48.08000 19.334
48.10000 13.854
48.12000 13.670
48.14000 18.747
48.16000 20.056
48.18000 15.808
48.20000 13.212
48.22000 11.815
48.24000 10.342
48.26000 7.707
48.28000 13.189
48.30000 11.333
48.32000 8.482
48.34000 6.384
48.36000 4.707
48.38000 3.610
48.40000 10.336
48.42000 12.859
48.44000 6.095
48.46000 5.574
48.48000 5.611
48.50000 9.529
48.52000 5.772
48.54000 4.826
48.56000 7.249
48.58000 5.149
48.60000 2.667
48.62000 5.758
48.64000 8.680
48.66000 1.627
48.68000 3.412
48.70000 2.554
48.72000 -2.129
48.74000 -2.353
48.76000 1.142
48.78000 7.421
48.80000 6.140
48.82000 1.996
48.84000 4.017
48.86000 8.275
48.88000 7.498
48.90000 9.812
48.92000 2.098
48.94000 5.861
48.96000 7.569
48.98000 8.683
49.00000 5.534
49.02000 -3.123
49.04000 1.704
49.06000 6.645
49.08000 4.760
49.10000 7.258
49.12000 5.966
49.14000 5.515
49.16000 5.820
49.18000 5.442
49.20000 0.082
49.22000 -1.925
49.24000 3.373
49.26000 -0.031
49.28000 3.938
49.30000 8.372
49.32000 7.053
49.34000 1.153
49.36000 -1.383
49.38000 2.738
49.40000 4.177
49.42000 2.612
49.44000 3.580
49.46000 5.519
49.48000 5.453
49.50000 8.903
49.52000 5.544
49.54000 2.209
49.56000 2.873
49.58000 1.465
49.60000 6.449
49.62000 7.012
49.64000 4.047
49.66000 2.594
49.68000 -2.311
49.70000 -0.955
49.72000 0.415
49.74000 -0.890
49.76000 0.964
49.78000 2.078
49.80000 2.806
49.82000 4.078
49.84000 10.170
49.86000 6.765
49.88000 5.607
49.90000 2.035
49.92000 -1.599
49.94000 -3.050
49.96000 -0.136
49.98000 -0.486
50.00000 3.297
50.02000 4.507
50.04000 8.461
50.06000 6.555
50.08000 3.003
50.10000 -2.726
50.12000 -2.227
50.14000 -1.698
50.16000 3.529
50.18000 6.013
50.20000 2.607
50.22000 0.871
50.24000 5.578
50.26000 3.210
50.28000 0.656
50.30000 -3.024
50.32000 3.858
50.34000 4.814
50.36000 6.907
50.38000 3.737
50.40000 1.342
50.42000 3.152
50.44000 1.304
50.46000 0.448
50.48000 -1.984
50.50000 1.885
50.52000 -0.840
50.54000 -3.008
50.56000 0.423
50.58000 1.591
50.60000 3.237
50.62000 1.456
50.64000 1.797
50.66000 3.435
50.68000 2.511
50.70000 0.307
50.72000 -0.152
50.74000 -0.369
50.76000 -1.938
50.78000 3.372
50.80000 3.331
50.82000 1.110
50.84000 0.343
50.86000 -0.286
50.88000 2.406
50.90000 1.531
50.92000 -2.993
50.94000 0.105
50.96000 3.488
50.98000 3.471
51.00000 3.472
51.02000 1.720
51.04000 3.768
51.06000 1.920
51.08000 6.976
51.10000 3.103
51.12000 -1.862
51.14000 -2.203
51.16000 0.356
51.18000 1.239
51.20000 2.406
51.22000 -2.981
51.24000 0.901
51.26000 2.964
51.28000 4.004
51.30000 9.968
51.32000 4.606
51.34000 3.319
51.36000 5.198
51.38000 7.013
51.40000 2.745
51.42000 1.096
51.44000 2.875
51.46000 1.244
51.48000 0.126
51.50000 0.100
51.52000 0.998
51.54000 2.397
51.56000 -0.576
51.58000 0.038
51.60000 4.508
51.62000 5.424
51.64000 0.596
51.66000 -2.964
51.68000 6.967
51.70000 7.513
51.72000 4.851
51.74000 3.260
51.76000 3.141
51.78000 1.550
51.80000 2.310
51.82000 -0.785
51.84000 4.750
51.86000 1.724
51.88000 -1.210
51.90000 0.120
51.92000 0.785
51.94000 2.645
51.96000 1.111
51.98000 6.801
52.00000 7.377
52.02000 1.268
52.04000 2.104
52.06000 3.755
52.08000 -0.644
52.10000 0.159
52.12000 -1.194
52.14000 1.265
52.16000 -0.317
52.18000 5.422
52.20000 1.421
52.22000 -2.899
52.24000 -2.954
52.26000 0.364
52.28000 4.208
52.30000 1.750
52.32000 1.102
52.34000 1.471
52.36000 0.316
52.38000 1.707
52.40000 2.417
52.42000 1.639
52.44000 -1.894
52.46000 1.382
52.48000 0.712
52.50000 -0.682
52.52000 2.497
52.54000 1.395
52.56000 1.594
52.58000 1.370
52.60000 -0.958
52.62000 -1.614
52.64000 2.129
52.66000 4.014
52.68000 1.026
52.70000 6.000
52.72000 2.514
52.74000 -2.337
52.76000 -0.454
52.78000 6.490
52.80000 4.556
52.82000 1.751
52.84000 1.965
52.86000 7.817
52.88000 3.142
52.90000 -0.942
52.92000 3.030
52.94000 5.944
52.96000 1.599
52.98000 -1.202
53.00000 -0.940
53.02000 -2.159
53.04000 0.504
53.06000 3.979
53.08000 0.784
53.10000 2.328
53.12000 -2.912
53.14000 -2.629
53.16000 0.797
53.18000 1.434
53.20000 -1.206
53.22000 -0.624
53.24000 -0.904
53.26000 -1.086
53.28000 0.866
53.30000 0.118
53.32000 4.503
53.34000 2.364
53.36000 -2.908
53.38000 1.405
53.40000 2.041
53.42000 0.667
53.44000 -1.319
53.46000 -2.164
53.48000 2.085
53.50000 6.723
53.52000 8.456
53.54000 7.925
53.56000 3.466
53.58000 -1.183
53.60000 2.499
53.62000 1.833
53.64000 3.401
53.66000 3.380
53.68000 3.953
53.70000 3.129
53.72000 -1.724
53.74000 4.531
53.76000 2.841
53.78000 4.299
53.80000 0.980
53.82000 -1.132
53.84000 2.787
53.86000 1.061
53.88000 0.089
53.90000 2.589
53.92000 3.484
53.94000 5.678
53.96000 2.763
53.98000 -0.653
54.00000 -1.241
54.02000 2.404
54.04000 -0.110
54.06000 0.398
54.08000 0.318
54.10000 -0.582
54.12000 4.288
54.14000 5.440
54.16000 4.072
54.18000 6.157
54.20000 2.111
54.22000 2.566
54.24000 1.052
54.26000 1.204
54.28000 -2.594
54.30000 -2.868
54.32000 -1.964
54.34000 5.347
54.36000 9.916
54.38000 3.548
54.40000 -2.862
54.42000 2.071
54.44000 1.786
54.46000 -0.629
54.48000 1.902
54.50000 0.630
54.52000 4.516
54.54000 5.692
54.56000 -1.249
54.58000 2.335
54.60000 0.083
54.62000 3.403
54.64000 3.555
54.66000 0.176
54.68000 -0.388
54.70000 1.135
54.72000 4.766
54.74000 6.565
54.76000 2.665
54.78000 -0.527
54.80000 1.923
54.82000 -2.855
54.84000 3.004
54.86000 4.824
54.88000 4.099
54.90000 6.155
54.92000 3.085
54.94000 2.043
54.96000 2.655
54.98000 5.383
55.00000 4.544
55.02000 0.857
55.04000 -0.500
55.06000 0.782
55.08000 2.373
55.10000 1.668
55.12000 -0.922
55.14000 0.127
55.16000 -2.111
55.18000 -1.537
55.20000 -1.245
55.22000 -0.055
55.24000 6.690
55.26000 6.248
55.28000 -0.928
55.30000 1.738
55.32000 6.375
55.34000 4.831
55.36000 2.019
55.38000 4.938
55.40000 2.007
55.42000 1.386
55.44000 2.956
55.46000 5.272
55.48000 5.641
55.50000 3.567
55.52000 4.238
55.54000 3.683
55.56000 2.055
55.58000 4.538
55.60000 3.147
55.62000 1.984
55.64000 1.610
55.66000 4.832
55.68000 2.416
55.70000 6.735
55.72000 5.737
55.74000 5.080
55.76000 4.688
55.78000 5.318
55.80000 7.007
55.82000 4.617
55.84000 11.478
55.86000 6.521
55.88000 3.106
55.90000 0.964
55.92000 3.689
55.94000 4.834
55.96000 0.596
55.98000 3.443
56.00000 4.048
56.02000 4.642
56.04000 5.040
56.06000 2.481
56.08000 1.217
56.10000 -1.981
56.12000 -2.785
56.14000 1.095
56.16000 4.178
56.18000 4.863
56.20000 1.416
56.22000 3.555
56.24000 5.811
56.26000 1.160
56.28000 2.157
56.30000 1.171
56.32000 3.704
56.34000 2.545
56.36000 6.039
56.38000 6.908
56.40000 7.434
56.42000 2.454
56.44000 5.532
56.46000 1.623
56.48000 4.127
56.50000 2.229
56.52000 2.685
56.54000 3.950
56.56000 4.508
56.58000 1.973
56.60000 2.018
56.62000 -0.940
56.64000 2.876
56.66000 1.229
56.68000 0.779
56.70000 2.598
56.72000 2.161
56.74000 3.536
56.76000 3.019
56.78000 3.700
56.80000 0.280
56.82000 0.333
56.84000 2.034
56.86000 4.544
56.88000 7.879
56.90000 3.553
56.92000 4.217
56.94000 4.939
56.96000 3.257
56.98000 2.207
57.00000 1.745
57.02000 6.719
57.04000 8.057
57.06000 -2.028
57.08000 -2.744
57.10000 0.050
57.12000 2.138
57.14000 -0.156
57.16000 -0.006
57.18000 -0.194
57.20000 1.354
57.22000 4.721
57.24000 2.054
57.26000 7.181
57.28000 6.582
57.30000 3.434
57.32000 1.746
57.34000 4.879
57.36000 5.300
57.38000 0.697
57.40000 3.238
57.42000 2.152
57.44000 4.052
57.46000 4.359
57.48000 0.703
57.50000 3.372
57.52000 1.003
57.54000 -0.776
57.56000 6.833
57.58000 9.226
57.60000 6.889
57.62000 5.482
57.64000 4.684
57.66000 6.800
57.68000 7.095
57.70000 0.456
57.72000 0.388
57.74000 3.995
57.76000 3.335
57.78000 1.343
57.80000 3.542
57.82000 2.771
57.84000 5.342
57.86000 4.851
57.88000 2.612
57.90000 1.366
57.92000 1.677
57.94000 2.681
57.96000 1.547
57.98000 3.490
58.00000 3.796
58.02000 -0.081
58.04000 0.547
58.06000 -1.477
58.08000 -0.996
58.10000 4.232
58.12000 -1.286
58.14000 -1.259
58.16000 -1.808
58.18000 -0.966
58.20000 -2.748
58.22000 3.856
58.24000 4.854
58.26000 6.835
58.28000 3.363
58.30000 4.297
58.32000 3.167
58.34000 1.013
58.36000 1.784
58.38000 -0.648
58.40000 2.113
58.42000 2.770
58.44000 1.532
58.46000 2.869
58.48000 1.892
58.50000 -2.234
58.52000 -0.576
58.54000 0.266
58.56000 -0.569
58.58000 4.801
58.60000 7.878
58.62000 3.230
58.64000 -0.741
58.66000 3.811
58.68000 4.684
58.70000 1.006
58.72000 0.020
58.74000 -0.088
58.76000 3.051
58.78000 -1.284
58.80000 5.564
58.82000 2.908
58.84000 1.643
58.86000 0.881
58.88000 0.698
58.90000 0.822
58.92000 5.225
58.94000 3.618
58.96000 -0.847
58.98000 1.590
59.00000 2.321
59.02000 1.513
59.04000 0.811
59.06000 1.325
59.08000 3.025
59.10000 8.820
59.12000 8.541
59.14000 2.421
59.16000 1.700
59.18000 3.739
59.20000 1.680
59.22000 5.946
59.24000 6.031
59.26000 1.329
59.28000 3.252
59.30000 -2.687
59.32000 2.949
59.34000 7.993
59.36000 7.577
59.38000 2.728
59.40000 4.049
59.42000 4.814
59.44000 5.080
59.46000 2.904
59.48000 1.185
59.50000 1.928
59.52000 4.895
59.54000 3.547
59.56000 3.148
59.58000 3.455
59.60000 3.002
59.62000 6.967
59.64000 2.738
59.66000 1.058
59.68000 4.162
59.70000 4.323
59.72000 2.113
59.74000 3.971
59.76000 4.080
59.78000 7.486
59.80000 6.477
59.82000 0.216
59.84000 3.277
59.86000 6.771
59.88000 7.213
59.90000 4.130
59.92000 2.724
59.94000 3.319
59.96000 0.703
59.98000 -1.207
60.00000 1.424
60.02000 1.523
60.04000 5.779
60.06000 3.371
60.08000 1.957
60.10000 2.216
60.12000 2.217
60.14000 3.141
60.16000 2.258
60.18000 0.964
60.20000 0.205
60.22000 -2.670
60.24000 -1.329
60.26000 2.020
60.28000 1.124
60.30000 -0.454
60.32000 2.763
60.34000 1.826
60.36000 -1.315
60.38000 0.296
60.40000 1.467
60.42000 0.567
60.44000 -0.047
60.46000 1.128
60.48000 2.502
60.50000 2.616
60.52000 5.626
60.54000 4.254
60.56000 1.082
60.58000 3.234
60.60000 7.632
60.62000 7.996
60.64000 -2.645
60.66000 -1.635
60.68000 3.315
60.70000 6.372
60.72000 2.781
60.74000 2.571
60.76000 8.212
60.78000 5.151
60.80000 7.992
60.82000 7.016
60.84000 5.565
60.86000 -1.131
60.88000 -2.572
60.90000 -0.151
60.92000 1.633
60.94000 -0.801
60.96000 1.705
60.98000 -1.551
61.00000 -0.524
61.02000 5.374
61.04000 5.279
61.06000 -2.626
61.08000 0.042
61.10000 2.055
61.12000 3.745
61.14000 5.840
61.16000 -0.739
61.18000 3.850
61.20000 7.296
61.22000 5.744
61.24000 4.725
61.26000 7.657
61.28000 2.910
61.30000 1.486
61.32000 0.395
61.34000 1.152
61.36000 4.283
61.38000 3.073
61.40000 6.273
61.42000 8.030
61.44000 8.428
61.46000 5.041
61.48000 1.274
61.50000 4.855
61.52000 4.757
61.54000 4.718
61.56000 6.929
61.58000 6.271
61.60000 -2.602
61.62000 0.571
61.64000 2.130
61.66000 -0.050
61.68000 6.338
61.70000 5.897
61.72000 2.774
61.74000 -0.558
61.76000 3.777
61.78000 4.799
61.80000 -1.088
61.82000 3.581
61.84000 7.826
61.86000 5.307
61.88000 2.296
61.90000 2.893
61.92000 9.521
61.94000 8.552
61.96000 7.951
61.98000 3.083
62.00000 1.251
62.02000 7.624
62.04000 6.439
62.06000 2.056
62.08000 7.557
62.10000 1.416
62.12000 1.399
62.14000 0.054
62.16000 0.441
62.18000 2.375
62.20000 4.553
62.22000 5.286
62.24000 5.536
62.26000 3.814
62.28000 0.525
62.30000 2.836
62.32000 1.405
62.34000 1.687
62.36000 -0.229
62.38000 1.163
62.40000 0.346
62.42000 3.514
62.44000 4.795
62.46000 4.323
62.48000 -1.177
62.50000 0.099
62.52000 2.536
62.54000 4.368
62.56000 3.242
62.58000 1.370
62.60000 -2.376
62.62000 2.633
62.64000 3.254
62.66000 3.358
62.68000 2.092
62.70000 3.171
62.72000 2.536
62.74000 3.212
62.76000 4.226
62.78000 5.778
62.80000 3.685
62.82000 2.786
62.84000 2.049
62.86000 2.947
62.88000 1.943
62.90000 5.390
62.92000 4.794
62.94000 2.811
62.96000 3.577
62.98000 2.415
63.00000 4.502
63.02000 2.726
63.04000 -2.583
63.06000 2.718
63.08000 3.980
63.10000 6.428
63.12000 4.152
63.14000 3.759
63.16000 -2.583
63.18000 0.099
63.20000 2.932
63.22000 3.188
63.24000 3.924
63.26000 4.324
63.28000 5.332
63.30000 5.641
63.32000 2.910
63.34000 4.692
63.36000 3.121
63.38000 7.609
63.40000 6.625
63.42000 5.061
63.44000 3.116
63.46000 1.984
63.48000 5.378
63.50000 8.629
63.52000 8.302
63.54000 5.950
63.56000 4.775
63.58000 6.153
63.60000 8.094
63.62000 3.582
63.64000 6.071
63.66000 4.692
63.68000 2.546
63.70000 4.877
63.72000 3.279
63.74000 1.852
63.76000 1.992
63.78000 -2.348
63.80000 -2.598
63.82000 -2.612
63.84000 0.884
63.86000 -1.038
63.88000 -0.163
63.90000 -1.409
63.92000 2.816
63.94000 3.335
63.96000 -0.189
63.98000 1.132
64.00000 2.181
64.02000 1.618
64.04000 1.823
64.06000 1.084
64.08000 4.625
64.10000 7.582
64.12000 5.090
64.14000 4.886
64.16000 3.905
64.18000 0.271
64.20000 -0.998
64.22000 -1.006
64.24000 -1.081
64.26000 4.782
64.28000 1.718
64.30000 0.724
64.32000 -0.016
64.34000 2.297
64.36000 -0.992
64.38000 -1.237
64.40000 2.391
64.42000 1.949
64.44000 3.087
64.46000 3.553
64.48000 0.606
64.50000 0.903
64.52000 2.706
64.54000 -0.808
64.56000 0.009
64.58000 2.551
64.60000 2.256
64.62000 -0.256
64.64000 1.324
64.66000 2.294
64.68000 0.356
64.70000 0.248
64.72000 1.331
64.74000 4.276
64.76000 1.077
64.78000 0.859
64.80000 0.928
64.82000 4.266
64.84000 5.267
64.86000 -0.794
64.88000 0.445
64.90000 -1.739
64.92000 2.718
64.94000 1.532
64.96000 -0.797
64.98000 0.672
65.00000 0.823
65.02000 1.630
65.04000 -2.647
65.06000 -0.614
65.08000 -1.006
65.10000 1.595
65.12000 5.851
65.14000 5.806
65.16000 0.383
65.18000 1.741
65.20000 1.276
65.22000 1.869
65.24000 3.378
65.26000 5.257
65.28000 -0.462
65.30000 1.506
65.32000 -0.176
65.34000 1.633
65.36000 0.531
65.38000 -0.086
65.40000 1.941
65.42000 1.117
65.44000 -1.650
65.46000 3.522
65.48000 3.544
65.50000 1.361
65.52000 0.991
65.54000 -0.068
65.56000 1.683
65.58000 4.451
65.60000 0.290
65.62000 -1.006
65.64000 -1.114
65.66000 0.709
65.68000 0.799
65.70000 1.474
65.72000 -0.834
65.74000 -2.632
65.76000 4.043
65.78000 6.926
65.80000 6.402
65.82000 5.761
65.84000 0.979
65.86000 0.884
65.88000 2.706
65.90000 1.985
65.92000 3.669
65.94000 1.986
65.96000 3.419
65.98000 6.887
66.00000 2.986
66.02000 5.668
66.04000 4.580
66.06000 3.081
66.08000 4.338
66.10000 3.862
66.12000 4.960
66.14000 5.498
66.16000 5.170
66.18000 2.675
66.20000 1.555
66.22000 1.050
66.24000 3.456
66.26000 2.315
66.28000 -0.267
66.30000 2.466
66.32000 3.486
66.34000 0.192
66.36000 -2.666
66.38000 -1.796
66.40000 0.396
66.42000 1.838
66.44000 4.381
66.46000 1.688
66.48000 4.461
66.50000 6.459
66.52000 3.879
66.54000 3.683
66.56000 0.114
66.58000 -0.931
66.60000 1.286
66.62000 1.835
66.64000 5.060
66.66000 9.216
66.68000 2.892
66.70000 0.017
66.72000 0.972
66.74000 3.667
66.76000 2.440
66.78000 1.930
66.80000 1.908
66.82000 2.737
66.84000 3.653
66.86000 1.089
66.88000 1.315
66.90000 2.164
66.92000 0.877
66.94000 -0.189
66.96000 5.779
66.98000 9.510
67.00000 6.192
67.02000 3.287
67.04000 6.336
67.06000 3.700
67.08000 4.418
67.10000 2.370
67.12000 2.063
67.14000 7.324
67.16000 5.273
67.18000 4.863
67.20000 2.992
67.22000 5.289
67.24000 4.637
67.26000 7.692
67.28000 10.784
67.30000 3.058
67.32000 -0.344
67.34000 6.046
67.36000 6.147
67.38000 3.668
67.40000 3.858
67.42000 7.344
67.44000 11.790
67.46000 10.274
67.48000 10.697
67.50000 6.946
67.52000 5.707
67.54000 6.397
67.56000 8.296
67.58000 7.239
67.60000 4.913
67.62000 3.362
67.64000 3.739
67.66000 9.605
67.68000 10.959
67.70000 10.332
67.72000 12.879
67.74000 14.917
67.76000 14.163
67.78000 15.730
67.80000 18.095
67.82000 14.589
67.84000 11.678
67.86000 12.198
67.88000 14.440
67.90000 14.801
67.92000 15.354
67.94000 12.409
67.96000 13.784
67.98000 15.883
68.00000 14.815
68.02000 14.462
68.04000 13.466
68.06000 19.482
68.08000 21.460
68.10000 23.200
68.12000 21.337
68.14000 20.869
68.16000 20.144
68.18000 18.868
68.20000 19.011
68.22000 18.546
68.24000 20.542
68.26000 21.683
68.28000 21.444
68.30000 18.053
68.32000 21.341
68.34000 25.836
68.36000 22.512
68.38000 22.142
68.40000 25.949
68.42000 28.572
68.44000 28.825
68.46000 23.540
68.48000 19.388
68.50000 23.167
68.52000 28.368
68.54000 24.526
68.56000 23.519
68.58000 25.118
68.60000 26.750
68.62000 29.919
68.64000 26.297
68.66000 26.130
68.68000 25.281
68.70000 23.258
68.72000 25.174
68.74000 23.658
68.76000 18.549
68.78000 19.288
68.80000 22.977
68.82000 23.905
68.84000 22.295
68.86000 25.708
68.88000 24.653
68.90000 22.782
68.92000 18.756
68.94000 15.553
68.96000 19.985
68.98000 21.133
69.00000 21.192
69.02000 16.580
69.04000 19.641
69.06000 18.130
69.08000 16.423
69.10000 14.255
69.12000 14.965
69.14000 11.832
69.16000 12.466
69.18000 13.046
69.20000 9.065
69.22000 9.058
69.24000 12.490
69.26000 15.300
69.28000 13.659
69.30000 12.964
69.32000 13.271
69.34000 14.301
69.36000 14.960
69.38000 9.068
69.40000 7.811
69.42000 7.973
69.44000 5.593
69.46000 4.147
69.48000 9.261
69.50000 8.406
69.52000 8.808
69.54000 8.803
69.56000 4.643
69.58000 3.854
69.60000 3.335
69.62000 6.031
69.64000 6.518
69.66000 7.145
69.68000 5.371
69.70000 1.242
69.72000 6.928
69.74000 9.247
69.76000 5.490
69.78000 3.674
69.80000 3.206
69.82000 1.918
69.84000 -0.548
69.86000 -1.985
69.88000 2.381
69.90000 3.050
69.92000 -2.648
69.94000 2.114
69.96000 4.391
69.98000 6.561
70.00000 5.960
70.02000 5.431
70.04000 2.436
70.06000 2.233
70.08000 1.064
70.10000 -0.488
70.12000 -0.702
70.14000 -0.350
70.16000 -1.047
70.18000 1.131
70.20000 0.660
70.22000 -2.295
70.24000 2.583
70.26000 1.902
70.28000 4.526
70.30000 2.892
70.32000 3.787
70.34000 1.081
70.36000 2.050
70.38000 0.575
70.40000 3.987
70.42000 1.143
70.44000 -2.025
70.46000 -1.989
70.48000 8.134
70.50000 4.868
70.52000 0.539
70.54000 1.904
70.56000 -1.401
70.58000 -2.584
70.60000 1.708
70.62000 5.685
70.64000 2.744
70.66000 0.420
70.68000 1.028
70.70000 -1.610
70.72000 4.770
70.74000 0.258
70.76000 -2.360
70.78000 2.795
70.80000 6.330
70.82000 4.253
70.84000 3.292
70.86000 0.088
70.88000 -2.438
70.90000 0.804
70.92000 4.590
70.94000 7.095
70.96000 3.102
70.98000 0.927
71.00000 -2.541
71.02000 0.742
71.04000 5.392
71.06000 5.959
71.08000 2.170
71.10000 4.050
71.12000 7.106
71.14000 6.851
71.16000 8.047
71.18000 -1.159
71.20000 -0.248
71.22000 2.224
71.24000 5.354
71.26000 -2.510
71.28000 2.287
71.30000 0.755
71.32000 5.503
71.34000 6.940
71.36000 1.507
71.38000 3.021
71.40000 3.293
71.42000 0.146
71.44000 -1.161
71.46000 4.474
71.48000 5.548
71.50000 0.764
71.52000 1.646
71.54000 1.592
71.56000 0.825
71.58000 -1.654
71.60000 0.828
71.62000 4.241
71.64000 3.124
71.66000 4.071
71.68000 7.603
71.70000 5.395
71.72000 4.243
71.74000 3.823
71.76000 0.055
71.78000 -1.907
71.80000 -1.265
71.82000 0.207
71.84000 1.098
71.86000 2.283
71.88000 1.351
71.90000 0.607
71.92000 4.262
71.94000 0.969
71.96000 2.506
71.98000 5.502
72.00000 2.120
72.02000 0.767
72.04000 2.387
72.06000 -1.579
72.08000 -0.696
72.10000 3.096
72.12000 3.725
72.14000 6.030
72.16000 4.203
72.18000 -1.976
72.20000 2.250
72.22000 2.946
72.24000 4.005
72.26000 0.308
72.28000 -0.981
72.30000 2.818
72.32000 3.006
72.34000 -1.388
72.36000 -1.791
72.38000 3.168
72.40000 3.123
72.42000 2.871
72.44000 4.810
72.46000 4.736
72.48000 4.003
72.50000 5.090
72.52000 6.118
72.54000 6.191
72.56000 7.709
72.58000 4.506
72.60000 1.102
72.62000 3.651
72.64000 5.105
72.66000 4.880
72.68000 2.005
72.70000 3.170
72.72000 -0.095
72.74000 1.637
72.76000 4.006
72.78000 5.855
72.80000 7.795
72.82000 3.414
72.84000 0.792
72.86000 2.236
72.88000 1.070
72.90000 4.867
72.92000 5.369
72.94000 4.937
72.96000 4.656
72.98000 6.507
73.00000 9.208
73.02000 2.074
73.04000 -2.378
73.06000 -0.869
73.08000 6.497
73.10000 6.561
73.12000 5.214
73.14000 2.567
73.16000 7.935
73.18000 6.291
73.20000 3.894
73.22000 4.024
73.24000 3.414
73.26000 7.571
73.28000 7.869
73.30000 8.079
73.32000 5.062
73.34000 3.703
73.36000 4.260
73.38000 2.543
73.40000 5.073
73.42000 1.372
73.44000 2.850
73.46000 1.882
73.48000 4.757
73.50000 3.692
73.52000 1.549
73.54000 0.849
73.56000 4.331
73.58000 5.499
73.60000 5.428
73.62000 2.060
73.64000 1.576
73.66000 4.004
73.68000 6.182
73.70000 8.390
73.72000 5.811
73.74000 6.772
73.76000 3.553
73.78000 3.214
73.80000 5.005
73.82000 4.120
73.84000 3.741
73.86000 3.187
73.88000 2.051
73.90000 2.150
73.92000 2.244
73.94000 3.717
73.96000 3.677
73.98000 2.655
74.00000 6.215
74.02000 4.110
74.04000 -0.441
74.06000 -0.439
74.08000 5.041
74.10000 1.578
74.12000 0.277
74.14000 1.539
74.16000 2.760
74.18000 -1.067
74.20000 2.886
74.22000 4.662
74.24000 7.220
74.26000 4.479
74.28000 4.474
74.30000 4.102
74.32000 4.758
74.34000 4.971
74.36000 1.701
74.38000 0.218
74.40000 2.319
74.42000 2.992
74.44000 0.277
74.46000 -0.043
74.48000 3.812
74.50000 6.059
74.52000 9.257
74.54000 4.996
74.56000 3.444
74.58000 3.508
74.60000 2.704
74.62000 0.842
74.64000 0.441
74.66000 -0.341
74.68000 0.360
74.70000 0.066
74.72000 3.732
74.74000 7.972
74.76000 7.427
74.78000 2.956
74.80000 0.290
74.82000 2.562
74.84000 8.375
74.86000 3.064
74.88000 1.956
74.90000 2.562
74.92000 1.325
74.94000 3.660
74.96000 3.572
74.98000 0.843
75.00000 1.967
75.02000 2.726
75.04000 2.150
75.06000 2.202
75.08000 -2.385
75.10000 2.314
75.12000 5.460
75.14000 0.956
75.16000 -1.361
75.18000 4.435
75.20000 2.724
75.22000 1.842
75.24000 8.645
75.26000 5.115
75.28000 2.093
75.30000 3.607
75.32000 2.131
75.34000 5.560
75.36000 9.078
75.38000 5.150
75.40000 3.525
75.42000 5.038
75.44000 5.279
75.46000 3.671
75.48000 2.040
75.50000 1.779
75.52000 7.180
75.54000 4.388
75.56000 7.181
75.58000 3.697
75.60000 6.906
75.62000 9.016
75.64000 4.436
75.66000 2.634
75.68000 -0.337
75.70000 0.089
75.72000 3.156
75.74000 0.863
75.76000 4.621
75.78000 6.646
75.80000 2.039
75.82000 0.987
75.84000 1.715
75.86000 -2.429
75.88000 0.392
75.90000 6.225
75.92000 5.964
75.94000 9.496
75.96000 6.181
75.98000 1.681
76.00000 0.803
76.02000 2.186
76.04000 1.092
76.06000 2.014
76.08000 1.138
76.10000 4.127
76.12000 1.707
76.14000 1.955
76.16000 1.690
76.18000 2.809
76.20000 2.996
76.22000 -0.999
76.24000 -0.704
76.26000 0.228
76.28000 2.426
76.30000 0.264
76.32000 2.269
76.34000 1.085
76.36000 1.651
76.38000 4.373
76.40000 4.016
76.42000 2.195
76.44000 3.963
76.46000 1.718
76.48000 2.016
76.50000 1.000
76.52000 3.760
76.54000 3.751
76.56000 1.617
76.58000 1.576
76.60000 0.158
76.62000 4.379
76.64000 1.644
76.66000 4.043
76.68000 1.807
76.70000 -0.632
76.72000 -1.907
76.74000 0.006
76.76000 2.280
76.78000 3.901
76.80000 4.370
76.82000 -0.267
76.84000 0.821
76.86000 3.054
76.88000 5.046
76.90000 1.638
76.92000 0.012
76.94000 -1.031
76.96000 1.270
76.98000 -1.709
77.00000 0.325
77.02000 2.336
77.04000 -0.398
77.06000 1.077
77.08000 6.377
77.10000 4.074
77.12000 3.992
77.14000 2.066
77.16000 4.023
77.18000 1.565
77.20000 2.428
77.22000 1.497
77.24000 0.120
77.26000 -0.073
77.28000 0.589
77.30000 0.745
77.32000 6.591
77.34000 2.463
77.36000 2.453
77.38000 2.194
77.40000 6.766
77.42000 7.331
77.44000 4.379
77.46000 4.281
77.48000 10.711
77.50000 7.695
77.52000 2.419
77.54000 -0.151
77.56000 0.734
77.58000 0.461
77.60000 1.900
77.62000 0.230
77.64000 2.647
77.66000 3.702
77.68000 6.347
77.70000 7.787
77.72000 9.063
77.74000 5.366
77.76000 4.295
77.78000 4.499
77.80000 7.239
77.82000 6.638
77.84000 3.446
77.86000 3.342
77.88000 9.966
77.90000 8.279
77.92000 10.511
77.94000 9.944
77.96000 6.074
77.98000 2.138
78.00000 -2.410
78.02000 0.208
78.04000 3.908
78.06000 5.334
78.08000 4.550
78.10000 3.605
78.12000 6.145
78.14000 6.493
78.16000 10.223
78.18000 5.044
78.20000 5.762
78.22000 4.493
78.24000 13.043
78.26000 6.142
78.28000 -0.306
78.30000 2.459
78.32000 1.629
78.34000 -1.740
78.36000 1.547
78.38000 7.845
78.40000 4.352
78.42000 1.543
78.44000 1.340
78.46000 6.790
78.48000 6.736
78.50000 3.685
78.52000 2.646
78.54000 6.500
78.56000 10.412
78.58000 11.185
78.60000 8.389
78.62000 6.359
78.64000 3.775
78.66000 -0.480
78.68000 -0.147
78.70000 1.575
78.72000 0.694
78.74000 0.447
78.76000 3.699
78.78000 5.278
78.80000 1.314
78.82000 1.743
78.84000 3.128
78.86000 5.580
78.88000 4.265
78.90000 2.104
78.92000 -0.175
78.94000 -0.924
78.96000 3.046
78.98000 2.555
79.00000 4.146
79.02000 4.727
79.04000 4.382
79.06000 1.289
79.08000 0.053
79.10000 -0.178
79.12000 2.803
79.14000 1.899
79.16000 -2.515
79.18000 -0.822
79.20000 -0.873
79.22000 0.303
79.24000 2.324
79.26000 1.499
79.28000 3.170
79.30000 3.480
79.32000 -0.295
79.34000 -1.708
79.36000 3.399
79.38000 7.547
79.40000 11.117
79.42000 2.464
79.44000 0.727
79.46000 5.512
79.48000 4.754
79.50000 2.781
79.52000 -2.540
79.54000 1.773
79.56000 3.699
79.58000 -2.262
79.60000 0.945
79.62000 3.957
79.64000 4.348
79.66000 5.055
79.68000 6.938
79.70000 3.215
79.72000 -0.914
79.74000 0.098
79.76000 1.519
79.78000 1.595
79.80000 4.362
79.82000 7.380
79.84000 8.561
79.86000 7.181
79.88000 4.826
79.90000 4.504
79.92000 2.872
79.94000 3.557
79.96000 4.705
79.98000 2.023
80.00000 1.057
80.02000 2.311
80.04000 2.439
80.06000 -0.884
80.08000 7.388
80.10000 3.311
80.12000 -0.679
80.14000 0.301
80.16000 0.374
80.18000 3.081
80.20000 -1.477
80.22000 -2.578
80.24000 -0.394
80.26000 1.548
80.28000 0.580
80.30000 0.262
80.32000 -2.282
80.34000 3.725
80.36000 8.376
80.38000 9.415
80.40000 6.055
80.42000 0.043
80.44000 0.687
80.46000 2.410
80.48000 1.475
80.50000 6.743
80.52000 0.734
80.54000 -1.511
80.56000 -0.209
80.58000 -1.661
80.60000 0.959
80.62000 5.060
80.64000 5.340
80.66000 2.610
80.68000 0.830
80.70000 -0.261
80.72000 0.001
80.74000 1.585
80.76000 -0.089
80.78000 -2.350
80.80000 0.447
80.82000 3.532
80.84000 3.722
80.86000 3.554
80.88000 3.919
80.90000 2.346
80.92000 1.811
80.94000 0.100
80.96000 4.691
80.98000 -2.322
81.00000 -1.726
81.02000 1.959
81.04000 -1.262
81.06000 -1.740
81.08000 0.040
81.10000 3.631
81.12000 4.072
81.14000 3.098
81.16000 6.845
81.18000 6.682
81.20000 8.116
81.22000 4.966
81.24000 4.192
81.26000 4.347
81.28000 9.885
81.30000 7.094
81.32000 2.313
81.34000 1.252
81.36000 5.652
81.38000 10.405
81.40000 7.062
81.42000 4.743
81.44000 8.803
81.46000 9.530
81.48000 10.118
81.50000 10.088
81.52000 6.321
81.54000 11.252
81.56000 9.566
81.58000 6.816
81.60000 5.353
81.62000 6.004
81.64000 9.806
81.66000 13.902
81.68000 15.645
81.70000 17.506
81.72000 13.305
81.74000 8.530
81.76000 14.811
81.78000 13.647
81.80000 12.754
81.82000 10.987
81.84000 11.579
81.86000 12.689
81.88000 16.124
81.90000 13.795
81.92000 15.287
81.94000 20.283
81.96000 12.692
81.98000 10.596
82.00000 10.435
82.02000 14.214
82.04000 18.794
82.06000 22.802
82.08000 18.290
82.10000 21.512
82.12000 16.290
82.14000 13.284
82.16000 15.961
82.18000 13.159
82.20000 20.737
82.22000 22.999
82.24000 17.341
82.26000 15.036
82.28000 23.287
82.30000 18.947
82.32000 24.687
82.34000 25.517
82.36000 22.426
82.38000 23.643
82.40000 25.014
82.42000 19.820
82.44000 20.807
82.46000 19.611
82.48000 19.342
82.50000 26.409
82.52000 22.933
82.54000 15.513
82.56000 18.368
82.58000 23.681
82.60000 22.486
82.62000 16.490
82.64000 23.060
82.66000 26.194
82.68000 25.423
82.70000 21.783
82.72000 17.173
82.74000 18.634
82.76000 26.430
82.78000 20.024
82.80000 21.469
82.82000 23.362
82.84000 20.251
82.86000 20.924
82.88000 18.945
82.90000 21.503
82.92000 15.180
82.94000 18.415
82.96000 25.939
82.98000 27.809
83.00000 25.682
83.02000 17.917
83.04000 21.851
83.06000 28.692
83.08000 26.329
83.10000 25.272
83.12000 24.785
83.14000 16.656
83.16000 15.231
83.18000 16.628
83.20000 20.769
83.22000 22.721
83.24000 17.510
83.26000 17.031
83.28000 16.884
83.30000 15.668
83.32000 19.666
83.34000 27.120
83.36000 20.474
83.38000 10.302
83.40000 14.028
83.42000 19.092
83.44000 15.579
83.46000 16.768
83.48000 11.525
83.50000 10.458
83.52000 8.773
83.54000 11.208
83.56000 11.427
83.58000 9.499
83.60000 15.510
83.62000 14.514
83.64000 10.535
83.66000 11.222
83.68000 14.858
83.70000 12.906
83.72000 9.706
83.74000 12.583
83.76000 10.744
83.78000 4.502
83.80000 5.519
83.82000 6.587
83.84000 9.084
83.86000 9.755
83.88000 10.346
83.90000 7.100
83.92000 4.818
83.94000 9.712
83.96000 7.710
83.98000 10.583
84.00000 8.639
84.02000 0.522
84.04000 2.214
84.06000 5.584
84.08000 10.302
84.10000 4.519
84.12000 4.681
84.14000 5.693
84.16000 4.184
84.18000 5.283
84.20000 1.632
84.22000 -2.058
84.24000 3.398
84.26000 4.483
84.28000 0.865
84.30000 3.593
84.32000 2.849
84.34000 -0.007
84.36000 1.191
84.38000 5.236
84.40000 5.032
84.42000 2.946
84.44000 -1.597
84.46000 -2.585
84.48000 3.298
84.50000 1.315
84.52000 3.805
84.54000 -1.927
84.56000 -0.465
84.58000 2.797
84.60000 1.889
84.62000 0.671
84.64000 0.207
84.66000 1.387
84.68000 6.463
84.70000 6.094
84.72000 3.301
84.74000 5.890
84.76000 5.181
84.78000 -1.131
84.80000 -2.437
84.82000 -1.133
84.84000 0.111
84.86000 3.822
84.88000 3.248
84.90000 1.877
84.92000 2.166
84.94000 -2.553
84.96000 -0.420
84.98000 0.403
85.00000 4.111
85.02000 2.446
85.04000 2.975
85.06000 1.606
85.08000 1.626
85.10000 3.611
85.12000 5.732
85.14000 5.215
85.16000 5.652
85.18000 1.157
85.20000 2.564
85.22000 0.796
85.24000 -0.574
85.26000 -0.315
85.28000 3.534
85.30000 2.215
85.32000 3.415
85.34000 3.416
85.36000 -2.533
85.38000 -0.657
85.40000 5.367
85.42000 2.790
85.44000 2.130
85.46000 1.871
85.48000 -0.579
85.50000 0.497
85.52000 4.540
85.54000 1.130
85.56000 -0.277
85.58000 2.984
85.60000 1.736
85.62000 0.197
85.64000 -1.034
85.66000 1.919
85.68000 1.687
85.70000 4.179
85.72000 5.014
85.74000 4.548
85.76000 0.688
85.78000 1.772
85.80000 -0.708
85.82000 -0.219
85.84000 5.321
85.86000 4.139
85.88000 -2.550
85.90000 -0.036
85.92000 0.578
85.94000 3.321
85.96000 2.716
85.98000 1.684
86.00000 -1.022
86.02000 1.909
86.04000 4.957
86.06000 3.391
86.08000 4.899
86.10000 6.424
86.12000 4.778
86.14000 3.415
86.16000 3.643
86.18000 6.750
86.20000 4.688
86.22000 4.009
86.24000 4.652
86.26000 6.264
86.28000 5.279
86.30000 5.446
86.32000 1.596
86.34000 6.446
86.36000 11.772
86.38000 13.339
86.40000 11.786
86.42000 8.412
86.44000 9.090
86.46000 14.970
86.48000 10.848
86.50000 9.289
86.52000 7.702
86.54000 8.349
86.56000 7.919
86.58000 12.758
86.60000 9.673
86.62000 9.114
86.64000 10.771
86.66000 9.033
86.68000 10.950
86.70000 16.135
86.72000 15.249
86.74000 13.416
86.76000 13.476
86.78000 16.452
86.80000 17.056
86.82000 22.507
86.84000 22.723
86.86000 21.268
86.88000 17.595
86.90000 18.331
86.92000 19.082
86.94000 18.006
86.96000 16.564
86.98000 20.309
87.00000 24.364
87.02000 25.382
87.04000 26.976
87.06000 23.012
87.08000 15.379
87.10000 19.590
87.12000 17.577
87.14000 22.016
87.16000 23.911
87.18000 19.351
87.20000 16.749
87.22000 16.001
87.24000 25.976
87.26000 18.501
87.28000 16.176
87.30000 14.423
87.32000 20.969
87.34000 18.802
87.36000 17.380
87.38000 22.194
87.40000 18.902
87.42000 18.893
87.44000 24.068
87.46000 17.614
87.48000 18.994
87.50000 16.078
87.52000 18.735
87.54000 15.115
87.56000 15.146
87.58000 20.758
87.60000 17.154
87.62000 14.476
87.64000 12.913
87.66000 11.136
87.68000 12.457
87.70000 13.625
87.72000 13.098
87.74000 15.983
87.76000 8.899
87.78000 9.493
87.80000 14.518
87.82000 12.108
87.84000 9.186
87.86000 13.353
87.88000 12.197
87.90000 11.808
87.92000 14.382
87.94000 10.109
87.96000 7.681
87.98000 10.041
88.00000 3.485
88.02000 6.360
88.04000 8.294
88.06000 4.666
88.08000 6.513
88.10000 7.333
88.12000 12.760
88.14000 13.999
88.16000 6.260
88.18000 1.480
88.20000 6.605
88.22000 12.658
88.24000 7.318
88.26000 5.336
88.28000 9.828
88.30000 6.598
88.32000 10.938
88.34000 10.404
88.36000 4.942
88.38000 7.885
88.40000 3.969
88.42000 7.309
88.44000 5.403
88.46000 5.120
88.48000 8.280
88.50000 11.417
88.52000 5.007
88.54000 1.203
88.56000 -2.420
88.58000 -0.517
88.60000 1.156
88.62000 0.194
88.64000 7.284
88.66000 3.615
88.68000 4.736
88.70000 3.881
88.72000 7.908
88.74000 2.016
88.76000 3.721
88.78000 0.282
88.80000 1.379
88.82000 3.280
88.84000 4.485
88.86000 5.203
88.88000 7.192
88.90000 -0.757
88.92000 2.620
88.94000 5.641
88.96000 4.932
88.98000 2.142
89.00000 4.283
89.02000 3.990
89.04000 2.390
89.06000 0.033
89.08000 1.933
89.10000 10.631
89.12000 6.503
89.14000 4.495
89.16000 5.811
89.18000 3.135
89.20000 0.815
89.22000 4.407
89.24000 5.752
89.26000 3.569
89.28000 4.848
89.30000 2.244
89.32000 2.732
89.34000 7.256
89.36000 -1.470
89.38000 -2.331
89.40000 -0.020
89.42000 -0.495
89.44000 2.810
89.46000 2.712
89.48000 1.575
89.50000 -1.480
89.52000 3.360
89.54000 6.083
89.56000 5.791
89.58000 7.984
89.60000 12.493
89.62000 4.066
89.64000 1.155
89.66000 2.307
89.68000 4.501
89.70000 4.555
89.72000 3.149
89.74000 1.710
89.76000 3.134
89.78000 3.162
89.80000 2.067
89.82000 3.057
89.84000 1.315
89.86000 -0.866
89.88000 3.258
89.90000 0.426
89.92000 0.075
89.94000 -0.771
89.96000 0.206
89.98000 0.630
90.00000 1.019
90.02000 2.315
90.04000 3.497
90.06000 2.010
90.08000 -1.230
90.10000 0.286
90.12000 -0.709
90.14000 -1.294
90.16000 -1.404
90.18000 -0.370
90.20000 1.150
90.22000 6.540
90.24000 6.390
90.26000 3.324
90.28000 4.505
90.30000 5.300
90.32000 0.463
90.34000 -2.214
90.36000 2.141
90.38000 5.744
90.40000 4.318
90.42000 3.255
90.44000 1.413
90.46000 1.196
90.48000 3.405
90.50000 1.332
90.52000 1.331
90.54000 0.771
90.56000 2.164
90.58000 0.933
90.60000 2.213
90.62000 4.382
90.64000 2.919
90.66000 -0.821
90.68000 1.027
90.70000 6.372
90.72000 3.918
90.74000 1.570
90.76000 3.969
90.78000 6.389
90.80000 10.523
90.82000 9.572
90.84000 10.299
90.86000 4.266
90.88000 1.701
90.90000 -1.601
90.92000 -2.275
90.94000 2.710
90.96000 6.020
90.98000 9.269
91.00000 6.645
91.02000 0.481
91.04000 1.740
91.06000 0.972
91.08000 7.595
91.10000 7.656
91.12000 6.946
91.14000 5.897
91.16000 8.556
91.18000 5.362
91.20000 1.095
91.22000 -2.281
91.24000 0.585
91.26000 2.035
91.28000 4.296
91.30000 2.688
91.32000 3.858
91.34000 7.087
91.36000 7.861
91.38000 6.234
91.40000 1.709
91.42000 5.253
91.44000 1.286
91.46000 3.400
91.48000 4.299
91.50000 5.775
91.52000 6.171
91.54000 1.230
91.56000 3.341
91.58000 -1.841
91.60000 -0.631
91.62000 3.643
91.64000 2.765
91.66000 2.910
91.68000 4.716
91.70000 4.017
91.72000 6.995
91.74000 3.009
91.76000 2.151
91.78000 -0.247
91.80000 1.138
91.82000 0.886
91.84000 -0.443
91.86000 3.971
91.88000 4.536
91.90000 5.539
91.92000 3.832
91.94000 1.897
91.96000 9.273
91.98000 3.135
92.00000 0.976
92.02000 1.902
92.04000 0.717
92.06000 5.939
92.08000 3.742
92.10000 2.553
92.12000 0.876
92.14000 3.127
92.16000 1.375
92.18000 2.880
92.20000 2.963
92.22000 4.400
92.24000 3.659
92.26000 3.920
92.28000 0.331
92.30000 1.131
92.32000 2.041
92.34000 0.270
92.36000 1.935
92.38000 2.639
92.40000 2.279
92.42000 1.373
92.44000 -0.123
92.46000 -1.370
92.48000 4.028
92.50000 3.232
92.52000 4.624
92.54000 5.601
92.56000 2.260
92.58000 0.968
92.60000 3.142
92.62000 -2.178
92.64000 1.123
92.66000 0.376
92.68000 -2.311
92.70000 0.408
92.72000 6.075
92.74000 1.306
92.76000 5.463
92.78000 3.958
92.80000 6.361
92.82000 9.802
92.84000 10.577
92.86000 7.348
92.88000 7.602
92.90000 3.873
92.92000 4.442
92.94000 4.455
92.96000 2.567
92.98000 4.386
93.00000 7.853
93.02000 10.788
93.04000 13.098
93.06000 6.210
93.08000 4.337
93.10000 6.564
93.12000 7.024
93.14000 5.617
93.16000 3.832
93.18000 4.003
93.20000 1.044
93.22000 -2.314
93.24000 2.088
93.26000 4.664
93.28000 3.813
93.30000 5.388
93.32000 5.579
93.34000 6.674
93.36000 6.492
93.38000 4.659
93.40000 5.226
93.42000 1.882
93.44000 3.358
93.46000 0.045
93.48000 0.538
93.50000 1.360
93.52000 4.987
93.54000 1.460
93.56000 4.207
93.58000 5.660
93.60000 6.364
93.62000 2.926
93.64000 3.472
93.66000 3.636
93.68000 3.667
93.70000 5.542
93.72000 2.474
93.74000 0.171
93.76000 2.917
93.78000 3.701
93.80000 9.338
93.82000 4.768
93.84000 -0.659
93.86000 3.054
93.88000 8.451
93.90000 7.184
93.92000 2.806
93.94000 2.701
93.96000 4.373
93.98000 3.038
94.00000 4.365
94.02000 1.875
94.04000 2.677
94.06000 1.922
94.08000 3.613
94.10000 -0.642
94.12000 -0.736
94.14000 -2.269
94.16000 -0.486
94.18000 3.585
94.20000 9.285
94.22000 9.581
94.24000 6.722
94.26000 10.178
94.28000 5.748
94.30000 1.662
94.32000 7.649
94.34000 6.665
94.36000 2.665
94.38000 2.287
94.40000 5.377
94.42000 2.694
94.44000 4.037
94.46000 2.817
94.48000 8.295
94.50000 8.232
94.52000 3.252
94.54000 0.691
94.56000 -0.348
94.58000 2.391
94.60000 -0.312
94.62000 -1.187
94.64000 3.063
94.66000 2.685
94.68000 1.887
94.70000 4.159
94.72000 6.959
94.74000 3.787
94.76000 3.786
94.78000 5.019
94.80000 4.558
94.82000 4.639
94.84000 5.984
94.86000 4.802
94.88000 5.568
94.90000 8.651
94.92000 14.022
94.94000 4.472
94.96000 5.416
94.98000 3.679
95.00000 5.850
95.02000 3.635
95.04000 3.572
95.06000 1.600
95.08000 4.582
95.10000 9.682
95.12000 7.465
95.14000 7.462
95.16000 7.810
95.18000 4.016
95.20000 11.000
95.22000 11.751
95.24000 6.875
95.26000 4.969
95.28000 5.268
95.30000 2.413
95.32000 2.587
95.34000 7.967
95.36000 8.484
95.38000 5.638
95.40000 2.616
95.42000 -0.111
95.44000 -0.419
95.46000 2.038
95.48000 3.758
95.50000 1.023
95.52000 3.535
95.54000 6.422
95.56000 6.720
95.58000 9.675
95.60000 7.929
95.62000 8.780
95.64000 5.553
95.66000 7.029
95.68000 9.632
95.70000 11.776
95.72000 8.144
95.74000 4.901
95.76000 12.673
95.78000 4.902
95.80000 3.267
95.82000 6.187
95.84000 4.393
95.86000 4.419
95.88000 7.301
95.90000 6.457
95.92000 2.916
95.94000 2.104
95.96000 -0.900
95.98000 -2.298
96.00000 8.711
96.02000 13.169
96.04000 12.251
96.06000 11.808
96.08000 4.076
96.10000 5.676
96.12000 16.143
96.14000 7.541
96.16000 12.420
96.18000 9.963
96.20000 13.767
96.22000 9.482
96.24000 1.815
96.26000 0.266
96.28000 9.619
96.30000 8.660
96.32000 4.090
96.34000 2.167
96.36000 2.731
96.38000 -0.354
96.40000 12.113
96.42000 11.873
96.44000 7.890
96.46000 8.800
96.48000 3.657
96.50000 4.426
96.52000 10.823
96.54000 7.994
96.56000 5.826
96.58000 0.634
96.60000 5.903
96.62000 5.149
96.64000 5.011
96.66000 6.196
96.68000 5.866
96.70000 8.316
96.72000 4.353
96.74000 3.040
96.76000 7.573
96.78000 10.560
96.80000 5.342
96.82000 6.321
96.84000 3.716
96.86000 7.958
96.88000 9.796
96.90000 11.118
96.92000 4.089
96.94000 6.058
96.96000 3.932
96.98000 -2.266
97.00000 6.187
97.02000 9.731
97.04000 10.637
97.06000 3.382
97.08000 9.510
97.10000 11.305
97.12000 7.801
97.14000 -2.012
97.16000 -0.250
97.18000 1.239
97.20000 7.298
97.22000 4.146
97.24000 3.770
97.26000 3.059
97.28000 7.482
97.30000 5.111
97.32000 6.081
97.34000 14.883
97.36000 12.713
97.38000 4.738
97.40000 4.824
97.42000 5.745
97.44000 4.446
97.46000 5.743
97.48000 9.190
97.50000 4.684
97.52000 6.441
97.54000 5.475
97.56000 6.350
97.58000 8.869
97.60000 9.677
97.62000 2.666
97.64000 3.777
97.66000 5.402
97.68000 5.521
97.70000 7.171
97.72000 6.113
97.74000 6.206
97.76000 13.095
97.78000 6.806
97.80000 6.396
97.82000 3.723
97.84000 2.516
97.86000 8.016
97.88000 8.548
97.90000 9.937
97.92000 6.087
97.94000 5.461
97.96000 0.378
97.98000 8.793
98.00000 10.771
98.02000 11.535
98.04000 7.873
98.06000 1.461
98.08000 6.964
98.10000 6.772
98.12000 4.008
98.14000 -2.217
98.16000 2.232
98.18000 8.115
98.20000 11.408
98.22000 4.577
98.24000 5.234
98.26000 7.179
98.28000 10.578
98.30000 4.109
98.32000 -0.238
98.34000 12.740
98.36000 10.175
98.38000 12.891
98.40000 15.321
98.42000 13.414
98.44000 8.282
98.46000 6.939
98.48000 2.786
98.50000 5.901
98.52000 6.975
98.54000 11.638
98.56000 -2.193
98.58000 5.961
98.60000 7.424
98.62000 11.376
98.64000 13.218
98.66000 16.455
98.68000 17.174
98.70000 10.252
98.72000 12.790
98.74000 4.998
98.76000 2.012
98.78000 12.332
98.80000 10.809
98.82000 7.667
98.84000 -0.041
98.86000 2.761
98.88000 5.379
98.90000 3.823
98.92000 2.935
98.94000 -0.941
98.96000 1.710
98.98000 5.170
99.00000 7.457
99.02000 0.349
99.04000 3.763
99.06000 11.598
99.08000 4.502
99.10000 1.612
99.12000 0.481
99.14000 2.411
99.16000 4.666
99.18000 -0.168
99.20000 7.428
99.22000 1.761
99.24000 2.381
99.26000 5.222
99.28000 -0.407
99.30000 -2.242
99.32000 -0.706
99.34000 3.242
99.36000 3.493
99.38000 -2.056
99.40000 3.353
99.42000 8.103
99.44000 1.909
99.46000 4.659
99.48000 8.819
99.50000 5.834
99.52000 2.611
99.54000 0.294
99.56000 1.753
99.58000 1.264
99.60000 4.263
99.62000 3.616
99.64000 1.869
99.66000 10.445
99.68000 8.218
99.70000 3.588
99.72000 -3.604
99.74000 15.771
99.76000 11.601
99.78000 6.515
99.80000 6.372
99.82000 1.278
99.84000 2.002
99.86000 -6.941
99.88000 7.588
99.90000 8.523
99.92000 10.206
99.94000 7.263
99.96000 12.357
99.98000 0.000
