'Id: "0011389" Comment: "Integrate frame 0011389_Au-Ir-Rh_Au-Rich_XRD_Mapping-049-0000.gfrmwith cursor Wedge Cursor #5" Operator: "B?rgel" Anode: "Cu" Wavelength: "1.5406" Scantype: "2Theta (TwoTheta)" TimePerStep: "1" X: "9" Y: "-27" Z: "5.95" 
10.00000 0.000
10.02000 1.777
10.04000 -9.002
10.06000 3.026
10.08000 14.139
10.10000 20.943
10.12000 22.289
10.14000 15.519
10.16000 6.828
10.18000 -2.671
10.20000 8.293
10.22000 21.116
10.24000 13.283
10.26000 8.235
10.28000 22.753
10.30000 12.677
10.32000 11.129
10.34000 -0.885
10.36000 -1.064
10.38000 4.466
10.40000 8.638
10.42000 14.046
10.44000 31.363
10.46000 6.002
10.48000 -4.117
10.50000 4.137
10.52000 11.793
10.54000 14.041
10.56000 21.271
10.58000 19.329
10.60000 13.674
10.62000 11.844
10.64000 0.813
10.66000 2.594
10.68000 13.095
10.70000 14.310
10.72000 6.196
10.74000 18.334
10.76000 21.938
10.78000 16.478
10.80000 17.419
10.82000 4.413
10.84000 11.374
10.86000 28.031
10.88000 19.406
10.90000 10.622
10.92000 9.223
10.94000 16.330
10.96000 18.456
10.98000 11.325
11.00000 8.020
11.02000 9.249
11.04000 17.514
11.06000 21.436
11.08000 28.633
11.10000 21.175
11.12000 20.980
11.14000 24.008
11.16000 17.662
11.18000 17.622
11.20000 17.986
11.22000 16.702
11.24000 18.324
11.26000 12.908
11.28000 16.518
11.30000 16.822
11.32000 2.160
11.34000 1.240
11.36000 4.903
11.38000 8.237
11.40000 3.148
11.42000 0.459
11.44000 -1.435
11.46000 13.210
11.48000 12.625
11.50000 13.230
11.52000 9.851
11.54000 8.400
11.56000 5.986
11.58000 11.383
11.60000 16.912
11.62000 18.044
11.64000 19.094
11.66000 11.085
11.68000 11.793
11.70000 9.945
11.72000 6.919
11.74000 1.699
11.76000 0.638
11.78000 0.520
11.80000 3.445
11.82000 6.704
11.84000 8.012
11.86000 12.102
11.88000 9.449
11.90000 7.805
11.92000 19.862
11.94000 13.074
11.96000 11.601
11.98000 6.916
12.00000 10.155
12.02000 8.767
12.04000 8.195
12.06000 16.220
12.08000 14.864
12.10000 3.859
12.12000 10.598
12.14000 14.271
12.16000 0.798
12.18000 5.419
12.20000 15.998
12.22000 6.524
12.24000 15.311
12.26000 11.420
12.28000 11.488
12.30000 10.321
12.32000 14.100
12.34000 21.041
12.36000 13.438
12.38000 8.094
12.40000 22.102
12.42000 18.828
12.44000 19.925
12.46000 11.611
12.48000 11.885
12.50000 16.227
12.52000 13.822
12.54000 17.574
12.56000 25.215
12.58000 15.358
12.60000 12.120
12.62000 23.057
12.64000 20.736
12.66000 13.219
12.68000 9.098
12.70000 3.250
12.72000 -0.457
12.74000 13.865
12.76000 10.480
12.78000 9.219
12.80000 16.964
12.82000 17.945
12.84000 18.923
12.86000 14.066
12.88000 11.559
12.90000 8.377
12.92000 1.854
12.94000 8.784
12.96000 9.202
12.98000 7.885
13.00000 14.091
13.02000 15.994
13.04000 14.947
13.06000 17.190
13.08000 18.715
13.10000 15.739
13.12000 10.957
13.14000 5.782
13.16000 7.238
13.18000 3.268
13.20000 10.350
13.22000 6.158
13.24000 11.971
13.26000 27.676
13.28000 22.358
13.30000 21.150
13.32000 9.264
13.34000 4.768
13.36000 3.974
13.38000 5.748
13.40000 5.350
13.42000 8.233
13.44000 21.643
13.46000 14.028
13.48000 11.476
13.50000 14.154
13.52000 16.318
13.54000 9.002
13.56000 14.139
13.58000 6.666
13.60000 3.924
13.62000 10.754
13.64000 11.416
13.66000 13.982
13.68000 10.351
13.70000 6.839
13.72000 13.200
13.74000 11.935
13.76000 10.741
13.78000 7.969
13.80000 3.014
13.82000 -0.658
13.84000 -1.409
13.86000 6.145
13.88000 8.252
13.90000 7.954
13.92000 6.267
13.94000 3.310
13.96000 -0.717
13.98000 -0.316
14.00000 6.076
14.02000 4.421
14.04000 4.411
14.06000 8.492
14.08000 9.830
14.10000 17.679
14.12000 17.238
14.14000 7.881
14.16000 -0.693
14.18000 -1.032
14.20000 -1.448
14.22000 9.896
14.24000 11.955
14.26000 9.135
14.28000 11.136
14.30000 5.462
14.32000 10.286
14.34000 2.295
14.36000 5.249
14.38000 7.725
14.40000 1.768
14.42000 7.777
14.44000 8.194
14.46000 5.732
14.48000 4.287
14.50000 8.078
14.52000 9.331
14.54000 12.344
14.56000 7.163
14.58000 4.938
14.60000 7.877
14.62000 7.365
14.64000 9.786
14.66000 8.100
14.68000 2.875
14.70000 4.548
14.72000 -0.815
14.74000 10.816
14.76000 15.794
14.78000 6.783
14.80000 9.403
14.82000 15.500
14.84000 15.621
14.86000 6.239
14.88000 -3.163
14.90000 7.167
14.92000 20.703
14.94000 11.402
14.96000 6.543
14.98000 13.393
15.00000 9.739
15.02000 2.863
15.04000 11.754
15.06000 4.283
15.08000 -1.347
15.10000 1.888
15.12000 2.558
15.14000 2.124
15.16000 4.004
15.18000 6.375
15.20000 5.690
15.22000 2.501
15.24000 8.727
15.26000 5.208
15.28000 5.270
15.30000 12.521
15.32000 12.322
15.34000 1.878
15.36000 3.128
15.38000 2.900
15.40000 18.015
15.42000 7.666
15.44000 5.026
15.46000 2.566
15.48000 6.522
15.50000 -2.949
15.52000 -4.433
15.54000 -0.410
15.56000 4.100
15.58000 -1.007
15.60000 0.807
15.62000 11.893
15.64000 4.263
15.66000 9.751
15.68000 5.311
15.70000 -0.935
15.72000 4.614
15.74000 13.479
15.76000 10.994
15.78000 12.454
15.80000 8.134
15.82000 8.839
15.84000 7.817
15.86000 4.585
15.88000 5.154
15.90000 0.721
15.92000 3.202
15.94000 5.820
15.96000 5.115
15.98000 11.765
16.00000 12.436
16.02000 2.055
16.04000 13.590
16.06000 16.918
16.08000 5.988
16.10000 2.060
16.12000 10.351
16.14000 16.929
16.16000 0.057
16.18000 -4.405
16.20000 9.299
16.22000 4.472
16.24000 -1.225
16.26000 1.283
16.28000 2.021
16.30000 6.169
16.32000 15.961
16.34000 16.089
16.36000 6.838
16.38000 1.303
16.40000 11.782
16.42000 7.540
16.44000 2.078
16.46000 10.655
16.48000 12.502
16.50000 8.869
16.52000 0.321
16.54000 3.814
16.56000 -2.776
16.58000 -1.060
16.60000 9.084
16.62000 13.879
16.64000 11.222
16.66000 8.590
16.68000 14.241
16.70000 4.242
16.72000 2.405
16.74000 5.434
16.76000 3.485
16.78000 1.975
16.80000 -1.464
16.82000 -1.711
16.84000 5.478
16.86000 3.765
16.88000 13.190
16.90000 5.636
16.92000 4.331
16.94000 8.583
16.96000 10.030
16.98000 13.372
17.00000 4.868
17.02000 8.270
17.04000 5.539
17.06000 5.924
17.08000 10.747
17.10000 11.907
17.12000 11.980
17.14000 4.596
17.16000 2.404
17.18000 -1.172
17.20000 2.931
17.22000 9.657
17.24000 5.657
17.26000 3.794
17.28000 5.328
17.30000 0.123
17.32000 -1.928
17.34000 5.409
17.36000 9.977
17.38000 6.803
17.40000 6.500
17.42000 6.160
17.44000 7.654
17.46000 8.244
17.48000 4.787
17.50000 8.143
17.52000 9.984
17.54000 11.730
17.56000 14.001
17.58000 2.552
17.60000 2.297
17.62000 3.823
17.64000 -4.336
17.66000 7.312
17.68000 7.559
17.70000 8.215
17.72000 11.720
17.74000 5.970
17.76000 1.294
17.78000 10.710
17.80000 11.967
17.82000 15.442
17.84000 8.897
17.86000 2.881
17.88000 5.755
17.90000 -0.528
17.92000 5.318
17.94000 9.502
17.96000 6.523
17.98000 8.924
18.00000 6.609
18.02000 7.064
18.04000 11.374
18.06000 14.511
18.08000 8.071
18.10000 3.307
18.12000 7.808
18.14000 5.300
18.16000 -0.448
18.18000 7.929
18.20000 7.295
18.22000 0.343
18.24000 -1.094
18.26000 2.515
18.28000 5.929
18.30000 6.790
18.32000 5.946
18.34000 3.203
18.36000 6.898
18.38000 6.571
18.40000 -0.160
18.42000 7.670
18.44000 3.920
18.46000 -4.062
18.48000 -2.077
18.50000 0.831
18.52000 5.623
18.54000 7.161
18.56000 7.903
18.58000 7.041
18.60000 9.925
18.62000 4.754
18.64000 7.465
18.66000 3.181
18.68000 -1.280
18.70000 -4.267
18.72000 2.410
18.74000 6.046
18.76000 6.174
18.78000 5.553
18.80000 2.074
18.82000 6.471
18.84000 3.986
18.86000 1.181
18.88000 1.372
18.90000 -0.975
18.92000 4.752
18.94000 9.284
18.96000 4.693
18.98000 7.181
19.00000 2.390
19.02000 -3.939
19.04000 1.010
19.06000 3.787
19.08000 1.037
19.10000 0.538
19.12000 4.135
19.14000 3.910
19.16000 10.966
19.18000 8.340
19.20000 5.818
19.22000 5.541
19.24000 14.313
19.26000 16.801
19.28000 10.299
19.30000 4.706
19.32000 2.892
19.34000 8.031
19.36000 3.871
19.38000 0.275
19.40000 3.766
19.42000 3.404
19.44000 3.123
19.46000 8.516
19.48000 5.937
19.50000 11.735
19.52000 12.052
19.54000 5.268
19.56000 7.078
19.58000 3.982
19.60000 3.540
19.62000 7.076
19.64000 11.496
19.66000 16.389
19.68000 3.407
19.70000 -0.113
19.72000 -3.784
19.74000 1.649
19.76000 7.000
19.78000 10.423
19.80000 10.837
19.82000 7.751
19.84000 5.032
19.86000 7.237
19.88000 8.757
19.90000 5.534
19.92000 12.932
19.94000 8.327
19.96000 3.053
19.98000 -2.957
20.00000 -4.178
20.02000 1.940
20.04000 10.275
20.06000 10.789
20.08000 14.303
20.10000 9.306
20.12000 3.810
20.14000 5.442
20.16000 5.120
20.18000 7.038
20.20000 6.733
20.22000 8.174
20.24000 6.100
20.26000 4.202
20.28000 6.513
20.30000 7.769
20.32000 6.217
20.34000 4.688
20.36000 5.628
20.38000 -1.229
20.40000 3.381
20.42000 5.167
20.44000 1.850
20.46000 4.736
20.48000 1.193
20.50000 3.229
20.52000 14.951
20.54000 10.691
20.56000 2.258
20.58000 4.847
20.60000 9.979
20.62000 14.290
20.64000 12.944
20.66000 2.005
20.68000 -3.183
20.70000 0.104
20.72000 7.552
20.74000 10.217
20.76000 2.387
20.78000 6.889
20.80000 13.998
20.82000 5.965
20.84000 1.092
20.86000 1.853
20.88000 6.053
20.90000 9.893
20.92000 6.582
20.94000 1.261
20.96000 2.639
20.98000 7.672
21.00000 5.680
21.02000 4.389
21.04000 5.721
21.06000 -0.913
21.08000 4.108
21.10000 6.103
21.12000 5.241
21.14000 6.645
21.16000 8.721
21.18000 7.231
21.20000 6.271
21.22000 5.589
21.24000 8.313
21.26000 9.066
21.28000 8.468
21.30000 10.771
21.32000 11.242
21.34000 11.785
21.36000 7.313
21.38000 9.863
21.40000 10.018
21.42000 6.256
21.44000 2.103
21.46000 0.791
21.48000 10.949
21.50000 10.369
21.52000 6.850
21.54000 2.598
21.56000 -4.088
21.58000 -3.986
21.60000 2.432
21.62000 13.117
21.64000 10.743
21.66000 5.985
21.68000 2.917
21.70000 2.810
21.72000 11.806
21.74000 9.548
21.76000 7.467
21.78000 8.320
21.80000 6.247
21.82000 5.955
21.84000 0.676
21.86000 5.288
21.88000 -0.242
21.90000 2.079
21.92000 3.763
21.94000 -0.055
21.96000 5.883
21.98000 10.808
22.00000 9.468
22.02000 8.494
22.04000 1.211
22.06000 2.963
22.08000 5.377
22.10000 6.978
22.12000 2.765
22.14000 -2.714
22.16000 2.127
22.18000 7.588
22.20000 2.004
22.22000 0.913
22.24000 1.614
22.26000 -0.259
22.28000 9.909
22.30000 4.584
22.32000 2.342
22.34000 2.357
22.36000 -0.773
22.38000 8.896
22.40000 1.970
22.42000 4.864
22.44000 5.037
22.46000 -0.616
22.48000 2.406
22.50000 5.132
22.52000 5.266
22.54000 8.011
22.56000 11.422
22.58000 5.190
22.60000 3.768
22.62000 1.611
22.64000 -2.452
22.66000 -1.972
22.68000 4.868
22.70000 2.013
22.72000 -2.786
22.74000 -4.066
22.76000 -1.723
22.78000 0.695
22.80000 1.834
22.82000 5.627
22.84000 2.290
22.86000 4.143
22.88000 9.123
22.90000 1.204
22.92000 -1.129
22.94000 -2.247
22.96000 -1.499
22.98000 -0.518
23.00000 4.387
23.02000 7.258
23.04000 2.341
23.06000 4.240
23.08000 4.052
23.10000 4.335
23.12000 7.493
23.14000 8.259
23.16000 8.305
23.18000 9.733
23.20000 -0.533
23.22000 -4.039
23.24000 -3.986
23.26000 6.350
23.28000 4.083
23.30000 3.404
23.32000 5.112
23.34000 2.290
23.36000 1.844
23.38000 3.699
23.40000 1.975
23.42000 -2.515
23.44000 -4.028
23.46000 0.749
23.48000 -0.277
23.50000 -0.909
23.52000 2.348
23.54000 2.721
23.56000 1.381
23.58000 -0.090
23.60000 7.915
23.62000 3.295
23.64000 2.252
23.66000 1.342
23.68000 -1.756
23.70000 1.315
23.72000 5.065
23.74000 8.134
23.76000 10.264
23.78000 7.400
23.80000 -0.659
23.82000 0.621
23.84000 2.031
23.86000 0.716
23.88000 -1.686
23.90000 -3.077
23.92000 0.421
23.94000 4.213
23.96000 7.968
23.98000 5.534
24.00000 3.527
24.02000 2.890
24.04000 0.674
24.06000 3.736
24.08000 2.633
24.10000 3.383
24.12000 -1.464
24.14000 -3.870
24.16000 -2.732
24.18000 4.971
24.20000 1.264
24.22000 2.535
24.24000 5.851
24.26000 5.488
24.28000 -2.148
24.30000 -3.849
24.32000 2.383
24.34000 5.875
24.36000 6.698
24.38000 2.968
24.40000 -1.624
24.42000 -1.651
24.44000 -3.545
24.46000 -1.159
24.48000 -3.462
24.50000 3.974
24.52000 4.677
24.54000 0.860
24.56000 -3.973
24.58000 -3.390
24.60000 1.773
24.62000 1.268
24.64000 1.148
24.66000 2.607
24.68000 0.870
24.70000 -2.324
24.72000 -1.101
24.74000 1.562
24.76000 1.181
24.78000 -3.955
24.80000 -3.830
24.82000 1.290
24.84000 3.594
24.86000 3.971
24.88000 1.862
24.90000 1.770
24.92000 4.071
24.94000 1.509
24.96000 4.067
24.98000 3.132
25.00000 3.762
25.02000 4.266
25.04000 4.611
25.06000 4.754
25.08000 0.136
25.10000 1.545
25.12000 5.280
25.14000 3.936
25.16000 8.623
25.18000 5.840
25.20000 2.567
25.22000 3.087
25.24000 4.213
25.26000 2.647
25.28000 -0.682
25.30000 7.336
25.32000 4.434
25.34000 2.859
25.36000 -3.911
25.38000 -2.255
25.40000 0.539
25.42000 4.239
25.44000 9.776
25.46000 6.334
25.48000 7.819
25.50000 0.627
25.52000 -0.807
25.54000 2.297
25.56000 8.144
25.58000 13.321
25.60000 5.972
25.62000 8.147
25.64000 4.448
25.66000 1.944
25.68000 3.336
25.70000 -2.522
25.72000 -1.835
25.74000 0.564
25.76000 4.706
25.78000 2.775
25.80000 3.959
25.82000 1.760
25.84000 2.910
25.86000 1.055
25.88000 3.708
25.90000 4.065
25.92000 1.886
25.94000 4.066
25.96000 0.321
25.98000 -0.401
26.00000 2.057
26.02000 -0.094
26.04000 -3.870
26.06000 -0.355
26.08000 3.064
26.10000 7.182
26.12000 5.434
26.14000 4.593
26.16000 3.447
26.18000 2.220
26.20000 3.108
26.22000 2.297
26.24000 1.905
26.26000 1.253
26.28000 2.730
26.30000 5.845
26.32000 6.157
26.34000 4.115
26.36000 6.738
26.38000 4.614
26.40000 4.524
26.42000 1.172
26.44000 -3.260
26.46000 -2.563
26.48000 -0.787
26.50000 1.377
26.52000 3.064
26.54000 1.488
26.56000 6.378
26.58000 9.352
26.60000 7.179
26.62000 -0.379
26.64000 -1.354
26.66000 4.834
26.68000 0.880
26.70000 -1.458
26.72000 0.505
26.74000 2.754
26.76000 0.859
26.78000 -2.612
26.80000 -1.097
26.82000 5.869
26.84000 7.386
26.86000 3.529
26.88000 1.652
26.90000 2.745
26.92000 4.172
26.94000 7.970
26.96000 7.821
26.98000 5.570
27.00000 3.947
27.02000 2.061
27.04000 6.196
27.06000 2.486
27.08000 1.237
27.10000 3.563
27.12000 4.760
27.14000 4.891
27.16000 7.389
27.18000 5.139
27.20000 6.541
27.22000 10.996
27.24000 7.264
27.26000 3.331
27.28000 1.089
27.30000 -3.814
27.32000 -0.744
27.34000 3.260
27.36000 1.551
27.38000 -1.138
27.40000 4.898
27.42000 6.192
27.44000 1.962
27.46000 9.213
27.48000 11.953
27.50000 10.439
27.52000 8.945
27.54000 5.702
27.56000 5.003
27.58000 5.215
27.60000 7.870
27.62000 4.588
27.64000 3.820
27.66000 3.966
27.68000 6.658
27.70000 7.713
27.72000 3.760
27.74000 9.619
27.76000 8.731
27.78000 2.935
27.80000 -0.748
27.82000 6.832
27.84000 7.265
27.86000 3.247
27.88000 5.559
27.90000 4.832
27.92000 6.336
27.94000 1.862
27.96000 -0.237
27.98000 1.287
28.00000 3.831
28.02000 1.156
28.04000 4.538
28.06000 1.602
28.08000 0.220
28.10000 4.747
28.12000 0.620
28.14000 1.574
28.16000 7.506
28.18000 5.363
28.20000 9.970
28.22000 3.468
28.24000 -3.737
28.26000 -1.367
28.28000 4.006
28.30000 5.005
28.32000 6.719
28.34000 8.969
28.36000 4.101
28.38000 -0.335
28.40000 -1.540
28.42000 2.705
28.44000 7.992
28.46000 8.438
28.48000 3.410
28.50000 4.113
28.52000 3.531
28.54000 -1.751
28.56000 2.022
28.58000 2.751
28.60000 6.150
28.62000 2.823
28.64000 -0.168
28.66000 4.183
28.68000 6.039
28.70000 5.292
28.72000 2.041
28.74000 3.522
28.76000 6.310
28.78000 2.416
28.80000 2.554
28.82000 5.027
28.84000 5.052
28.86000 0.248
28.88000 0.036
28.90000 2.649
28.92000 -0.023
28.94000 -3.138
28.96000 -0.072
28.98000 4.437
29.00000 4.313
29.02000 3.136
29.04000 3.473
29.06000 2.025
29.08000 6.383
29.10000 8.370
29.12000 9.699
29.14000 7.133
29.16000 -1.047
29.18000 -2.212
29.20000 6.295
29.22000 3.235
29.24000 -0.242
29.26000 6.301
29.28000 4.342
29.30000 1.127
29.32000 -3.661
29.34000 -1.156
29.36000 0.359
29.38000 -2.465
29.40000 -0.657
29.42000 0.782
29.44000 2.339
29.46000 6.041
29.48000 11.773
29.50000 9.398
29.52000 -0.090
29.54000 -3.519
29.56000 -1.486
29.58000 2.953
29.60000 3.585
29.62000 -1.883
29.64000 0.301
29.66000 3.803
29.68000 1.659
29.70000 5.757
29.72000 4.141
29.74000 2.382
29.76000 4.184
29.78000 2.497
29.80000 3.417
29.82000 3.010
29.84000 2.104
29.86000 -0.155
29.88000 -3.694
29.90000 -2.195
29.92000 -0.707
29.94000 1.897
29.96000 2.090
29.98000 1.744
30.00000 -3.495
30.02000 -3.513
30.04000 -2.800
30.06000 0.765
30.08000 2.062
30.10000 5.578
30.12000 4.585
30.14000 5.388
30.16000 0.364
30.18000 1.071
30.20000 0.378
30.22000 -1.273
30.24000 0.139
30.26000 -1.141
30.28000 -0.674
30.30000 -0.669
30.32000 4.235
30.34000 2.809
30.36000 -3.049
30.38000 -1.916
30.40000 0.279
30.42000 -1.833
30.44000 -2.107
30.46000 -1.103
30.48000 -0.200
30.50000 -2.208
30.52000 -0.958
30.54000 5.531
30.56000 2.278
30.58000 0.450
30.60000 8.967
30.62000 5.113
30.64000 3.116
30.66000 0.511
30.68000 0.891
30.70000 1.266
30.72000 3.952
30.74000 3.867
30.76000 2.447
30.78000 2.684
30.80000 5.473
30.82000 3.136
30.84000 3.220
30.86000 3.173
30.88000 0.956
30.90000 3.784
30.92000 5.334
30.94000 4.469
30.96000 2.686
30.98000 4.190
31.00000 2.696
31.02000 -1.146
31.04000 0.335
31.06000 1.051
31.08000 1.823
31.10000 2.899
31.12000 -3.643
31.14000 2.945
31.16000 1.422
31.18000 0.679
31.20000 3.251
31.22000 -1.785
31.24000 -1.316
31.26000 1.923
31.28000 2.119
31.30000 1.093
31.32000 4.072
31.34000 4.709
31.36000 1.364
31.38000 2.122
31.40000 2.285
31.42000 0.535
31.44000 1.798
31.46000 4.491
31.48000 4.674
31.50000 2.740
31.52000 3.620
31.54000 0.528
31.56000 3.012
31.58000 4.558
31.60000 -3.603
31.62000 -0.529
31.64000 -1.173
31.66000 2.889
31.68000 6.038
31.70000 3.157
31.72000 1.585
31.74000 -1.356
31.76000 1.700
31.78000 0.800
31.80000 -0.574
31.82000 4.451
31.84000 5.396
31.86000 3.380
31.88000 4.890
31.90000 0.874
31.92000 1.279
31.94000 6.567
31.96000 11.214
31.98000 10.749
32.00000 6.205
32.02000 2.417
32.04000 3.939
32.06000 0.921
32.08000 1.485
32.10000 2.696
32.12000 -1.030
32.14000 5.054
32.16000 4.363
32.18000 2.875
32.20000 -3.592
32.22000 4.878
32.24000 7.781
32.26000 6.458
32.28000 7.016
32.30000 3.502
32.32000 2.677
32.34000 -1.118
32.36000 3.627
32.38000 3.222
32.40000 -0.256
32.42000 -1.324
32.44000 -0.265
32.46000 5.065
32.48000 5.450
32.50000 6.223
32.52000 4.581
32.54000 6.824
32.56000 8.776
32.58000 4.613
32.60000 4.567
32.62000 2.255
32.64000 1.282
32.66000 1.923
32.68000 0.389
32.70000 3.759
32.72000 2.493
32.74000 2.990
32.76000 1.889
32.78000 0.807
32.80000 1.714
32.82000 1.284
32.84000 -3.561
32.86000 3.098
32.88000 3.987
32.90000 2.271
32.92000 0.799
32.94000 1.791
32.96000 4.008
32.98000 2.056
33.00000 1.003
33.02000 0.761
33.04000 6.487
33.06000 10.542
33.08000 1.171
33.10000 -2.455
33.12000 2.060
33.14000 2.869
33.16000 3.580
33.18000 3.470
33.20000 0.925
33.22000 0.927
33.24000 4.689
33.26000 5.156
33.28000 3.597
33.30000 4.567
33.32000 3.693
33.34000 2.211
33.36000 -0.842
33.38000 0.747
33.40000 2.624
33.42000 -3.114
33.44000 -3.524
33.46000 -1.887
33.48000 -3.264
33.50000 -1.178
33.52000 2.811
33.54000 3.838
33.56000 2.187
33.58000 0.327
33.60000 1.981
33.62000 9.407
33.64000 3.874
33.66000 3.877
33.68000 8.618
33.70000 6.929
33.72000 2.221
33.74000 3.654
33.76000 2.145
33.78000 3.113
33.80000 7.173
33.82000 8.406
33.84000 5.360
33.86000 4.482
33.88000 -0.184
33.90000 0.976
33.92000 0.337
33.94000 5.598
33.96000 6.645
33.98000 3.827
34.00000 2.156
34.02000 2.199
34.04000 9.689
34.06000 7.431
34.08000 2.177
34.10000 0.024
34.12000 -3.298
34.14000 -2.943
34.16000 4.068
34.18000 4.016
34.20000 2.953
34.22000 4.121
34.24000 7.067
34.26000 10.545
34.28000 5.078
34.30000 2.950
34.32000 4.687
34.34000 -3.363
34.36000 -3.571
34.38000 1.178
34.40000 4.361
34.42000 3.034
34.44000 -0.286
34.46000 -3.525
34.48000 -1.031
34.50000 0.593
34.52000 4.450
34.54000 3.713
34.56000 0.531
34.58000 -2.228
34.60000 -2.330
34.62000 0.930
34.64000 0.420
34.66000 1.218
34.68000 2.987
34.70000 1.245
34.72000 0.038
34.74000 -0.355
34.76000 4.124
34.78000 2.476
34.80000 0.006
34.82000 -1.641
34.84000 2.010
34.86000 -0.941
34.88000 0.121
34.90000 1.660
34.92000 5.157
34.94000 0.302
34.96000 1.019
34.98000 0.503
35.00000 -2.351
35.02000 1.125
35.04000 0.291
35.06000 1.200
35.08000 -1.078
35.10000 0.722
35.12000 0.227
35.14000 0.464
35.16000 2.412
35.18000 2.500
35.20000 -1.525
35.22000 -2.013
35.24000 -1.315
35.26000 3.330
35.28000 6.825
35.30000 4.998
35.32000 4.911
35.34000 5.174
35.36000 2.178
35.38000 -0.200
35.40000 2.155
35.42000 -0.357
35.44000 -3.532
35.46000 -0.498
35.48000 -0.472
35.50000 2.141
35.52000 2.976
35.54000 4.026
35.56000 2.186
35.58000 3.346
35.60000 0.640
35.62000 -0.797
35.64000 1.995
35.66000 5.922
35.68000 4.830
35.70000 2.939
35.72000 4.254
35.74000 -0.022
35.76000 -3.178
35.78000 -3.212
35.80000 -2.729
35.82000 3.705
35.84000 6.361
35.86000 3.872
35.88000 1.084
35.90000 4.254
35.92000 4.611
35.94000 5.015
35.96000 1.670
35.98000 -3.545
36.00000 -0.855
36.02000 3.369
36.04000 8.496
36.06000 10.388
36.08000 3.647
36.10000 1.997
36.12000 4.801
36.14000 -1.284
36.16000 -3.558
36.18000 -0.494
36.20000 0.568
36.22000 -1.176
36.24000 -1.694
36.26000 -0.809
36.28000 3.348
36.30000 4.054
36.32000 4.763
36.34000 4.192
36.36000 2.932
36.38000 4.135
36.40000 -0.452
36.42000 -1.280
36.44000 -2.062
36.46000 0.992
36.48000 -0.011
36.50000 -0.833
36.52000 -0.971
36.54000 -1.410
36.56000 0.099
36.58000 -0.826
36.60000 3.136
36.62000 0.937
36.64000 1.659
36.66000 4.297
36.68000 0.868
36.70000 -0.498
36.72000 0.147
36.74000 0.545
36.76000 -1.770
36.78000 1.134
36.80000 3.493
36.82000 0.134
36.84000 0.837
36.86000 -2.037
36.88000 -2.403
36.90000 -0.257
36.92000 1.694
36.94000 -1.048
36.96000 -1.459
36.98000 -3.629
37.00000 1.910
37.02000 5.448
37.04000 6.791
37.06000 4.445
37.08000 -1.412
37.10000 1.259
37.12000 -0.698
37.14000 -2.635
37.16000 2.851
37.18000 2.635
37.20000 0.655
37.22000 2.051
37.24000 6.595
37.26000 3.751
37.28000 1.559
37.30000 -0.812
37.32000 -0.129
37.34000 1.012
37.36000 0.328
37.38000 0.726
37.40000 -0.419
37.42000 0.359
37.44000 2.107
37.46000 1.799
37.48000 4.217
37.50000 6.514
37.52000 2.387
37.54000 3.549
37.56000 9.667
37.58000 8.729
37.60000 5.831
37.62000 6.368
37.64000 9.025
37.66000 5.246
37.68000 1.367
37.70000 6.271
37.72000 5.997
37.74000 10.245
37.76000 8.797
37.78000 11.857
37.80000 11.979
37.82000 10.681
37.84000 10.385
37.86000 9.147
37.88000 11.072
37.90000 14.697
37.92000 14.431
37.94000 10.966
37.96000 8.646
37.98000 10.630
38.00000 15.634
38.02000 17.854
38.04000 18.233
38.06000 16.253
38.08000 15.718
38.10000 20.817
38.12000 18.436
38.14000 19.209
38.16000 21.483
38.18000 23.374
38.20000 25.458
38.22000 26.136
38.24000 25.657
38.26000 24.908
38.28000 25.156
38.30000 23.883
38.32000 28.492
38.34000 29.082
38.36000 32.258
38.38000 33.372
38.40000 36.676
38.42000 32.016
38.44000 29.923
38.46000 36.838
38.48000 37.502
38.50000 37.661
38.52000 35.330
38.54000 36.817
38.56000 43.515
38.58000 46.983
38.60000 44.840
38.62000 47.853
38.64000 52.730
38.66000 55.290
38.68000 60.351
38.70000 63.455
38.72000 60.591
38.74000 61.959
38.76000 60.969
38.78000 65.753
38.80000 70.107
38.82000 72.759
38.84000 72.486
38.86000 76.544
38.88000 82.224
38.90000 85.573
38.92000 85.532
38.94000 88.801
38.96000 99.110
38.98000 97.982
39.00000 106.694
39.02000 111.933
39.04000 120.253
39.06000 130.542
39.08000 138.278
39.10000 142.557
39.12000 149.699
39.14000 162.452
39.16000 170.190
39.18000 169.010
39.20000 182.197
39.22000 198.116
39.24000 214.992
39.26000 226.374
39.28000 230.999
39.30000 244.694
39.32000 264.531
39.34000 274.667
39.36000 294.278
39.38000 313.696
39.40000 324.475
39.42000 345.288
39.44000 366.172
39.46000 382.943
39.48000 402.095
39.50000 422.684
39.52000 445.054
39.54000 480.902
39.56000 500.148
39.58000 520.076
39.60000 546.075
39.62000 559.823
39.64000 574.034
39.66000 607.403
39.68000 627.013
39.70000 640.197
39.72000 652.078
39.74000 665.565
39.76000 677.710
39.78000 683.440
39.80000 688.476
39.82000 690.380
39.84000 681.738
39.86000 687.890
39.88000 692.542
39.90000 696.969
39.92000 686.673
39.94000 670.862
39.96000 653.856
39.98000 646.338
40.00000 626.048
40.02000 613.864
40.04000 600.255
40.06000 568.038
40.08000 549.366
40.10000 541.921
40.12000 514.749
40.14000 481.881
40.16000 464.767
40.18000 440.986
40.20000 417.011
40.22000 403.641
40.24000 388.054
40.26000 366.202
40.28000 345.223
40.30000 318.536
40.32000 301.309
40.34000 279.924
40.36000 268.146
40.38000 247.021
40.40000 232.929
40.42000 217.984
40.44000 202.903
40.46000 189.989
40.48000 181.040
40.50000 166.462
40.52000 161.729
40.54000 154.635
40.56000 142.992
40.58000 130.961
40.60000 124.965
40.62000 120.701
40.64000 112.167
40.66000 106.918
40.68000 92.854
40.70000 85.893
40.72000 82.809
40.74000 77.979
40.76000 72.267
40.78000 68.895
40.80000 61.594
40.82000 55.098
40.84000 57.514
40.86000 58.405
40.88000 52.561
40.90000 48.993
40.92000 49.970
40.94000 44.961
40.96000 47.529
40.98000 40.916
41.00000 35.975
41.02000 37.739
41.04000 36.218
41.06000 30.997
41.08000 33.530
41.10000 28.333
41.12000 23.132
41.14000 21.697
41.16000 25.392
41.18000 27.935
41.20000 23.909
41.22000 24.607
41.24000 25.956
41.26000 20.554
41.28000 17.205
41.30000 16.897
41.32000 16.082
41.34000 14.743
41.36000 14.114
41.38000 12.629
41.40000 12.179
41.42000 13.540
41.44000 8.876
41.46000 10.024
41.48000 12.129
41.50000 8.792
41.52000 4.001
41.54000 5.565
41.56000 6.430
41.58000 6.554
41.60000 9.807
41.62000 9.937
41.64000 7.158
41.66000 8.186
41.68000 6.756
41.70000 6.415
41.72000 7.166
41.74000 11.288
41.76000 6.383
41.78000 4.618
41.80000 5.405
41.82000 6.090
41.84000 5.396
41.86000 1.308
41.88000 3.196
41.90000 6.183
41.92000 3.868
41.94000 4.763
41.96000 4.149
41.98000 -0.042
42.00000 0.242
42.02000 2.274
42.04000 2.665
42.06000 2.416
42.08000 3.730
42.10000 6.349
42.12000 3.487
42.14000 4.522
42.16000 2.565
42.18000 -0.921
42.20000 0.246
42.22000 1.837
42.24000 4.668
42.26000 0.877
42.28000 2.412
42.30000 3.396
42.32000 -1.280
42.34000 4.010
42.36000 7.172
42.38000 0.195
42.40000 -3.232
42.42000 1.167
42.44000 -0.608
42.46000 -3.349
42.48000 -3.345
42.50000 0.600
42.52000 0.589
42.54000 1.461
42.56000 -0.736
42.58000 -0.649
42.60000 2.860
42.62000 4.221
42.64000 1.389
42.66000 0.007
42.68000 4.403
42.70000 4.159
42.72000 1.457
42.74000 0.336
42.76000 -2.891
42.78000 -1.614
42.80000 -1.799
42.82000 2.235
42.84000 3.929
42.86000 3.580
42.88000 0.193
42.90000 1.214
42.92000 3.922
42.94000 4.311
42.96000 3.988
42.98000 2.749
43.00000 2.032
43.02000 1.631
43.04000 0.815
43.06000 0.623
43.08000 1.255
43.10000 -0.537
43.12000 -3.106
43.14000 -3.240
43.16000 2.178
43.18000 2.298
43.20000 4.209
43.22000 2.226
43.24000 3.403
43.26000 4.085
43.28000 5.596
43.30000 3.885
43.32000 0.467
43.34000 2.372
43.36000 3.497
43.38000 2.404
43.40000 1.178
43.42000 4.439
43.44000 3.673
43.46000 2.436
43.48000 -0.697
43.50000 -2.246
43.52000 0.960
43.54000 1.686
43.56000 0.186
43.58000 -0.160
43.60000 0.625
43.62000 -1.579
43.64000 -2.798
43.66000 0.890
43.68000 1.706
43.70000 4.428
43.72000 3.154
43.74000 2.274
43.76000 1.509
43.78000 3.665
43.80000 5.554
43.82000 3.179
43.84000 0.915
43.86000 0.288
43.88000 0.651
43.90000 0.779
43.92000 2.686
43.94000 -0.435
43.96000 -3.176
43.98000 -1.009
44.00000 0.983
44.02000 2.312
44.04000 3.553
44.06000 0.026
44.08000 -3.174
44.10000 -1.903
44.12000 1.254
44.14000 3.700
44.16000 4.804
44.18000 3.686
44.20000 -2.042
44.22000 -0.193
44.24000 0.625
44.26000 -2.205
44.28000 -2.708
44.30000 -2.155
44.32000 -3.169
44.34000 -0.187
44.36000 -0.246
44.38000 1.352
44.40000 1.348
44.42000 0.397
44.44000 -2.330
44.46000 1.896
44.48000 -0.139
44.50000 -1.001
44.52000 2.640
44.54000 0.676
44.56000 0.973
44.58000 3.162
44.60000 4.996
44.62000 4.099
44.64000 1.266
44.66000 -1.069
44.68000 -1.443
44.70000 2.868
44.72000 3.224
44.74000 -0.175
44.76000 -3.172
44.78000 1.531
44.80000 1.674
44.82000 2.996
44.84000 1.530
44.86000 6.255
44.88000 4.142
44.90000 3.942
44.92000 1.799
44.94000 1.124
44.96000 3.937
44.98000 4.863
45.00000 2.537
45.02000 1.055
45.04000 3.343
45.06000 3.002
45.08000 2.104
45.10000 -0.684
45.12000 -2.237
45.14000 -1.239
45.16000 3.030
45.18000 6.309
45.20000 5.382
45.22000 7.592
45.24000 6.955
45.26000 2.557
45.28000 6.686
45.30000 12.658
45.32000 10.546
45.34000 7.485
45.36000 7.037
45.38000 5.657
45.40000 6.738
45.42000 11.545
45.44000 12.930
45.46000 7.951
45.48000 6.909
45.50000 10.077
45.52000 12.817
45.54000 12.056
45.56000 15.823
45.58000 16.305
45.60000 17.676
45.62000 19.459
45.64000 15.724
45.66000 15.601
45.68000 16.837
45.70000 23.172
45.72000 23.700
45.74000 20.991
45.76000 21.796
45.78000 22.807
45.80000 30.173
45.82000 28.234
45.84000 25.687
45.86000 31.913
45.88000 30.983
45.90000 29.681
45.92000 34.931
45.94000 36.718
45.96000 36.696
45.98000 36.259
46.00000 38.927
46.02000 41.176
46.04000 42.001
46.06000 39.707
46.08000 41.267
46.10000 47.102
46.12000 48.759
46.14000 51.261
46.16000 52.057
46.18000 53.729
46.20000 53.498
46.22000 54.957
46.24000 56.589
46.26000 53.396
46.28000 59.460
46.30000 63.636
46.32000 63.831
46.34000 65.944
46.36000 65.525
46.38000 67.398
46.40000 70.036
46.42000 67.656
46.44000 68.749
46.46000 70.158
46.48000 70.961
46.50000 72.018
46.52000 74.172
46.54000 73.885
46.56000 75.051
46.58000 75.643
46.60000 72.112
46.62000 70.735
46.64000 71.179
46.66000 77.058
46.68000 72.685
46.70000 66.499
46.72000 68.630
46.74000 62.199
46.76000 62.868
46.78000 66.355
46.80000 62.537
46.82000 59.224
46.84000 55.967
46.86000 56.035
46.88000 58.784
46.90000 53.650
46.92000 49.022
46.94000 42.938
46.96000 42.909
46.98000 43.764
47.00000 42.950
47.02000 42.751
47.04000 39.625
47.06000 35.232
47.08000 38.273
47.10000 37.311
47.12000 34.028
47.14000 30.664
47.16000 27.648
47.18000 26.572
47.20000 25.224
47.22000 24.466
47.24000 24.782
47.26000 20.977
47.28000 19.483
47.30000 19.340
47.32000 19.908
47.34000 16.512
47.36000 17.290
47.38000 14.658
47.40000 13.866
47.42000 13.031
47.44000 10.896
47.46000 11.337
47.48000 10.395
47.50000 9.250
47.52000 11.709
47.54000 9.946
47.56000 6.538
47.58000 8.626
47.60000 8.794
47.62000 8.284
47.64000 4.695
47.66000 4.910
47.68000 3.210
47.70000 5.546
47.72000 5.424
47.74000 6.313
47.76000 9.993
47.78000 6.151
47.80000 2.672
47.82000 3.573
47.84000 1.374
47.86000 -2.628
47.88000 3.587
47.90000 -0.185
47.92000 0.018
47.94000 -0.694
47.96000 -0.269
47.98000 -0.443
48.00000 4.391
48.02000 0.722
48.04000 3.478
48.06000 -0.987
48.08000 1.832
48.10000 0.335
48.12000 -2.818
48.14000 1.170
48.16000 4.197
48.18000 3.866
48.20000 -0.125
48.22000 0.115
48.24000 5.079
48.26000 4.491
48.28000 2.517
48.30000 -0.481
48.32000 -1.272
48.34000 0.890
48.36000 1.863
48.38000 1.805
48.40000 3.353
48.42000 0.299
48.44000 0.253
48.46000 -0.182
48.48000 2.421
48.50000 0.905
48.52000 4.643
48.54000 4.595
48.56000 3.173
48.58000 2.660
48.60000 0.474
48.62000 1.385
48.64000 5.974
48.66000 7.213
48.68000 4.389
48.70000 0.873
48.72000 0.234
48.74000 2.109
48.76000 6.305
48.78000 2.315
48.80000 4.056
48.82000 3.872
48.84000 2.701
48.86000 -2.680
48.88000 -0.054
48.90000 3.178
48.92000 2.794
48.94000 0.879
48.96000 0.392
48.98000 3.457
49.00000 1.366
49.02000 -1.259
49.04000 -1.219
49.06000 1.257
49.08000 2.423
49.10000 5.224
49.12000 3.873
49.14000 2.421
49.16000 -0.957
49.18000 3.467
49.20000 2.500
49.22000 1.862
49.24000 2.340
49.26000 2.121
49.28000 0.262
49.30000 -2.435
49.32000 0.670
49.34000 4.607
49.36000 4.005
49.38000 1.113
49.40000 0.058
49.42000 -1.668
49.44000 1.765
49.46000 0.324
49.48000 2.541
49.50000 -0.765
49.52000 -2.088
49.54000 1.925
49.56000 -0.129
49.58000 3.598
49.60000 4.202
49.62000 3.455
49.64000 3.928
49.66000 3.972
49.68000 2.246
49.70000 0.332
49.72000 2.239
49.74000 6.395
49.76000 5.890
49.78000 6.522
49.80000 4.653
49.82000 0.969
49.84000 0.545
49.86000 -1.956
49.88000 -0.796
49.90000 -2.097
49.92000 1.573
49.94000 2.746
49.96000 3.119
49.98000 -1.376
50.00000 -0.723
50.02000 1.051
50.04000 -1.075
50.06000 -1.562
50.08000 -2.301
50.10000 -1.759
50.12000 0.670
50.14000 4.695
50.16000 0.316
50.18000 3.039
50.20000 2.978
50.22000 0.730
50.24000 -2.131
50.26000 -2.319
50.28000 -2.608
50.30000 0.331
50.32000 1.572
50.34000 -0.590
50.36000 3.342
50.38000 4.813
50.40000 0.875
50.42000 -1.290
50.44000 -2.026
50.46000 -2.596
50.48000 1.749
50.50000 3.895
50.52000 3.458
50.54000 2.967
50.56000 0.874
50.58000 -0.315
50.60000 1.412
50.62000 0.690
50.64000 -1.803
50.66000 1.664
50.68000 2.246
50.70000 -0.145
50.72000 -1.742
50.74000 1.244
50.76000 2.393
50.78000 -2.399
50.80000 2.190
50.82000 6.397
50.84000 3.102
50.86000 4.996
50.88000 0.660
50.90000 1.662
50.92000 2.464
50.94000 0.277
50.96000 4.869
50.98000 5.485
51.00000 1.740
51.02000 1.634
51.04000 2.285
51.06000 3.643
51.08000 0.579
51.10000 1.907
51.12000 3.760
51.14000 1.422
51.16000 3.870
51.18000 6.887
51.20000 3.109
51.22000 0.490
51.24000 0.355
51.26000 -2.560
51.28000 2.148
51.30000 5.422
51.32000 5.571
51.34000 2.483
51.36000 2.693
51.38000 2.502
51.40000 6.918
51.42000 6.876
51.44000 4.970
51.46000 5.412
51.48000 -1.307
51.50000 -2.564
51.52000 1.005
51.54000 4.459
51.56000 1.476
51.58000 -0.066
51.60000 1.531
51.62000 -0.998
51.64000 3.678
51.66000 4.262
51.68000 4.493
51.70000 2.076
51.72000 -1.464
51.74000 1.402
51.76000 2.597
51.78000 0.937
51.80000 0.640
51.82000 2.522
51.84000 2.408
51.86000 0.667
51.88000 3.377
51.90000 3.306
51.92000 2.047
51.94000 -1.697
51.96000 -0.318
51.98000 2.603
52.00000 4.195
52.02000 1.892
52.04000 -1.636
52.06000 1.013
52.08000 2.168
52.10000 2.482
52.12000 3.919
52.14000 3.626
52.16000 2.613
52.18000 1.435
52.20000 4.389
52.22000 0.497
52.24000 3.200
52.26000 5.208
52.28000 0.834
52.30000 2.134
52.32000 -2.547
52.34000 -1.338
52.36000 2.493
52.38000 2.989
52.40000 1.375
52.42000 0.991
52.44000 3.909
52.46000 2.949
52.48000 0.236
52.50000 -0.008
52.52000 2.637
52.54000 1.549
52.56000 1.307
52.58000 -2.540
52.60000 0.033
52.62000 1.232
52.64000 0.739
52.66000 2.465
52.68000 2.113
52.70000 1.937
52.72000 0.012
52.74000 0.403
52.76000 1.732
52.78000 -0.010
52.80000 1.002
52.82000 2.202
52.84000 4.135
52.86000 2.557
52.88000 0.746
52.90000 1.711
52.92000 0.301
52.94000 -0.152
52.96000 1.134
52.98000 3.094
53.00000 2.443
53.02000 3.858
53.04000 3.872
53.06000 0.358
53.08000 -2.522
53.10000 1.825
53.12000 4.076
53.14000 4.593
53.16000 1.387
53.18000 2.546
53.20000 4.069
53.22000 3.423
53.24000 1.887
53.26000 -1.414
53.28000 3.240
53.30000 2.530
53.32000 0.778
53.34000 3.199
53.36000 4.960
53.38000 2.725
53.40000 2.214
53.42000 3.495
53.44000 -2.511
53.46000 -1.276
53.48000 -1.301
53.50000 -1.315
53.52000 1.937
53.54000 3.615
53.56000 1.186
53.58000 1.586
53.60000 3.616
53.62000 4.203
53.64000 5.724
53.66000 6.386
53.68000 6.299
53.70000 2.176
53.72000 1.084
53.74000 3.791
53.76000 5.060
53.78000 4.008
53.80000 4.691
53.82000 5.872
53.84000 2.196
53.86000 -0.738
53.88000 -1.308
53.90000 5.290
53.92000 2.728
53.94000 2.630
53.96000 -2.490
53.98000 0.552
54.00000 3.453
54.02000 4.050
54.04000 1.219
54.06000 2.613
54.08000 0.288
54.10000 0.354
54.12000 4.482
54.14000 4.540
54.16000 2.433
54.18000 5.034
54.20000 2.046
54.22000 2.260
54.24000 2.459
54.26000 1.582
54.28000 3.009
54.30000 3.261
54.32000 2.574
54.34000 4.827
54.36000 5.510
54.38000 4.974
54.40000 2.485
54.42000 2.774
54.44000 4.610
54.46000 4.559
54.48000 1.959
54.50000 2.866
54.52000 3.843
54.54000 3.967
54.56000 2.733
54.58000 4.939
54.60000 3.332
54.62000 -0.511
54.64000 0.013
54.66000 2.234
54.68000 4.147
54.70000 -0.019
54.72000 1.472
54.74000 2.482
54.76000 0.755
54.78000 1.591
54.80000 0.775
54.82000 2.913
54.84000 1.855
54.86000 0.139
54.88000 4.460
54.90000 3.443
54.92000 2.130
54.94000 1.708
54.96000 3.172
54.98000 0.825
55.00000 -1.749
55.02000 1.401
55.04000 0.625
55.06000 -0.891
55.08000 3.142
55.10000 0.540
55.12000 -2.468
55.14000 -0.821
55.16000 1.056
55.18000 -0.270
55.20000 -1.758
55.22000 2.170
55.24000 2.615
55.26000 2.150
55.28000 -0.074
55.30000 5.450
55.32000 4.365
55.34000 4.014
55.36000 -0.136
55.38000 0.636
55.40000 2.612
55.42000 4.317
55.44000 2.842
55.46000 0.510
55.48000 0.752
55.50000 -0.771
55.52000 0.219
55.54000 2.835
55.56000 6.823
55.58000 3.744
55.60000 4.061
55.62000 4.860
55.64000 4.579
55.66000 1.017
55.68000 -0.539
55.70000 0.961
55.72000 1.553
55.74000 1.980
55.76000 -2.442
55.78000 0.318
55.80000 0.997
55.82000 3.932
55.84000 2.268
55.86000 2.664
55.88000 4.316
55.90000 3.599
55.92000 3.338
55.94000 2.979
55.96000 3.588
55.98000 1.776
56.00000 -0.628
56.02000 -0.416
56.04000 1.884
56.06000 4.123
56.08000 -0.813
56.10000 2.239
56.12000 1.164
56.14000 1.673
56.16000 2.376
56.18000 1.993
56.20000 4.129
56.22000 4.875
56.24000 5.222
56.26000 0.237
56.28000 2.633
56.30000 1.417
56.32000 -1.181
56.34000 0.814
56.36000 1.896
56.38000 -2.444
56.40000 -1.635
56.42000 0.551
56.44000 1.363
56.46000 9.339
56.48000 5.999
56.50000 4.647
56.52000 1.596
56.54000 -0.720
56.56000 1.873
56.58000 3.223
56.60000 1.722
56.62000 0.797
56.64000 1.167
56.66000 3.259
56.68000 3.039
56.70000 3.406
56.72000 6.892
56.74000 5.002
56.76000 -1.797
56.78000 1.927
56.80000 3.871
56.82000 5.842
56.84000 1.938
56.86000 1.467
56.88000 2.281
56.90000 0.531
56.92000 3.178
56.94000 2.331
56.96000 0.732
56.98000 -0.856
57.00000 0.064
57.02000 -0.767
57.04000 -2.425
57.06000 -2.138
57.08000 0.007
57.10000 1.608
57.12000 -0.895
57.14000 -1.957
57.16000 -1.410
57.18000 -2.421
57.20000 1.535
57.22000 4.127
57.24000 6.340
57.26000 4.093
57.28000 4.064
57.30000 4.176
57.32000 1.715
57.34000 4.723
57.36000 3.718
57.38000 -2.301
57.40000 1.612
57.42000 4.583
57.44000 2.562
57.46000 2.572
57.48000 3.175
57.50000 5.148
57.52000 2.042
57.54000 1.871
57.56000 1.102
57.58000 0.052
57.60000 1.976
57.62000 3.242
57.64000 1.779
57.66000 0.001
57.68000 0.716
57.70000 0.075
57.72000 1.063
57.74000 3.762
57.76000 0.521
57.78000 1.909
57.80000 2.261
57.82000 2.548
57.84000 -0.233
57.86000 2.613
57.88000 1.013
57.90000 -0.628
57.92000 1.137
57.94000 1.551
57.96000 4.586
57.98000 2.281
58.00000 3.423
58.02000 7.175
58.04000 3.127
58.06000 0.498
58.08000 -1.413
58.10000 -1.365
58.12000 2.929
58.14000 6.000
58.16000 2.052
58.18000 -0.381
58.20000 -0.280
58.22000 0.205
58.24000 1.276
58.26000 3.471
58.28000 0.482
58.30000 1.112
58.32000 0.403
58.34000 3.095
58.36000 2.119
58.38000 0.567
58.40000 2.861
58.42000 2.531
58.44000 2.583
58.46000 4.275
58.48000 2.580
58.50000 1.742
58.52000 -0.588
58.54000 -0.845
58.56000 -1.644
58.58000 -0.960
58.60000 6.118
58.62000 5.557
58.64000 -1.495
58.66000 -2.363
58.68000 -0.456
58.70000 0.220
58.72000 1.420
58.74000 1.963
58.76000 1.861
58.78000 3.152
58.80000 4.072
58.82000 3.491
58.84000 1.415
58.86000 -0.751
58.88000 2.644
58.90000 2.532
58.92000 0.896
58.94000 2.458
58.96000 3.620
58.98000 0.702
59.00000 4.357
59.02000 1.859
59.04000 2.629
59.06000 3.865
59.08000 3.966
59.10000 2.789
59.12000 1.851
59.14000 -2.116
59.16000 1.479
59.18000 2.269
59.20000 0.334
59.22000 2.304
59.24000 1.691
59.26000 1.684
59.28000 3.544
59.30000 2.568
59.32000 2.194
59.34000 0.385
59.36000 3.672
59.38000 4.626
59.40000 -2.367
59.42000 -0.235
59.44000 -0.051
59.46000 0.290
59.48000 -2.320
59.50000 -2.311
59.52000 0.262
59.54000 1.536
59.56000 2.815
59.58000 1.443
59.60000 1.401
59.62000 -1.184
59.64000 1.934
59.66000 0.957
59.68000 3.289
59.70000 2.805
59.72000 0.197
59.74000 0.134
59.76000 3.605
59.78000 3.224
59.80000 -1.233
59.82000 0.156
59.84000 3.084
59.86000 2.058
59.88000 0.151
59.90000 0.605
59.92000 2.368
59.94000 2.168
59.96000 -0.368
59.98000 0.059
60.00000 3.699
60.02000 1.982
60.04000 2.521
60.06000 2.704
60.08000 -2.349
60.10000 -1.034
60.12000 2.498
60.14000 -2.169
60.16000 2.819
60.18000 0.551
60.20000 2.228
60.22000 1.783
60.24000 4.465
60.26000 2.856
60.28000 1.004
60.30000 3.246
60.32000 3.100
60.34000 -1.013
60.36000 -2.162
60.38000 2.040
60.40000 4.693
60.42000 2.717
60.44000 0.825
60.46000 -0.729
60.48000 -2.243
60.50000 0.397
60.52000 2.099
60.54000 -0.435
60.56000 1.841
60.58000 0.388
60.60000 2.600
60.62000 3.505
60.64000 2.914
60.66000 2.289
60.68000 0.093
60.70000 -0.658
60.72000 1.252
60.74000 0.371
60.76000 0.382
60.78000 2.093
60.80000 2.563
60.82000 0.983
60.84000 0.657
60.86000 2.651
60.88000 -0.861
60.90000 -0.677
60.92000 3.708
60.94000 2.976
60.96000 2.043
60.98000 2.188
61.00000 -2.284
61.02000 2.593
61.04000 3.783
61.06000 2.925
61.08000 4.267
61.10000 5.529
61.12000 3.350
61.14000 1.978
61.16000 2.478
61.18000 3.514
61.20000 0.991
61.22000 2.479
61.24000 3.714
61.26000 2.749
61.28000 1.190
61.30000 0.687
61.32000 -0.393
61.34000 3.946
61.36000 4.894
61.38000 2.814
61.40000 0.098
61.42000 -1.408
61.44000 0.685
61.46000 2.411
61.48000 2.076
61.50000 1.020
61.52000 -0.565
61.54000 -1.071
61.56000 -0.613
61.58000 2.624
61.60000 -1.624
61.62000 -1.202
61.64000 3.708
61.66000 1.419
61.68000 -1.217
61.70000 2.685
61.72000 0.381
61.74000 1.871
61.76000 1.463
61.78000 -0.209
61.80000 1.140
61.82000 2.082
61.84000 1.190
61.86000 3.898
61.88000 1.616
61.90000 -1.112
61.92000 -0.707
61.94000 -0.096
61.96000 -0.010
61.98000 3.901
62.00000 3.134
62.02000 1.254
62.04000 -0.985
62.06000 -0.038
62.08000 0.117
62.10000 1.801
62.12000 1.082
62.14000 0.370
62.16000 1.684
62.18000 4.231
62.20000 1.977
62.22000 2.103
62.24000 -1.112
62.26000 1.964
62.28000 2.449
62.30000 -1.017
62.32000 0.909
62.34000 -0.096
62.36000 1.240
62.38000 2.265
62.40000 3.790
62.42000 1.176
62.44000 -2.284
62.46000 -1.909
62.48000 2.284
62.50000 2.451
62.52000 -1.201
62.54000 2.107
62.56000 4.352
62.58000 2.420
62.60000 2.533
62.62000 0.472
62.64000 1.697
62.66000 0.573
62.68000 0.467
62.70000 5.850
62.72000 4.427
62.74000 2.476
62.76000 2.716
62.78000 3.359
62.80000 3.510
62.82000 1.985
62.84000 1.153
62.86000 -0.997
62.88000 1.206
62.90000 -1.761
62.92000 2.759
62.94000 3.022
62.96000 -0.277
62.98000 -0.616
63.00000 1.147
63.02000 0.155
63.04000 -0.685
63.06000 1.398
63.08000 0.571
63.10000 4.620
63.12000 3.138
63.14000 2.495
63.16000 1.522
63.18000 2.013
63.20000 1.267
63.22000 0.725
63.24000 2.790
63.26000 6.115
63.28000 4.454
63.30000 3.479
63.32000 1.659
63.34000 2.067
63.36000 0.663
63.38000 1.329
63.40000 4.150
63.42000 0.677
63.44000 -2.243
63.46000 -1.591
63.48000 1.040
63.50000 4.464
63.52000 4.995
63.54000 7.129
63.56000 5.678
63.58000 3.571
63.60000 -2.243
63.62000 -0.533
63.64000 3.340
63.66000 4.918
63.68000 2.584
63.70000 2.091
63.72000 0.489
63.74000 4.697
63.76000 4.144
63.78000 1.589
63.80000 2.047
63.82000 2.706
63.84000 -0.008
63.86000 0.532
63.88000 2.936
63.90000 2.585
63.92000 3.352
63.94000 2.143
63.96000 4.515
63.98000 1.932
64.00000 -0.511
64.02000 1.214
64.04000 2.601
64.06000 4.176
64.08000 1.690
64.10000 -2.036
64.12000 0.368
64.14000 1.122
64.16000 -0.479
64.18000 -1.264
64.20000 1.388
64.22000 1.015
64.24000 -1.146
64.26000 -1.909
64.28000 0.286
64.30000 3.792
64.32000 2.605
64.34000 3.733
64.36000 4.502
64.38000 1.273
64.40000 -1.364
64.42000 1.447
64.44000 3.705
64.46000 2.949
64.48000 -0.925
64.50000 -2.177
64.52000 -1.159
64.54000 1.175
64.56000 0.853
64.58000 0.875
64.60000 0.210
64.62000 1.992
64.64000 0.399
64.66000 2.211
64.68000 3.469
64.70000 3.896
64.72000 2.674
64.74000 -0.241
64.76000 1.707
64.78000 1.469
64.80000 1.852
64.82000 -0.416
64.84000 1.195
64.86000 1.133
64.88000 0.322
64.90000 -0.093
64.92000 2.539
64.94000 1.360
64.96000 1.219
64.98000 3.609
65.00000 4.557
65.02000 2.098
65.04000 -2.234
65.06000 1.843
65.08000 3.767
65.10000 1.497
65.12000 1.339
65.14000 3.793
65.16000 1.771
65.18000 1.418
65.20000 1.768
65.22000 1.297
65.24000 1.075
65.26000 3.377
65.28000 3.218
65.30000 2.848
65.32000 1.526
65.34000 -1.776
65.36000 1.172
65.38000 2.742
65.40000 1.170
65.42000 1.470
65.44000 2.867
65.46000 3.236
65.48000 -0.299
65.50000 -2.242
65.52000 1.758
65.54000 1.372
65.56000 1.679
65.58000 2.946
65.60000 3.189
65.62000 3.004
65.64000 3.372
65.66000 2.214
65.68000 1.871
65.70000 1.704
65.72000 0.710
65.74000 0.612
65.76000 0.656
65.78000 2.741
65.80000 1.927
65.82000 -0.903
65.84000 -0.245
65.86000 0.074
65.88000 -1.374
65.90000 -2.262
65.92000 -2.264
65.94000 -0.513
65.96000 -0.486
65.98000 1.067
66.00000 3.531
66.02000 0.322
66.04000 -0.207
66.06000 1.791
66.08000 1.203
66.10000 -0.765
66.12000 -1.256
66.14000 -1.834
66.16000 -1.792
66.18000 1.023
66.20000 1.624
66.22000 -1.190
66.24000 0.154
66.26000 1.850
66.28000 -0.288
66.30000 -1.811
66.32000 -2.290
66.34000 -1.653
66.36000 -0.997
66.38000 -0.663
66.40000 -0.160
66.42000 -1.018
66.44000 -1.560
66.46000 0.794
66.48000 -0.666
66.50000 1.077
66.52000 0.542
66.54000 2.097
66.56000 0.318
66.58000 2.518
66.60000 2.600
66.62000 1.406
66.64000 -0.781
66.66000 -1.756
66.68000 1.585
66.70000 5.489
66.72000 1.552
66.74000 -0.648
66.76000 -0.588
66.78000 1.542
66.80000 0.389
66.82000 1.993
66.84000 2.495
66.86000 3.945
66.88000 5.354
66.90000 0.592
66.92000 2.092
66.94000 1.144
66.96000 3.648
66.98000 3.580
67.00000 3.171
67.02000 -0.458
67.04000 1.545
67.06000 1.358
67.08000 5.400
67.10000 4.343
67.12000 2.634
67.14000 0.772
67.16000 4.530
67.18000 5.624
67.20000 8.010
67.22000 5.595
67.24000 8.468
67.26000 13.085
67.28000 9.627
67.30000 8.502
67.32000 7.560
67.34000 5.070
67.36000 9.114
67.38000 6.415
67.40000 8.470
67.42000 7.458
67.44000 9.423
67.46000 11.315
67.48000 13.403
67.50000 10.561
67.52000 10.739
67.54000 12.449
67.56000 12.380
67.58000 11.868
67.60000 11.826
67.62000 10.353
67.64000 13.305
67.66000 12.479
67.68000 13.471
67.70000 15.360
67.72000 15.156
67.74000 16.145
67.76000 17.091
67.78000 15.241
67.80000 15.239
67.82000 14.535
67.84000 16.661
67.86000 13.296
67.88000 11.082
67.90000 11.865
67.92000 14.140
67.94000 13.302
67.96000 12.484
67.98000 12.086
68.00000 10.645
68.02000 13.181
68.04000 12.623
68.06000 10.334
68.08000 10.625
68.10000 10.816
68.12000 13.422
68.14000 11.471
68.16000 7.624
68.18000 6.347
68.20000 9.511
68.22000 9.912
68.24000 8.685
68.26000 6.756
68.28000 7.567
68.30000 5.927
68.32000 4.398
68.34000 4.748
68.36000 6.277
68.38000 5.265
68.40000 2.126
68.42000 4.041
68.44000 3.827
68.46000 5.754
68.48000 7.052
68.50000 5.208
68.52000 4.610
68.54000 3.341
68.56000 2.890
68.58000 3.832
68.60000 4.598
68.62000 2.924
68.64000 2.970
68.66000 3.554
68.68000 3.511
68.70000 2.720
68.72000 4.037
68.74000 3.521
68.76000 2.632
68.78000 0.589
68.80000 -0.278
68.82000 -1.431
68.84000 0.788
68.86000 2.825
68.88000 2.396
68.90000 0.226
68.92000 0.753
68.94000 0.862
68.96000 -0.562
68.98000 -1.064
69.00000 0.080
69.02000 1.523
69.04000 2.008
69.06000 2.395
69.08000 1.814
69.10000 -1.441
69.12000 -2.151
69.14000 -0.275
69.16000 -1.456
69.18000 0.417
69.20000 2.017
69.22000 1.899
69.24000 1.691
69.26000 1.271
69.28000 1.327
69.30000 1.411
69.32000 1.405
69.34000 2.024
69.36000 3.240
69.38000 -0.180
69.40000 -2.109
69.42000 2.001
69.44000 0.802
69.46000 2.023
69.48000 2.311
69.50000 0.512
69.52000 -0.035
69.54000 2.821
69.56000 1.752
69.58000 2.074
69.60000 3.658
69.62000 3.834
69.64000 1.401
69.66000 -2.089
69.68000 3.021
69.70000 3.804
69.72000 0.306
69.74000 0.285
69.76000 -2.080
69.78000 0.435
69.80000 2.237
69.82000 1.803
69.84000 1.849
69.86000 1.720
69.88000 2.884
69.90000 2.814
69.92000 0.700
69.94000 1.337
69.96000 -1.463
69.98000 -1.066
70.00000 0.003
70.02000 2.702
70.04000 2.423
70.06000 1.244
70.08000 0.371
70.10000 -1.195
70.12000 -1.170
70.14000 0.938
70.16000 1.529
70.18000 1.183
70.20000 -0.254
70.22000 -1.117
70.24000 0.114
70.26000 1.084
70.28000 -0.263
70.30000 -1.738
70.32000 -0.771
70.34000 0.531
70.36000 1.234
70.38000 2.989
70.40000 2.437
70.42000 1.082
70.44000 3.735
70.46000 1.947
70.48000 0.023
70.50000 -0.302
70.52000 3.890
70.54000 3.644
70.56000 2.685
70.58000 2.034
70.60000 3.894
70.62000 4.625
70.64000 3.629
70.66000 4.063
70.68000 2.881
70.70000 0.859
70.72000 1.659
70.74000 1.686
70.76000 1.803
70.78000 -2.023
70.80000 0.137
70.82000 2.148
70.84000 2.312
70.86000 2.918
70.88000 0.916
70.90000 -0.553
70.92000 0.729
70.94000 1.395
70.96000 2.472
70.98000 3.101
71.00000 2.888
71.02000 0.622
71.04000 2.689
71.06000 2.219
71.08000 4.060
71.10000 3.958
71.12000 1.349
71.14000 1.086
71.16000 2.287
71.18000 -0.257
71.20000 -0.261
71.22000 0.422
71.24000 2.889
71.26000 5.036
71.28000 1.966
71.30000 3.721
71.32000 2.600
71.34000 1.939
71.36000 1.500
71.38000 0.632
71.40000 -1.022
71.42000 -0.097
71.44000 3.819
71.46000 2.178
71.48000 -0.617
71.50000 -0.104
71.52000 1.525
71.54000 2.855
71.56000 2.477
71.58000 3.381
71.60000 2.227
71.62000 4.183
71.64000 2.037
71.66000 -0.160
71.68000 0.472
71.70000 -0.555
71.72000 -1.993
71.74000 -1.154
71.76000 0.932
71.78000 1.599
71.80000 2.643
71.82000 3.060
71.84000 4.559
71.86000 3.615
71.88000 3.786
71.90000 5.746
71.92000 5.768
71.94000 2.210
71.96000 0.664
71.98000 1.382
72.00000 1.222
72.02000 1.663
72.04000 0.217
72.06000 1.503
72.08000 0.506
72.10000 1.131
72.12000 1.431
72.14000 1.436
72.16000 1.904
72.18000 2.522
72.20000 3.383
72.22000 1.912
72.24000 0.532
72.26000 0.413
72.28000 1.318
72.30000 2.610
72.32000 2.287
72.34000 1.675
72.36000 2.640
72.38000 1.766
72.40000 -0.505
72.42000 -0.108
72.44000 2.693
72.46000 2.455
72.48000 1.651
72.50000 4.035
72.52000 4.790
72.54000 4.420
72.56000 2.030
72.58000 -0.200
72.60000 0.795
72.62000 -1.943
72.64000 -1.331
72.66000 -0.855
72.68000 2.580
72.70000 5.304
72.72000 3.138
72.74000 1.668
72.76000 2.479
72.78000 2.273
72.80000 2.639
72.82000 4.546
72.84000 3.246
72.86000 0.349
72.88000 -0.388
72.90000 2.008
72.92000 3.099
72.94000 4.014
72.96000 2.886
72.98000 0.843
73.00000 -0.161
73.02000 0.124
73.04000 0.820
73.06000 -0.466
73.08000 0.708
73.10000 4.378
73.12000 5.166
73.14000 5.341
73.16000 6.794
73.18000 3.783
73.20000 1.813
73.22000 1.699
73.24000 0.433
73.26000 3.120
73.28000 4.888
73.30000 2.754
73.32000 1.603
73.34000 0.564
73.36000 -1.929
73.38000 0.742
73.40000 1.280
73.42000 3.181
73.44000 3.657
73.46000 2.145
73.48000 1.640
73.50000 1.594
73.52000 1.501
73.54000 -1.221
73.56000 -0.434
73.58000 3.386
73.60000 3.443
73.62000 3.605
73.64000 1.694
73.66000 1.147
73.68000 1.003
73.70000 2.436
73.72000 0.809
73.74000 0.386
73.76000 0.398
73.78000 -0.431
73.80000 -1.034
73.82000 0.614
73.84000 0.966
73.86000 2.266
73.88000 3.268
73.90000 4.680
73.92000 1.555
73.94000 1.304
73.96000 3.199
73.98000 1.478
74.00000 0.315
74.02000 2.719
74.04000 4.456
74.06000 3.100
74.08000 1.321
74.10000 0.783
74.12000 2.672
74.14000 3.765
74.16000 4.196
74.18000 3.215
74.20000 2.048
74.22000 -1.939
74.24000 -1.925
74.26000 0.779
74.28000 3.395
74.30000 7.344
74.32000 4.493
74.34000 -0.097
74.36000 1.357
74.38000 -0.097
74.40000 0.394
74.42000 -0.467
74.44000 2.022
74.46000 2.935
74.48000 1.550
74.50000 2.364
74.52000 1.320
74.54000 -0.573
74.56000 2.521
74.58000 0.471
74.60000 -0.799
74.62000 -0.422
74.64000 1.362
74.66000 -0.649
74.68000 0.922
74.70000 0.586
74.72000 -0.946
74.74000 3.369
74.76000 6.999
74.78000 2.807
74.80000 0.806
74.82000 0.959
74.84000 -1.951
74.86000 -1.343
74.88000 0.678
74.90000 4.954
74.92000 2.267
74.94000 5.071
74.96000 3.158
74.98000 -1.755
75.00000 1.581
75.02000 2.589
75.04000 2.666
75.06000 -0.140
75.08000 1.764
75.10000 1.332
75.12000 0.909
75.14000 4.215
75.16000 1.829
75.18000 -0.325
75.20000 1.449
75.22000 5.324
75.24000 6.427
75.26000 3.738
75.28000 1.749
75.30000 2.877
75.32000 1.226
75.34000 -0.345
75.36000 -0.385
75.38000 1.792
75.40000 0.675
75.42000 -1.946
75.44000 -1.948
75.46000 -0.605
75.48000 2.215
75.50000 0.515
75.52000 2.870
75.54000 2.448
75.56000 2.181
75.58000 1.398
75.60000 3.053
75.62000 4.220
75.64000 4.632
75.66000 4.174
75.68000 4.045
75.70000 2.250
75.72000 0.890
75.74000 4.383
75.76000 2.358
75.78000 1.982
75.80000 0.868
75.82000 -0.536
75.84000 -1.740
75.86000 0.139
75.88000 -0.008
75.90000 0.041
75.92000 -0.764
75.94000 -0.429
75.96000 0.234
75.98000 0.627
76.00000 1.911
76.02000 4.593
76.04000 6.893
76.06000 4.931
76.08000 2.137
76.10000 2.932
76.12000 1.641
76.14000 4.025
76.16000 3.494
76.18000 1.160
76.20000 2.224
76.22000 2.050
76.24000 0.647
76.26000 2.856
76.28000 3.151
76.30000 3.397
76.32000 4.727
76.34000 5.167
76.36000 2.564
76.38000 2.933
76.40000 1.826
76.42000 -1.912
76.44000 3.762
76.46000 3.730
76.48000 2.754
76.50000 2.738
76.52000 3.507
76.54000 1.332
76.56000 4.235
76.58000 4.030
76.60000 2.690
76.62000 1.031
76.64000 1.687
76.66000 4.153
76.68000 2.876
76.70000 7.115
76.72000 6.665
76.74000 3.503
76.76000 0.771
76.78000 1.859
76.80000 2.910
76.82000 2.101
76.84000 2.601
76.86000 2.291
76.88000 2.834
76.90000 2.792
76.92000 2.239
76.94000 -0.343
76.96000 2.962
76.98000 4.162
77.00000 2.446
77.02000 3.168
77.04000 4.600
77.06000 2.206
77.08000 1.548
77.10000 1.583
77.12000 2.543
77.14000 1.827
77.16000 2.581
77.18000 2.601
77.20000 4.192
77.22000 0.487
77.24000 -1.392
77.26000 1.526
77.28000 -0.433
77.30000 -0.750
77.32000 0.742
77.34000 2.539
77.36000 3.659
77.38000 0.225
77.40000 -1.682
77.42000 1.691
77.44000 2.094
77.46000 1.041
77.48000 5.040
77.50000 -0.466
77.52000 -1.402
77.54000 0.167
77.56000 1.186
77.58000 2.514
77.60000 4.454
77.62000 0.384
77.64000 0.173
77.66000 2.245
77.68000 1.684
77.70000 5.912
77.72000 4.255
77.74000 0.756
77.76000 -0.695
77.78000 -1.952
77.80000 1.137
77.82000 4.115
77.84000 4.104
77.86000 3.796
77.88000 3.840
77.90000 1.031
77.92000 1.101
77.94000 1.072
77.96000 3.526
77.98000 3.052
78.00000 4.758
78.02000 5.558
78.04000 4.069
78.06000 7.616
78.08000 5.266
78.10000 4.117
78.12000 1.207
78.14000 3.554
78.16000 4.991
78.18000 0.677
78.20000 -1.144
78.22000 1.671
78.24000 1.030
78.26000 3.485
78.28000 1.907
78.30000 5.084
78.32000 3.941
78.34000 4.793
78.36000 1.842
78.38000 2.129
78.40000 2.293
78.42000 1.339
78.44000 0.522
78.46000 -0.990
78.48000 -0.620
78.50000 0.576
78.52000 1.158
78.54000 4.001
78.56000 -0.128
78.58000 -0.458
78.60000 2.149
78.62000 0.711
78.64000 0.591
78.66000 1.009
78.68000 2.448
78.70000 2.539
78.72000 2.920
78.74000 2.739
78.76000 1.668
78.78000 1.096
78.80000 1.152
78.82000 2.304
78.84000 4.226
78.86000 4.788
78.88000 2.491
78.90000 -0.482
78.92000 -1.992
78.94000 -0.928
78.96000 3.486
78.98000 3.001
79.00000 2.281
79.02000 2.502
79.04000 2.768
79.06000 -1.012
79.08000 0.696
79.10000 -0.596
79.12000 -1.995
79.14000 -1.995
79.16000 -1.296
79.18000 -0.652
79.20000 0.033
79.22000 -0.601
79.24000 -0.011
79.26000 1.478
79.28000 2.698
79.30000 3.625
79.32000 3.360
79.34000 3.072
79.36000 3.233
79.38000 1.307
79.40000 0.712
79.42000 1.547
79.44000 1.534
79.46000 0.947
79.48000 0.520
79.50000 3.547
79.52000 1.200
79.54000 2.679
79.56000 1.368
79.58000 3.573
79.60000 3.138
79.62000 0.586
79.64000 -2.024
79.66000 1.771
79.68000 6.009
79.70000 2.834
79.72000 2.611
79.74000 1.685
79.76000 2.167
79.78000 0.405
79.80000 2.830
79.82000 4.352
79.84000 3.691
79.86000 3.209
79.88000 2.002
79.90000 2.514
79.92000 0.376
79.94000 -2.041
79.96000 1.651
79.98000 6.235
80.00000 7.261
80.02000 5.632
80.04000 6.100
80.06000 3.160
80.08000 2.515
80.10000 2.559
80.12000 4.711
80.14000 4.077
80.16000 2.497
80.18000 2.449
80.20000 7.329
80.22000 7.202
80.24000 7.771
80.26000 8.573
80.28000 5.622
80.30000 2.916
80.32000 2.092
80.34000 0.787
80.36000 1.344
80.38000 -2.101
80.40000 0.056
80.42000 2.026
80.44000 3.452
80.46000 3.092
80.48000 2.341
80.50000 4.578
80.52000 3.677
80.54000 5.195
80.56000 4.193
80.58000 3.794
80.60000 4.599
80.62000 5.118
80.64000 5.920
80.66000 5.189
80.68000 4.097
80.70000 4.287
80.72000 4.348
80.74000 5.960
80.76000 6.713
80.78000 6.596
80.80000 7.078
80.82000 6.986
80.84000 7.635
80.86000 12.433
80.88000 10.975
80.90000 8.391
80.92000 5.947
80.94000 8.766
80.96000 13.201
80.98000 11.635
81.00000 11.557
81.02000 12.028
81.04000 10.889
81.06000 10.506
81.08000 12.639
81.10000 15.142
81.12000 13.593
81.14000 11.872
81.16000 12.756
81.18000 14.249
81.20000 12.046
81.22000 13.698
81.24000 13.909
81.26000 12.997
81.28000 14.235
81.30000 13.846
81.32000 14.764
81.34000 13.038
81.36000 19.045
81.38000 17.380
81.40000 17.703
81.42000 18.377
81.44000 17.185
81.46000 16.326
81.48000 18.618
81.50000 20.469
81.52000 22.658
81.54000 23.372
81.56000 24.661
81.58000 23.036
81.60000 20.261
81.62000 20.481
81.64000 22.577
81.66000 18.061
81.68000 21.322
81.70000 23.244
81.72000 27.593
81.74000 25.613
81.76000 25.461
81.78000 26.539
81.80000 24.293
81.82000 23.136
81.84000 22.814
81.86000 27.159
81.88000 27.782
81.90000 24.949
81.92000 22.304
81.94000 17.930
81.96000 21.596
81.98000 23.003
82.00000 21.910
82.02000 21.925
82.04000 21.278
82.06000 21.050
82.08000 15.664
82.10000 19.168
82.12000 18.555
82.14000 18.136
82.16000 20.413
82.18000 18.241
82.20000 16.076
82.22000 14.864
82.24000 12.748
82.26000 13.987
82.28000 12.951
82.30000 14.150
82.32000 13.742
82.34000 12.998
82.36000 13.560
82.38000 11.017
82.40000 10.431
82.42000 11.865
82.44000 15.044
82.46000 11.033
82.48000 11.722
82.50000 12.192
82.52000 12.926
82.54000 10.060
82.56000 11.384
82.58000 11.708
82.60000 8.103
82.62000 7.177
82.64000 10.617
82.66000 11.026
82.68000 10.729
82.70000 6.918
82.72000 5.308
82.74000 8.434
82.76000 7.814
82.78000 4.289
82.80000 5.648
82.82000 5.924
82.84000 6.913
82.86000 9.215
82.88000 4.627
82.90000 5.032
82.92000 3.984
82.94000 2.668
82.96000 3.420
82.98000 1.533
83.00000 -1.789
83.02000 -2.141
83.04000 2.867
83.06000 3.173
83.08000 2.023
83.10000 0.494
83.12000 3.462
83.14000 -0.932
83.16000 0.141
83.18000 1.000
83.20000 -1.641
83.22000 0.699
83.24000 1.253
83.26000 3.975
83.28000 2.905
83.30000 1.572
83.32000 -1.077
83.34000 -1.323
83.36000 -1.856
83.38000 1.288
83.40000 -1.943
83.42000 -1.402
83.44000 -1.091
83.46000 -1.100
83.48000 -0.776
83.50000 -0.010
83.52000 -0.884
83.54000 1.863
83.56000 -0.483
83.58000 1.398
83.60000 1.155
83.62000 -1.247
83.64000 -0.590
83.66000 0.168
83.68000 -0.482
83.70000 -0.851
83.72000 1.530
83.74000 -0.116
83.76000 -1.178
83.78000 -1.226
83.80000 1.964
83.82000 2.472
83.84000 0.037
83.86000 0.413
83.88000 -0.996
83.90000 -2.090
83.92000 -2.090
83.94000 1.108
83.96000 2.137
83.98000 -1.478
84.00000 -1.483
84.02000 0.666
84.04000 1.294
84.06000 0.082
84.08000 -1.245
84.10000 -1.011
84.12000 2.437
84.14000 5.160
84.16000 1.004
84.18000 1.539
84.20000 3.255
84.22000 4.217
84.24000 4.804
84.26000 7.002
84.28000 1.988
84.30000 -2.090
84.32000 1.942
84.34000 4.612
84.36000 3.303
84.38000 3.392
84.40000 0.598
84.42000 -1.729
84.44000 0.316
84.46000 3.789
84.48000 2.885
84.50000 1.140
84.52000 2.406
84.54000 3.553
84.56000 3.828
84.58000 3.168
84.60000 0.900
84.62000 1.470
84.64000 1.480
84.66000 3.344
84.68000 2.170
84.70000 3.133
84.72000 2.287
84.74000 1.613
84.76000 1.961
84.78000 0.376
84.80000 0.712
84.82000 3.619
84.84000 3.303
84.86000 2.219
84.88000 2.814
84.90000 4.588
84.92000 4.611
84.94000 3.194
84.96000 6.049
84.98000 3.602
85.00000 4.367
85.02000 9.119
85.04000 8.305
85.06000 4.826
85.08000 6.380
85.10000 7.947
85.12000 7.693
85.14000 7.800
85.16000 6.752
85.18000 8.747
85.20000 6.232
85.22000 6.700
85.24000 8.416
85.26000 12.654
85.28000 12.191
85.30000 10.822
85.32000 12.800
85.34000 13.791
85.36000 13.920
85.38000 11.489
85.40000 8.731
85.42000 9.363
85.44000 9.058
85.46000 15.311
85.48000 16.938
85.50000 16.754
85.52000 14.821
85.54000 15.883
85.56000 18.311
85.58000 13.518
85.60000 19.214
85.62000 15.076
85.64000 16.563
85.66000 16.471
85.68000 17.773
85.70000 14.570
85.72000 13.254
85.74000 14.322
85.76000 14.629
85.78000 14.487
85.80000 20.180
85.82000 17.393
85.84000 16.203
85.86000 18.096
85.88000 15.980
85.90000 13.943
85.92000 18.399
85.94000 19.807
85.96000 18.164
85.98000 17.604
86.00000 17.754
86.02000 17.275
86.04000 16.630
86.06000 14.974
86.08000 11.198
86.10000 12.405
86.12000 16.637
86.14000 16.945
86.16000 12.302
86.18000 15.848
86.20000 19.430
86.22000 19.146
86.24000 17.045
86.26000 13.319
86.28000 10.699
86.30000 12.689
86.32000 12.121
86.34000 14.842
86.36000 12.305
86.38000 8.970
86.40000 9.068
86.42000 10.455
86.44000 8.989
86.46000 8.880
86.48000 8.583
86.50000 5.787
86.52000 3.374
86.54000 5.381
86.56000 6.376
86.58000 7.642
86.60000 9.098
86.62000 8.664
86.64000 6.760
86.66000 5.792
86.68000 1.975
86.70000 2.435
86.72000 3.937
86.74000 6.891
86.76000 8.964
86.78000 7.348
86.80000 3.124
86.82000 5.427
86.84000 4.964
86.86000 1.533
86.88000 -0.595
86.90000 0.184
86.92000 4.168
86.94000 1.715
86.96000 1.433
86.98000 1.737
87.00000 2.311
87.02000 2.175
87.04000 -1.172
87.06000 0.676
87.08000 1.751
87.10000 2.621
87.12000 2.215
87.14000 2.195
87.16000 -0.391
87.18000 3.061
87.20000 1.523
87.22000 4.042
87.24000 4.443
87.26000 3.049
87.28000 1.184
87.30000 1.746
87.32000 2.044
87.34000 3.165
87.36000 0.473
87.38000 0.965
87.40000 -0.912
87.42000 -1.944
87.44000 1.738
87.46000 1.791
87.48000 0.745
87.50000 -0.599
87.52000 -1.933
87.54000 -1.847
87.56000 0.208
87.58000 -0.250
87.60000 -0.528
87.62000 -0.028
87.64000 0.852
87.66000 0.732
87.68000 -1.917
87.70000 0.603
87.72000 -0.219
87.74000 2.711
87.76000 5.648
87.78000 3.665
87.80000 3.033
87.82000 1.896
87.84000 -0.439
87.86000 0.695
87.88000 3.705
87.90000 3.141
87.92000 0.360
87.94000 0.445
87.96000 0.564
87.98000 1.540
88.00000 2.718
88.02000 1.604
88.04000 -1.386
88.06000 0.799
88.08000 1.479
88.10000 1.095
88.12000 0.550
88.14000 -0.910
88.16000 2.221
88.18000 0.862
88.20000 -0.270
88.22000 0.519
88.24000 1.955
88.26000 0.608
88.28000 2.427
88.30000 0.135
88.32000 0.050
88.34000 -0.168
88.36000 1.765
88.38000 2.797
88.40000 2.794
88.42000 1.257
88.44000 -1.826
88.46000 -1.585
88.48000 1.058
88.50000 5.744
88.52000 5.433
88.54000 4.550
88.56000 3.028
88.58000 4.082
88.60000 0.851
88.62000 4.708
88.64000 4.460
88.66000 0.904
88.68000 -0.104
88.70000 -0.650
88.72000 4.197
88.74000 4.496
88.76000 0.477
88.78000 -1.800
88.80000 0.264
88.82000 4.504
88.84000 6.317
88.86000 2.070
88.88000 3.747
88.90000 3.057
88.92000 1.223
88.94000 1.945
88.96000 -0.671
88.98000 0.443
89.00000 0.722
89.02000 0.642
89.04000 2.605
89.06000 3.151
89.08000 0.964
89.10000 2.156
89.12000 0.983
89.14000 -0.436
89.16000 -0.602
89.18000 -0.008
89.20000 1.933
89.22000 2.800
89.24000 4.374
89.26000 6.024
89.28000 1.747
89.30000 2.035
89.32000 2.919
89.34000 3.977
89.36000 0.954
89.38000 1.810
89.40000 1.320
89.42000 1.651
89.44000 0.435
89.46000 1.069
89.48000 1.783
89.50000 2.343
89.52000 2.633
89.54000 2.271
89.56000 3.045
89.58000 3.379
89.60000 2.049
89.62000 2.258
89.64000 2.437
89.66000 3.828
89.68000 3.975
89.70000 4.520
89.72000 1.936
89.74000 3.669
89.76000 2.554
89.78000 2.819
89.80000 4.386
89.82000 5.725
89.84000 3.509
89.86000 3.212
89.88000 4.812
89.90000 3.255
89.92000 2.903
89.94000 2.598
89.96000 3.588
89.98000 4.547
90.00000 3.519
90.02000 1.812
90.04000 2.531
90.06000 3.095
90.08000 3.199
90.10000 2.518
90.12000 4.739
90.14000 6.467
90.16000 4.657
90.18000 -1.782
90.20000 1.364
90.22000 2.567
90.24000 2.861
90.26000 1.413
90.28000 0.536
90.30000 0.114
90.32000 3.272
90.34000 3.316
90.36000 2.035
90.38000 -1.128
90.40000 -0.096
90.42000 3.181
90.44000 2.878
90.46000 5.962
90.48000 2.764
90.50000 1.132
90.52000 1.004
90.54000 0.732
90.56000 2.459
90.58000 4.002
90.60000 2.090
90.62000 -0.150
90.64000 2.543
90.66000 1.255
90.68000 1.249
90.70000 3.576
90.72000 5.486
90.74000 4.829
90.76000 3.599
90.78000 4.578
90.80000 3.114
90.82000 1.598
90.84000 1.526
90.86000 2.596
90.88000 2.315
90.90000 2.071
90.92000 1.866
90.94000 0.982
90.96000 3.424
90.98000 3.066
91.00000 3.881
91.02000 3.111
91.04000 4.865
91.06000 3.830
91.08000 0.587
91.10000 1.759
91.12000 3.398
91.14000 3.034
91.16000 3.150
91.18000 3.796
91.20000 8.043
91.22000 3.534
91.24000 -1.816
91.26000 -1.302
91.28000 -0.079
91.30000 1.723
91.32000 1.057
91.34000 2.733
91.36000 0.963
91.38000 3.104
91.40000 5.648
91.42000 3.992
91.44000 3.387
91.46000 2.007
91.48000 -0.990
91.50000 -0.995
91.52000 2.752
91.54000 1.433
91.56000 1.086
91.58000 0.409
91.60000 0.194
91.62000 -0.196
91.64000 -0.812
91.66000 0.314
91.68000 1.826
91.70000 1.240
91.72000 3.610
91.74000 3.609
91.76000 1.066
91.78000 1.026
91.80000 -0.716
91.82000 0.572
91.84000 2.377
91.86000 2.921
91.88000 3.298
91.90000 1.059
91.92000 -1.845
91.94000 -0.972
91.96000 2.139
91.98000 2.493
92.00000 0.407
92.02000 3.005
92.04000 4.616
92.06000 3.493
92.08000 0.707
92.10000 0.362
92.12000 2.216
92.14000 3.990
92.16000 -0.241
92.18000 -1.203
92.20000 0.011
92.22000 3.323
92.24000 3.794
92.26000 0.864
92.28000 -0.773
92.30000 3.203
92.32000 2.613
92.34000 -0.739
92.36000 -1.849
92.38000 -0.155
92.40000 2.248
92.42000 2.857
92.44000 0.952
92.46000 0.008
92.48000 -1.585
92.50000 -0.576
92.52000 1.632
92.54000 2.714
92.56000 2.084
92.58000 1.868
92.60000 3.273
92.62000 5.531
92.64000 2.126
92.66000 0.634
92.68000 -1.434
92.70000 2.630
92.72000 1.573
92.74000 0.399
92.76000 1.261
92.78000 1.917
92.80000 -1.860
92.82000 0.548
92.84000 1.740
92.86000 3.111
92.88000 3.517
92.90000 1.031
92.92000 -0.800
92.94000 -1.432
92.96000 1.796
92.98000 3.029
93.00000 1.407
93.02000 3.925
93.04000 1.058
93.06000 0.606
93.08000 2.344
93.10000 2.572
93.12000 -0.241
93.14000 0.515
93.16000 0.754
93.18000 -0.066
93.20000 0.638
93.22000 2.690
93.24000 4.434
93.26000 4.618
93.28000 3.297
93.30000 4.541
93.32000 0.775
93.34000 -0.006
93.36000 0.374
93.38000 0.864
93.40000 2.721
93.42000 1.857
93.44000 1.882
93.46000 4.486
93.48000 4.968
93.50000 2.431
93.52000 1.354
93.54000 -1.840
93.56000 0.663
93.58000 2.024
93.60000 3.990
93.62000 2.200
93.64000 0.944
93.66000 1.947
93.68000 1.656
93.70000 1.671
93.72000 0.617
93.74000 -0.432
93.76000 3.126
93.78000 3.719
93.80000 0.408
93.82000 0.977
93.84000 2.377
93.86000 3.134
93.88000 7.333
93.90000 6.637
93.92000 3.028
93.94000 1.792
93.96000 1.037
93.98000 2.243
94.00000 3.457
94.02000 1.963
94.04000 2.676
94.06000 3.131
94.08000 2.895
94.10000 2.250
94.12000 1.098
94.14000 4.458
94.16000 4.569
94.18000 3.412
94.20000 3.348
94.22000 2.879
94.24000 2.523
94.26000 4.065
94.28000 3.689
94.30000 6.299
94.32000 2.922
94.34000 3.503
94.36000 3.725
94.38000 1.265
94.40000 4.443
94.42000 2.244
94.44000 -1.829
94.46000 -0.039
94.48000 0.097
94.50000 0.868
94.52000 4.423
94.54000 6.777
94.56000 1.867
94.58000 -0.608
94.60000 0.627
94.62000 -0.911
94.64000 0.047
94.66000 3.689
94.68000 3.138
94.70000 1.259
94.72000 -0.265
94.74000 0.252
94.76000 3.876
94.78000 7.128
94.80000 6.452
94.82000 8.369
94.84000 7.940
94.86000 5.058
94.88000 1.629
94.90000 2.567
94.92000 2.024
94.94000 2.055
94.96000 2.041
94.98000 2.890
95.00000 5.486
95.02000 7.216
95.04000 3.702
95.06000 3.680
95.08000 4.965
95.10000 2.512
95.12000 -1.829
95.14000 1.344
95.16000 5.667
95.18000 5.367
95.20000 7.354
95.22000 6.208
95.24000 -0.003
95.26000 0.296
95.28000 4.253
95.30000 2.524
95.32000 4.064
95.34000 2.374
95.36000 2.220
95.38000 5.759
95.40000 5.721
95.42000 5.603
95.44000 4.236
95.46000 5.929
95.48000 4.603
95.50000 1.299
95.52000 2.141
95.54000 3.556
95.56000 -0.399
95.58000 1.130
95.60000 1.949
95.62000 2.356
95.64000 1.069
95.66000 3.746
95.68000 2.813
95.70000 4.806
95.72000 3.532
95.74000 2.673
95.76000 6.736
95.78000 5.842
95.80000 7.652
95.82000 4.342
95.84000 1.573
95.86000 1.606
95.88000 -1.823
95.90000 -0.583
95.92000 6.382
95.94000 6.134
95.96000 9.140
95.98000 7.472
96.00000 2.335
96.02000 3.276
96.04000 2.994
96.06000 3.349
96.08000 4.118
96.10000 2.231
96.12000 4.755
96.14000 3.442
96.16000 4.471
96.18000 2.053
96.20000 3.513
96.22000 4.321
96.24000 4.667
96.26000 1.930
96.28000 2.354
96.30000 3.334
96.32000 0.698
96.34000 -1.808
96.36000 -1.563
96.38000 3.614
96.40000 6.134
96.42000 5.158
96.44000 2.900
96.46000 2.211
96.48000 3.206
96.50000 1.972
96.52000 5.817
96.54000 6.907
96.56000 8.939
96.58000 9.547
96.60000 5.187
96.62000 6.568
96.64000 5.477
96.66000 4.031
96.68000 5.362
96.70000 5.425
96.72000 2.510
96.74000 4.470
96.76000 3.868
96.78000 2.709
96.80000 0.896
96.82000 -0.091
96.84000 1.934
96.86000 2.884
96.88000 -0.368
96.90000 1.331
96.92000 3.575
96.94000 4.395
96.96000 6.160
96.98000 5.741
97.00000 -1.039
97.02000 0.251
97.04000 1.954
97.06000 2.800
97.08000 1.003
97.10000 0.800
97.12000 0.460
97.14000 -0.596
97.16000 1.385
97.18000 0.403
97.20000 -0.747
97.22000 5.156
97.24000 5.331
97.26000 1.998
97.28000 -0.685
97.30000 1.063
97.32000 1.639
97.34000 1.342
97.36000 5.396
97.38000 8.096
97.40000 7.678
97.42000 7.497
97.44000 2.087
97.46000 0.142
97.48000 1.117
97.50000 -0.322
97.52000 2.372
97.54000 4.620
97.56000 4.567
97.58000 3.730
97.60000 5.002
97.62000 0.742
97.64000 2.514
97.66000 0.678
97.68000 7.536
97.70000 3.344
97.72000 -1.832
97.74000 3.061
97.76000 5.128
97.78000 3.026
97.80000 1.921
97.82000 0.920
97.84000 1.713
97.86000 3.639
97.88000 5.769
97.90000 4.390
97.92000 4.095
97.94000 2.455
97.96000 3.284
97.98000 2.365
98.00000 0.810
98.02000 6.656
98.04000 6.331
98.06000 4.024
98.08000 0.658
98.10000 1.532
98.12000 0.652
98.14000 6.088
98.16000 4.114
98.18000 5.472
98.20000 6.654
98.22000 1.599
98.24000 1.100
98.26000 0.857
98.28000 0.164
98.30000 4.173
98.32000 3.255
98.34000 0.303
98.36000 2.480
98.38000 5.013
98.40000 4.090
98.42000 -1.733
98.44000 -1.575
98.46000 -0.427
98.48000 4.139
98.50000 6.366
98.52000 2.213
98.54000 -0.626
98.56000 -1.829
98.58000 1.449
98.60000 5.134
98.62000 5.926
98.64000 3.097
98.66000 0.298
98.68000 2.582
98.70000 3.440
98.72000 0.452
98.74000 1.070
98.76000 -0.436
98.78000 2.122
98.80000 5.978
98.82000 3.299
98.84000 1.028
98.86000 1.241
98.88000 6.137
98.90000 5.651
98.92000 1.172
98.94000 0.765
98.96000 2.219
98.98000 4.484
99.00000 0.772
99.02000 -1.550
99.04000 -0.522
99.06000 0.409
99.08000 -1.243
99.10000 0.702
99.12000 -1.436
99.14000 2.409
99.16000 4.899
99.18000 4.089
99.20000 7.195
99.22000 2.754
99.24000 2.647
99.26000 2.805
99.28000 -0.296
99.30000 5.145
99.32000 4.731
99.34000 3.984
99.36000 1.719
99.38000 3.635
99.40000 2.493
99.42000 6.357
99.44000 6.688
99.46000 7.039
99.48000 3.647
99.50000 -1.763
99.52000 -0.726
99.54000 3.293
99.56000 2.919
99.58000 4.441
99.60000 6.733
99.62000 -3.265
99.64000 4.581
99.66000 8.537
99.68000 8.289
99.70000 3.180
99.72000 3.808
99.74000 3.750
99.76000 -1.817
99.78000 0.480
99.80000 7.295
99.82000 16.798
99.84000 1.294
99.86000 0.311
99.88000 5.488
99.90000 3.756
99.92000 1.633
99.94000 -1.878
99.96000 -1.933
99.98000 0.000
