'Id: "0011388" Comment: "Integrate frame 0011388_Au-Ir-Rh_Rh-rich_XRD-Mapping-197-0000.gfrmwith cursor Wedge Cursor #5" Operator: "B?rgel" Anode: "Cu" Wavelength: "1.5406" Scantype: "2Theta (TwoTheta)" TimePerStep: "1" X: "40.5" Y: "4.5" Z: "5.95" 
10.00000 0.000
10.02000 -3.028
10.04000 -1.161
10.06000 6.294
10.08000 10.590
10.10000 3.442
10.12000 -3.013
10.14000 3.803
10.16000 -0.554
10.18000 8.801
10.20000 5.234
10.22000 5.539
10.24000 -2.044
10.26000 1.848
10.28000 2.048
10.30000 16.207
10.32000 13.169
10.34000 10.071
10.36000 10.866
10.38000 5.705
10.40000 6.482
10.42000 9.125
10.44000 10.956
10.46000 10.067
10.48000 18.965
10.50000 13.649
10.52000 18.340
10.54000 20.412
10.56000 15.430
10.58000 17.210
10.60000 19.386
10.62000 18.444
10.64000 13.570
10.66000 24.112
10.68000 13.045
10.70000 7.874
10.72000 12.816
10.74000 14.063
10.76000 22.680
10.78000 21.735
10.80000 20.879
10.82000 27.627
10.84000 23.077
10.86000 20.624
10.88000 20.654
10.90000 24.966
10.92000 23.307
10.94000 27.858
10.96000 23.020
10.98000 17.177
11.00000 28.263
11.02000 26.869
11.04000 30.355
11.06000 17.694
11.08000 14.536
11.10000 22.990
11.12000 31.750
11.14000 34.685
11.16000 32.762
11.18000 26.264
11.20000 43.596
11.22000 40.123
11.24000 45.673
11.26000 32.703
11.28000 27.414
11.30000 31.732
11.32000 19.910
11.34000 26.577
11.36000 34.838
11.38000 42.196
11.40000 44.560
11.42000 35.280
11.44000 25.583
11.46000 34.455
11.48000 30.588
11.50000 31.973
11.52000 42.749
11.54000 35.475
11.56000 35.580
11.58000 36.019
11.60000 30.832
11.62000 36.031
11.64000 36.153
11.66000 34.375
11.68000 41.182
11.70000 48.050
11.72000 42.022
11.74000 38.909
11.76000 45.348
11.78000 44.885
11.80000 43.007
11.82000 34.393
11.84000 37.342
11.86000 30.470
11.88000 34.312
11.90000 41.644
11.92000 41.487
11.94000 40.468
11.96000 42.923
11.98000 40.374
12.00000 31.786
12.02000 44.166
12.04000 37.245
12.06000 33.435
12.08000 43.016
12.10000 48.247
12.12000 45.507
12.14000 38.498
12.16000 42.513
12.18000 38.771
12.20000 38.642
12.22000 40.439
12.24000 42.289
12.26000 47.471
12.28000 44.642
12.30000 41.686
12.32000 48.593
12.34000 33.773
12.36000 35.887
12.38000 36.721
12.40000 47.104
12.42000 48.396
12.44000 39.919
12.46000 47.419
12.48000 47.982
12.50000 43.265
12.52000 44.681
12.54000 45.380
12.56000 46.465
12.58000 52.724
12.60000 48.335
12.62000 49.778
12.64000 51.719
12.66000 37.538
12.68000 38.257
12.70000 47.643
12.72000 48.964
12.74000 54.747
12.76000 54.665
12.78000 60.548
12.80000 52.920
12.82000 50.326
12.84000 46.479
12.86000 42.162
12.88000 48.946
12.90000 51.143
12.92000 46.107
12.94000 42.696
12.96000 53.669
12.98000 48.312
13.00000 46.606
13.02000 44.551
13.04000 43.878
13.06000 49.818
13.08000 44.717
13.10000 44.832
13.12000 45.729
13.14000 48.257
13.16000 42.633
13.18000 37.871
13.20000 45.499
13.22000 53.715
13.24000 52.194
13.26000 34.349
13.28000 42.793
13.30000 49.906
13.32000 44.372
13.34000 44.650
13.36000 47.935
13.38000 44.222
13.40000 44.060
13.42000 42.320
13.44000 41.195
13.46000 39.667
13.48000 42.421
13.50000 45.222
13.52000 44.556
13.54000 48.811
13.56000 45.193
13.58000 39.558
13.60000 41.213
13.62000 33.449
13.64000 28.951
13.66000 38.755
13.68000 45.605
13.70000 45.864
13.72000 36.941
13.74000 41.188
13.76000 37.143
13.78000 38.483
13.80000 40.482
13.82000 36.448
13.84000 38.933
13.86000 49.740
13.88000 42.509
13.90000 31.038
13.92000 31.834
13.94000 47.817
13.96000 41.518
13.98000 46.242
14.00000 39.910
14.02000 33.707
14.04000 39.174
14.06000 56.234
14.08000 42.982
14.10000 37.998
14.12000 34.537
14.14000 39.866
14.16000 35.379
14.18000 35.750
14.20000 35.921
14.22000 36.440
14.24000 38.767
14.26000 37.735
14.28000 32.875
14.30000 31.864
14.32000 29.238
14.34000 30.712
14.36000 40.321
14.38000 29.799
14.40000 29.898
14.42000 41.196
14.44000 34.581
14.46000 36.702
14.48000 31.413
14.50000 34.199
14.52000 26.776
14.54000 32.743
14.56000 28.033
14.58000 32.128
14.60000 41.928
14.62000 36.680
14.64000 29.294
14.66000 32.856
14.68000 31.579
14.70000 24.407
14.72000 32.833
14.74000 35.396
14.76000 31.866
14.78000 25.277
14.80000 28.338
14.82000 33.446
14.84000 27.971
14.86000 30.067
14.88000 24.505
14.90000 20.251
14.92000 28.173
14.94000 33.466
14.96000 28.910
14.98000 30.676
15.00000 34.704
15.02000 33.542
15.04000 23.795
15.06000 19.613
15.08000 26.530
15.10000 26.565
15.12000 25.435
15.14000 21.780
15.16000 27.214
15.18000 25.583
15.20000 26.530
15.22000 28.384
15.24000 26.156
15.26000 32.962
15.28000 29.117
15.30000 24.778
15.32000 25.396
15.34000 26.245
15.36000 18.318
15.38000 23.722
15.40000 31.477
15.42000 16.926
15.44000 11.167
15.46000 15.640
15.48000 16.992
15.50000 20.433
15.52000 22.148
15.54000 24.990
15.56000 30.053
15.58000 22.803
15.60000 20.793
15.62000 28.008
15.64000 26.366
15.66000 21.196
15.68000 24.817
15.70000 26.906
15.72000 25.001
15.74000 25.628
15.76000 22.562
15.78000 26.629
15.80000 22.794
15.82000 28.470
15.84000 22.952
15.86000 19.137
15.88000 18.543
15.90000 16.733
15.92000 16.800
15.94000 18.192
15.96000 13.678
15.98000 11.636
16.00000 18.755
16.02000 24.809
16.04000 16.908
16.06000 13.331
16.08000 16.492
16.10000 17.477
16.12000 14.463
16.14000 18.800
16.16000 23.693
16.18000 22.807
16.20000 23.036
16.22000 20.879
16.24000 20.597
16.26000 12.227
16.28000 15.400
16.30000 14.633
16.32000 15.904
16.34000 18.558
16.36000 12.448
16.38000 9.054
16.40000 19.777
16.42000 26.224
16.44000 13.910
16.46000 9.622
16.48000 11.964
16.50000 13.388
16.52000 15.257
16.54000 16.242
16.56000 21.097
16.58000 15.233
16.60000 11.051
16.62000 11.920
16.64000 16.366
16.66000 9.446
16.68000 13.253
16.70000 11.752
16.72000 14.920
16.74000 14.188
16.76000 14.550
16.78000 15.001
16.80000 21.647
16.82000 22.225
16.84000 22.952
16.86000 13.302
16.88000 9.383
16.90000 17.779
16.92000 16.508
16.94000 17.519
16.96000 16.063
16.98000 5.597
17.00000 11.376
17.02000 26.659
17.04000 16.755
17.06000 7.122
17.08000 -1.728
17.10000 4.284
17.12000 7.330
17.14000 -2.166
17.16000 6.538
17.18000 12.349
17.20000 7.640
17.22000 10.636
17.24000 9.181
17.26000 9.245
17.28000 11.732
17.30000 17.486
17.32000 22.853
17.34000 14.683
17.36000 6.362
17.38000 11.290
17.40000 4.995
17.42000 11.992
17.44000 16.219
17.46000 9.045
17.48000 12.586
17.50000 14.209
17.52000 7.040
17.54000 8.334
17.56000 9.939
17.58000 8.862
17.60000 13.119
17.62000 16.998
17.64000 14.553
17.66000 3.318
17.68000 6.731
17.70000 15.150
17.72000 10.615
17.74000 3.424
17.76000 5.820
17.78000 2.528
17.80000 2.473
17.82000 3.788
17.84000 2.879
17.86000 7.859
17.88000 7.554
17.90000 5.196
17.92000 0.554
17.94000 -1.654
17.96000 1.166
17.98000 3.209
18.00000 6.316
18.02000 1.866
18.04000 5.354
18.06000 8.803
18.08000 11.947
18.10000 4.489
18.12000 6.701
18.14000 10.374
18.16000 16.296
18.18000 15.493
18.20000 7.779
18.22000 4.309
18.24000 -2.307
18.26000 0.498
18.28000 5.738
18.30000 1.581
18.32000 4.159
18.34000 1.809
18.36000 5.276
18.38000 8.204
18.40000 14.665
18.42000 18.971
18.44000 6.340
18.46000 5.109
18.48000 4.708
18.50000 2.586
18.52000 -1.095
18.54000 0.854
18.56000 7.175
18.58000 4.123
18.60000 2.456
18.62000 1.132
18.64000 2.469
18.66000 -2.324
18.68000 -0.807
18.70000 6.472
18.72000 5.428
18.74000 4.934
18.76000 3.518
18.78000 0.375
18.80000 1.259
18.82000 5.864
18.84000 0.325
18.86000 0.098
18.88000 6.430
18.90000 4.810
18.92000 -1.748
18.94000 3.182
18.96000 -0.863
18.98000 0.924
19.00000 8.698
19.02000 8.087
19.04000 2.264
19.06000 -1.390
19.08000 1.021
19.10000 1.438
19.12000 5.704
19.14000 9.686
19.16000 0.385
19.18000 -2.312
19.20000 5.877
19.22000 3.164
19.24000 1.862
19.26000 6.283
19.28000 7.038
19.30000 5.215
19.32000 3.069
19.34000 2.518
19.36000 2.024
19.38000 5.777
19.40000 7.291
19.42000 4.827
19.44000 2.327
19.46000 1.421
19.48000 5.388
19.50000 5.249
19.52000 4.148
19.54000 15.917
19.56000 7.890
19.58000 4.614
19.60000 3.790
19.62000 3.453
19.64000 5.847
19.66000 -0.167
19.68000 -4.246
19.70000 1.726
19.72000 4.164
19.74000 7.704
19.76000 7.299
19.78000 1.753
19.80000 3.790
19.82000 3.207
19.84000 -1.092
19.86000 -2.980
19.88000 -1.113
19.90000 0.415
19.92000 5.902
19.94000 8.955
19.96000 9.017
19.98000 -0.248
20.00000 4.481
20.02000 8.813
20.04000 8.021
20.06000 1.146
20.08000 1.695
20.10000 10.737
20.12000 15.285
20.14000 7.191
20.16000 9.424
20.18000 9.241
20.20000 2.761
20.22000 1.606
20.24000 1.884
20.26000 0.541
20.28000 0.558
20.30000 7.856
20.32000 1.583
20.34000 8.027
20.36000 8.184
20.38000 1.128
20.40000 -0.846
20.42000 6.126
20.44000 9.569
20.46000 6.423
20.48000 2.280
20.50000 3.699
20.52000 8.024
20.54000 6.694
20.56000 7.505
20.58000 2.444
20.60000 1.804
20.62000 5.202
20.64000 11.639
20.66000 6.218
20.68000 -1.780
20.70000 0.138
20.72000 5.282
20.74000 1.861
20.76000 1.134
20.78000 3.077
20.80000 11.257
20.82000 8.386
20.84000 8.991
20.86000 8.166
20.88000 9.500
20.90000 3.276
20.92000 2.908
20.94000 1.497
20.96000 -0.618
20.98000 -4.158
21.00000 1.699
21.02000 3.843
21.04000 -1.601
21.06000 -1.046
21.08000 -0.408
21.10000 0.162
21.12000 2.369
21.14000 -1.939
21.16000 4.204
21.18000 5.746
21.20000 5.959
21.22000 6.263
21.24000 4.318
21.26000 3.853
21.28000 0.824
21.30000 2.060
21.32000 11.110
21.34000 6.863
21.36000 6.645
21.38000 3.442
21.40000 7.146
21.42000 10.476
21.44000 6.307
21.46000 1.361
21.48000 8.406
21.50000 4.607
21.52000 5.153
21.54000 3.518
21.56000 -0.586
21.58000 5.322
21.60000 7.810
21.62000 5.613
21.64000 4.066
21.66000 8.251
21.68000 12.758
21.70000 14.699
21.72000 7.108
21.74000 5.696
21.76000 9.059
21.78000 9.804
21.80000 7.689
21.82000 13.163
21.84000 13.939
21.86000 8.740
21.88000 4.146
21.90000 3.702
21.92000 1.131
21.94000 -3.553
21.96000 3.451
21.98000 8.707
22.00000 -1.218
22.02000 -0.114
22.04000 0.248
22.06000 -1.219
22.08000 2.810
22.10000 3.597
22.12000 3.908
22.14000 1.212
22.16000 1.986
22.18000 0.799
22.20000 3.800
22.22000 7.771
22.24000 5.428
22.26000 4.158
22.28000 0.652
22.30000 1.209
22.32000 -0.665
22.34000 -1.180
22.36000 1.131
22.38000 3.166
22.40000 3.644
22.42000 5.830
22.44000 7.729
22.46000 2.404
22.48000 2.268
22.50000 8.816
22.52000 7.888
22.54000 4.357
22.56000 1.402
22.58000 7.393
22.60000 13.114
22.62000 9.793
22.64000 7.087
22.66000 7.423
22.68000 4.953
22.70000 -4.087
22.72000 0.949
22.74000 6.634
22.76000 5.266
22.78000 2.068
22.80000 5.008
22.82000 8.012
22.84000 4.146
22.86000 0.542
22.88000 -0.525
22.90000 -1.854
22.92000 4.209
22.94000 4.429
22.96000 5.264
22.98000 5.761
23.00000 3.322
23.02000 8.009
23.04000 9.164
23.06000 8.497
23.08000 7.720
23.10000 11.141
23.12000 11.150
23.14000 11.588
23.16000 14.735
23.18000 10.560
23.20000 7.968
23.22000 7.459
23.24000 -0.435
23.26000 -4.036
23.28000 3.542
23.30000 9.486
23.32000 8.932
23.34000 4.850
23.36000 8.867
23.38000 9.667
23.40000 11.283
23.42000 9.249
23.44000 10.954
23.46000 3.579
23.48000 -0.409
23.50000 1.840
23.52000 6.093
23.54000 6.202
23.56000 2.012
23.58000 -2.892
23.60000 -4.006
23.62000 1.067
23.64000 0.530
23.66000 2.382
23.68000 1.714
23.70000 3.503
23.72000 4.143
23.74000 0.697
23.76000 -1.443
23.78000 -1.712
23.80000 -1.404
23.82000 4.601
23.84000 4.682
23.86000 7.944
23.88000 7.026
23.90000 3.425
23.92000 -1.246
23.94000 9.928
23.96000 14.671
23.98000 13.111
24.00000 8.332
24.02000 3.151
24.04000 -1.400
24.06000 -0.006
24.08000 0.186
24.10000 2.663
24.12000 0.363
24.14000 -2.571
24.16000 -1.546
24.18000 -3.731
24.20000 -2.277
24.22000 3.450
24.24000 5.423
24.26000 2.825
24.28000 3.346
24.30000 2.742
24.32000 -3.380
24.34000 2.133
24.36000 8.899
24.38000 4.496
24.40000 3.293
24.42000 5.893
24.44000 1.139
24.46000 -3.996
24.48000 -2.793
24.50000 1.236
24.52000 1.903
24.54000 0.600
24.56000 1.378
24.58000 8.039
24.60000 5.061
24.62000 -1.764
24.64000 0.163
24.66000 3.226
24.68000 5.322
24.70000 7.192
24.72000 3.850
24.74000 1.508
24.76000 1.107
24.78000 2.359
24.80000 1.930
24.82000 -1.014
24.84000 2.604
24.86000 7.413
24.88000 0.685
24.90000 -3.970
24.92000 3.693
24.94000 6.546
24.96000 5.529
24.98000 0.096
25.00000 3.194
25.02000 4.892
25.04000 4.162
25.06000 3.210
25.08000 2.276
25.10000 6.992
25.12000 3.805
25.14000 6.649
25.16000 4.466
25.18000 4.455
25.20000 9.583
25.22000 8.898
25.24000 6.046
25.26000 4.006
25.28000 0.970
25.30000 0.054
25.32000 6.437
25.34000 5.001
25.36000 4.637
25.38000 8.943
25.40000 4.143
25.42000 3.171
25.44000 1.066
25.46000 1.904
25.48000 2.758
25.50000 1.488
25.52000 3.745
25.54000 1.960
25.56000 1.288
25.58000 4.568
25.60000 9.178
25.62000 -2.164
25.64000 -2.273
25.66000 0.861
25.68000 0.953
25.70000 0.572
25.72000 -0.033
25.74000 5.516
25.76000 7.943
25.78000 8.432
25.80000 5.392
25.82000 5.729
25.84000 -3.920
25.86000 -2.513
25.88000 2.034
25.90000 6.733
25.92000 3.117
25.94000 4.941
25.96000 1.080
25.98000 -0.174
26.00000 1.011
26.02000 -2.410
26.04000 -0.622
26.06000 1.925
26.08000 5.776
26.10000 5.084
26.12000 1.543
26.14000 -1.109
26.16000 2.117
26.18000 4.451
26.20000 2.268
26.22000 2.947
26.24000 0.455
26.26000 -2.142
26.28000 0.595
26.30000 2.429
26.32000 5.159
26.34000 2.535
26.36000 -1.204
26.38000 -1.623
26.40000 3.938
26.42000 4.894
26.44000 0.184
26.46000 8.390
26.48000 8.983
26.50000 8.148
26.52000 4.583
26.54000 3.869
26.56000 4.622
26.58000 9.754
26.60000 3.226
26.62000 -0.733
26.64000 1.329
26.66000 4.889
26.68000 4.739
26.70000 0.629
26.72000 1.728
26.74000 5.473
26.76000 8.360
26.78000 5.139
26.80000 6.582
26.82000 8.443
26.84000 11.822
26.86000 9.573
26.88000 6.113
26.90000 7.474
26.92000 7.153
26.94000 8.935
26.96000 2.112
26.98000 -3.827
27.00000 -2.480
27.02000 5.166
27.04000 4.318
27.06000 3.043
27.08000 -1.773
27.10000 5.300
27.12000 10.872
27.14000 5.066
27.16000 7.652
27.18000 3.801
27.20000 1.927
27.22000 -2.604
27.24000 2.110
27.26000 9.802
27.28000 9.276
27.30000 7.945
27.32000 6.052
27.34000 6.796
27.36000 6.449
27.38000 5.245
27.40000 2.929
27.42000 -1.771
27.44000 3.506
27.46000 1.927
27.48000 2.960
27.50000 -1.411
27.52000 1.063
27.54000 3.155
27.56000 7.367
27.58000 3.558
27.60000 -0.145
27.62000 4.407
27.64000 4.614
27.66000 2.508
27.68000 5.653
27.70000 2.635
27.72000 4.899
27.74000 6.745
27.76000 0.656
27.78000 1.387
27.80000 1.432
27.82000 -3.801
27.84000 -0.525
27.86000 6.188
27.88000 4.145
27.90000 0.923
27.92000 4.646
27.94000 7.295
27.96000 7.405
27.98000 4.326
28.00000 0.640
28.02000 -0.285
28.04000 3.213
28.06000 -3.083
28.08000 -3.225
28.10000 1.235
28.12000 4.668
28.14000 6.311
28.16000 10.358
28.18000 0.323
28.20000 -0.693
28.22000 3.256
28.24000 7.975
28.26000 4.623
28.28000 -0.281
28.30000 0.711
28.32000 0.089
28.34000 2.301
28.36000 9.902
28.38000 8.685
28.40000 5.409
28.42000 -0.167
28.44000 -0.572
28.46000 2.053
28.48000 4.665
28.50000 5.390
28.52000 4.280
28.54000 -0.562
28.56000 -2.904
28.58000 -1.122
28.60000 5.175
28.62000 8.191
28.64000 6.808
28.66000 7.238
28.68000 2.683
28.70000 1.352
28.72000 2.382
28.74000 2.470
28.76000 2.703
28.78000 1.228
28.80000 -0.694
28.82000 -1.114
28.84000 -0.848
28.86000 -0.470
28.88000 1.575
28.90000 -2.328
28.92000 2.488
28.94000 8.542
28.96000 2.691
28.98000 2.780
29.00000 3.317
29.02000 -0.147
29.04000 -0.703
29.06000 0.853
29.08000 3.107
29.10000 0.095
29.12000 1.857
29.14000 -3.280
29.16000 -3.743
29.18000 0.151
29.20000 5.303
29.22000 11.221
29.24000 7.774
29.26000 4.386
29.28000 4.217
29.30000 7.465
29.32000 4.379
29.34000 2.364
29.36000 0.957
29.38000 2.734
29.40000 4.339
29.42000 0.051
29.44000 2.900
29.46000 6.372
29.48000 5.634
29.50000 6.477
29.52000 6.558
29.54000 2.719
29.56000 2.550
29.58000 3.369
29.60000 3.138
29.62000 8.928
29.64000 9.939
29.66000 7.312
29.68000 3.251
29.70000 4.171
29.72000 6.219
29.74000 2.181
29.76000 4.828
29.78000 7.972
29.80000 4.505
29.82000 4.712
29.84000 7.131
29.86000 5.032
29.88000 1.975
29.90000 9.584
29.92000 9.145
29.94000 4.670
29.96000 4.076
29.98000 2.599
30.00000 3.062
30.02000 2.215
30.04000 3.977
30.06000 6.147
30.08000 1.439
30.10000 1.109
30.12000 1.130
30.14000 1.505
30.16000 2.037
30.18000 1.226
30.20000 1.523
30.22000 3.733
30.24000 9.041
30.26000 7.631
30.28000 -0.889
30.30000 -3.661
30.32000 4.832
30.34000 4.582
30.36000 4.145
30.38000 7.105
30.40000 9.280
30.42000 4.447
30.44000 8.494
30.46000 5.581
30.48000 1.843
30.50000 4.740
30.52000 1.642
30.54000 1.737
30.56000 5.597
30.58000 5.112
30.60000 1.260
30.62000 -0.018
30.64000 1.754
30.66000 1.970
30.68000 -0.626
30.70000 0.840
30.72000 2.173
30.74000 4.703
30.76000 8.988
30.78000 5.415
30.80000 1.613
30.82000 0.961
30.84000 1.834
30.86000 2.927
30.88000 4.330
30.90000 3.479
30.92000 4.980
30.94000 6.855
30.96000 -0.666
30.98000 -2.660
31.00000 -1.799
31.02000 2.608
31.04000 -0.478
31.06000 1.180
31.08000 3.026
31.10000 2.241
31.12000 5.005
31.14000 4.308
31.16000 1.907
31.18000 4.222
31.20000 2.093
31.22000 2.025
31.24000 1.909
31.26000 1.624
31.28000 -2.645
31.30000 2.240
31.32000 5.101
31.34000 2.358
31.36000 -1.147
31.38000 -3.032
31.40000 -0.127
31.42000 3.034
31.44000 3.456
31.46000 4.277
31.48000 2.128
31.50000 3.327
31.52000 0.545
31.54000 -1.412
31.56000 -0.487
31.58000 -0.319
31.60000 0.971
31.62000 2.264
31.64000 0.143
31.66000 4.527
31.68000 8.477
31.70000 5.072
31.72000 6.899
31.74000 4.504
31.76000 4.186
31.78000 0.587
31.80000 0.373
31.82000 1.792
31.84000 2.119
31.86000 2.237
31.88000 8.498
31.90000 5.209
31.92000 -0.613
31.94000 0.203
31.96000 7.187
31.98000 7.311
32.00000 5.274
32.02000 2.760
32.04000 -0.534
32.06000 -1.655
32.08000 1.613
32.10000 7.543
32.12000 2.705
32.14000 5.848
32.16000 5.321
32.18000 1.074
32.20000 0.392
32.22000 5.023
32.24000 6.014
32.26000 12.218
32.28000 4.660
32.30000 -3.590
32.32000 0.609
32.34000 5.604
32.36000 4.828
32.38000 7.468
32.40000 -0.063
32.42000 -1.761
32.44000 4.468
32.46000 1.800
32.48000 3.324
32.50000 4.641
32.52000 9.334
32.54000 4.995
32.56000 2.490
32.58000 0.612
32.60000 1.696
32.62000 5.348
32.64000 0.986
32.66000 4.785
32.68000 6.919
32.70000 2.708
32.72000 2.504
32.74000 -0.907
32.76000 -3.244
32.78000 0.576
32.80000 4.550
32.82000 2.501
32.84000 -3.270
32.86000 -2.474
32.88000 -3.254
32.90000 -2.713
32.92000 0.965
32.94000 6.431
32.96000 7.867
32.98000 3.701
33.00000 2.876
33.02000 1.446
33.04000 -0.130
33.06000 3.067
33.08000 -1.017
33.10000 -1.933
33.12000 -0.643
33.14000 -1.749
33.16000 0.969
33.18000 1.171
33.20000 -3.092
33.22000 -1.487
33.24000 3.148
33.26000 -1.722
33.28000 -0.848
33.30000 2.572
33.32000 -0.243
33.34000 3.301
33.36000 5.418
33.38000 5.819
33.40000 4.784
33.42000 1.515
33.44000 2.264
33.46000 -2.088
33.48000 -3.469
33.50000 0.353
33.52000 1.588
33.54000 5.289
33.56000 4.462
33.58000 6.561
33.60000 0.353
33.62000 -3.580
33.64000 -0.569
33.66000 2.485
33.68000 4.968
33.70000 4.679
33.72000 5.589
33.74000 5.365
33.76000 1.952
33.78000 1.512
33.80000 4.307
33.82000 2.231
33.84000 2.944
33.86000 4.188
33.88000 2.596
33.90000 3.464
33.92000 4.539
33.94000 -0.742
33.96000 -1.273
33.98000 6.304
34.00000 3.189
34.02000 2.604
34.04000 -1.944
34.06000 -3.576
34.08000 -0.958
34.10000 2.207
34.12000 6.363
34.14000 6.152
34.16000 6.803
34.18000 8.254
34.20000 7.569
34.22000 4.725
34.24000 0.910
34.26000 0.428
34.28000 -1.929
34.30000 -1.433
34.32000 4.548
34.34000 2.866
34.36000 1.155
34.38000 2.379
34.40000 3.754
34.42000 5.182
34.44000 2.822
34.46000 1.805
34.48000 2.980
34.50000 2.987
34.52000 1.127
34.54000 1.122
34.56000 2.337
34.58000 -0.158
34.60000 1.133
34.62000 -2.845
34.64000 -1.487
34.66000 -0.779
34.68000 0.691
34.70000 -1.243
34.72000 0.152
34.74000 0.933
34.76000 2.156
34.78000 -0.862
34.80000 0.347
34.82000 3.371
34.84000 4.290
34.86000 5.121
34.88000 3.146
34.90000 -0.999
34.92000 1.376
34.94000 3.064
34.96000 5.458
34.98000 4.215
35.00000 -0.859
35.02000 1.965
35.04000 1.674
35.06000 -2.612
35.08000 -0.508
35.10000 0.717
35.12000 11.170
35.14000 8.404
35.16000 -1.714
35.18000 -3.283
35.20000 0.668
35.22000 3.570
35.24000 4.063
35.26000 6.188
35.28000 7.845
35.30000 7.423
35.32000 6.991
35.34000 4.573
35.36000 3.075
35.38000 4.928
35.40000 0.582
35.42000 2.621
35.44000 6.141
35.46000 5.638
35.48000 8.728
35.50000 8.969
35.52000 11.756
35.54000 6.961
35.56000 3.706
35.58000 -3.485
35.60000 3.126
35.62000 4.994
35.64000 6.480
35.66000 6.877
35.68000 9.740
35.70000 10.798
35.72000 8.293
35.74000 3.214
35.76000 5.356
35.78000 8.910
35.80000 9.109
35.82000 4.367
35.84000 4.498
35.86000 4.453
35.88000 1.262
35.90000 0.356
35.92000 -1.645
35.94000 0.882
35.96000 6.404
35.98000 7.483
36.00000 6.745
36.02000 7.414
36.04000 1.997
36.06000 -0.742
36.08000 3.531
36.10000 5.665
36.12000 1.393
36.14000 1.438
36.16000 -0.571
36.18000 2.518
36.20000 0.883
36.22000 -1.025
36.24000 2.096
36.26000 1.334
36.28000 2.762
36.30000 4.911
36.32000 2.665
36.34000 1.853
36.36000 0.173
36.38000 -1.711
36.40000 -0.576
36.42000 1.288
36.44000 -0.743
36.46000 1.657
36.48000 1.304
36.50000 2.589
36.52000 1.908
36.54000 1.394
36.56000 -0.747
36.58000 3.848
36.60000 6.639
36.62000 3.353
36.64000 2.815
36.66000 1.056
36.68000 -3.543
36.70000 -2.686
36.72000 5.322
36.74000 4.304
36.76000 1.310
36.78000 1.707
36.80000 4.426
36.82000 5.191
36.84000 2.803
36.86000 -0.970
36.88000 -3.546
36.90000 0.664
36.92000 3.832
36.94000 3.585
36.96000 3.426
36.98000 2.380
37.00000 2.767
37.02000 3.668
37.04000 4.608
37.06000 1.528
37.08000 -0.931
37.10000 2.530
37.12000 9.153
37.14000 3.555
37.16000 0.095
37.18000 2.088
37.20000 4.130
37.22000 6.930
37.24000 3.621
37.26000 1.663
37.28000 3.121
37.30000 1.967
37.32000 0.054
37.34000 1.677
37.36000 2.220
37.38000 7.210
37.40000 6.492
37.42000 3.080
37.44000 6.940
37.46000 -0.196
37.48000 -1.527
37.50000 1.590
37.52000 0.825
37.54000 -3.597
37.56000 -2.199
37.58000 -0.591
37.60000 -1.404
37.62000 3.352
37.64000 5.135
37.66000 6.529
37.68000 0.814
37.70000 -0.285
37.72000 -0.965
37.74000 1.105
37.76000 0.543
37.78000 0.477
37.80000 1.651
37.82000 2.012
37.84000 9.428
37.86000 6.760
37.88000 4.625
37.90000 2.363
37.92000 7.270
37.94000 5.977
37.96000 6.017
37.98000 1.456
38.00000 1.764
38.02000 2.648
38.04000 2.807
38.06000 1.899
38.08000 2.853
38.10000 4.419
38.12000 7.916
38.14000 11.156
38.16000 3.703
38.18000 4.910
38.20000 7.177
38.22000 12.820
38.24000 11.309
38.26000 6.249
38.28000 6.722
38.30000 8.785
38.32000 7.710
38.34000 13.103
38.36000 14.083
38.38000 14.878
38.40000 15.218
38.42000 13.000
38.44000 13.426
38.46000 10.602
38.48000 11.525
38.50000 11.999
38.52000 12.945
38.54000 16.166
38.56000 14.535
38.58000 20.138
38.60000 23.597
38.62000 23.399
38.64000 19.511
38.66000 19.302
38.68000 15.678
38.70000 22.605
38.72000 19.865
38.74000 19.791
38.76000 19.239
38.78000 19.036
38.80000 25.329
38.82000 25.238
38.84000 23.820
38.86000 21.453
38.88000 21.684
38.90000 22.717
38.92000 24.355
38.94000 22.525
38.96000 23.626
38.98000 28.008
39.00000 27.458
39.02000 28.585
39.04000 27.782
39.06000 29.192
39.08000 31.655
39.10000 32.424
39.12000 33.406
39.14000 31.597
39.16000 29.674
39.18000 31.668
39.20000 35.614
39.22000 35.442
39.24000 33.985
39.26000 38.854
39.28000 39.222
39.30000 42.538
39.32000 47.585
39.34000 42.878
39.36000 44.936
39.38000 52.554
39.40000 53.164
39.42000 54.884
39.44000 55.684
39.46000 58.180
39.48000 60.538
39.50000 65.585
39.52000 66.904
39.54000 63.727
39.56000 61.277
39.58000 65.629
39.60000 72.196
39.62000 76.766
39.64000 82.157
39.66000 86.657
39.68000 89.039
39.70000 95.659
39.72000 95.994
39.74000 99.714
39.76000 110.962
39.78000 114.463
39.80000 110.006
39.82000 118.837
39.84000 130.413
39.86000 138.176
39.88000 141.018
39.90000 145.103
39.92000 157.868
39.94000 164.312
39.96000 172.984
39.98000 180.536
40.00000 182.152
40.02000 197.792
40.04000 212.893
40.06000 226.132
40.08000 227.773
40.10000 241.560
40.12000 247.411
40.14000 258.897
40.16000 277.221
40.18000 285.324
40.20000 296.171
40.22000 311.068
40.24000 327.067
40.26000 346.464
40.28000 358.488
40.30000 365.717
40.32000 387.999
40.34000 410.994
40.36000 433.516
40.38000 459.314
40.40000 471.168
40.42000 480.477
40.44000 498.368
40.46000 517.027
40.48000 540.569
40.50000 559.299
40.52000 576.606
40.54000 584.362
40.56000 601.604
40.58000 626.675
40.60000 641.769
40.62000 656.243
40.64000 682.997
40.66000 700.071
40.68000 697.796
40.70000 699.640
40.72000 692.364
40.74000 698.722
40.76000 703.959
40.78000 708.009
40.80000 705.291
40.82000 706.880
40.84000 710.828
40.86000 695.774
40.88000 686.324
40.90000 678.107
40.92000 665.041
40.94000 654.291
40.96000 637.902
40.98000 622.075
41.00000 602.157
41.02000 595.194
41.04000 567.031
41.06000 549.598
41.08000 532.200
41.10000 507.143
41.12000 490.677
41.14000 469.232
41.16000 449.961
41.18000 430.643
41.20000 424.569
41.22000 396.602
41.24000 372.890
41.26000 357.066
41.28000 344.918
41.30000 322.052
41.32000 306.214
41.34000 295.540
41.36000 274.224
41.38000 254.284
41.40000 241.081
41.42000 234.949
41.44000 226.987
41.46000 207.253
41.48000 201.753
41.50000 191.596
41.52000 175.476
41.54000 169.842
41.56000 163.805
41.58000 150.540
41.60000 146.972
41.62000 136.127
41.64000 124.133
41.66000 124.078
41.68000 117.805
41.70000 112.210
41.72000 108.010
41.74000 100.118
41.76000 90.112
41.78000 87.341
41.80000 83.494
41.82000 81.831
41.84000 80.769
41.86000 77.950
41.88000 76.252
41.90000 70.020
41.92000 59.194
41.94000 56.323
41.96000 58.163
41.98000 48.850
42.00000 42.752
42.02000 43.364
42.04000 41.900
42.06000 41.847
42.08000 43.099
42.10000 42.497
42.12000 41.373
42.14000 38.056
42.16000 37.525
42.18000 33.542
42.20000 31.825
42.22000 33.893
42.24000 29.762
42.26000 25.764
42.28000 27.058
42.30000 21.933
42.32000 20.369
42.34000 21.190
42.36000 20.781
42.38000 22.577
42.40000 20.856
42.42000 16.122
42.44000 17.823
42.46000 15.775
42.48000 15.862
42.50000 14.724
42.52000 18.392
42.54000 14.699
42.56000 11.073
42.58000 14.250
42.60000 15.024
42.62000 10.243
42.64000 7.445
42.66000 8.901
42.68000 6.178
42.70000 6.434
42.72000 10.159
42.74000 6.835
42.76000 7.233
42.78000 9.188
42.80000 11.857
42.82000 10.113
42.84000 4.037
42.86000 6.440
42.88000 13.590
42.90000 4.135
42.92000 1.366
42.94000 1.520
42.96000 3.069
42.98000 5.818
43.00000 0.590
43.02000 1.173
43.04000 4.331
43.06000 5.778
43.08000 6.024
43.10000 3.375
43.12000 -0.938
43.14000 0.483
43.16000 3.828
43.18000 2.056
43.20000 2.789
43.22000 0.849
43.24000 2.725
43.26000 4.054
43.28000 2.249
43.30000 4.279
43.32000 3.844
43.34000 1.956
43.36000 1.246
43.38000 0.024
43.40000 -3.641
43.42000 -0.232
43.44000 -0.630
43.46000 -1.996
43.48000 5.075
43.50000 2.402
43.52000 1.856
43.54000 2.441
43.56000 0.737
43.58000 0.522
43.60000 0.196
43.62000 1.103
43.64000 1.652
43.66000 -1.800
43.68000 1.771
43.70000 1.044
43.72000 1.015
43.74000 1.766
43.76000 0.355
43.78000 -0.786
43.80000 4.092
43.82000 2.145
43.84000 -1.087
43.86000 -3.596
43.88000 -2.346
43.90000 -2.871
43.92000 -0.740
43.94000 4.514
43.96000 3.919
43.98000 4.232
44.00000 2.616
44.02000 4.268
44.04000 2.157
44.06000 4.069
44.08000 1.328
44.10000 2.489
44.12000 1.820
44.14000 -1.450
44.16000 -0.415
44.18000 0.909
44.20000 0.507
44.22000 -1.650
44.24000 1.365
44.26000 2.208
44.28000 -0.437
44.30000 3.970
44.32000 7.487
44.34000 2.851
44.36000 1.975
44.38000 2.125
44.40000 2.860
44.42000 -2.967
44.44000 -3.573
44.46000 2.314
44.48000 6.420
44.50000 4.458
44.52000 4.922
44.54000 0.488
44.56000 1.762
44.58000 7.352
44.60000 2.974
44.62000 3.010
44.64000 1.654
44.66000 -0.855
44.68000 1.007
44.70000 3.727
44.72000 0.199
44.74000 5.646
44.76000 1.986
44.78000 2.512
44.80000 3.838
44.82000 -0.454
44.84000 -0.239
44.86000 1.573
44.88000 4.005
44.90000 4.801
44.92000 6.286
44.94000 7.798
44.96000 4.284
44.98000 -1.647
45.00000 0.898
45.02000 3.369
45.04000 -1.523
45.06000 0.459
45.08000 10.235
45.10000 9.379
45.12000 1.494
45.14000 -0.884
45.16000 0.780
45.18000 0.046
45.20000 5.199
45.22000 9.287
45.24000 7.186
45.26000 0.004
45.28000 -3.582
45.30000 -1.047
45.32000 -1.320
45.34000 -0.685
45.36000 1.760
45.38000 3.491
45.40000 2.325
45.42000 2.049
45.44000 7.101
45.46000 7.433
45.48000 5.078
45.50000 1.941
45.52000 1.508
45.54000 4.615
45.56000 6.292
45.58000 2.798
45.60000 2.262
45.62000 4.584
45.64000 1.424
45.66000 3.848
45.68000 3.601
45.70000 2.443
45.72000 4.431
45.74000 11.996
45.76000 12.601
45.78000 10.771
45.80000 16.521
45.82000 14.782
45.84000 17.299
45.86000 18.024
45.88000 5.649
45.90000 11.759
45.92000 19.915
45.94000 20.342
45.96000 9.937
45.98000 10.697
46.00000 11.554
46.02000 12.162
46.04000 10.539
46.06000 11.018
46.08000 19.371
46.10000 26.119
46.12000 19.564
46.14000 17.247
46.16000 14.409
46.18000 12.592
46.20000 9.135
46.22000 12.784
46.24000 22.726
46.26000 19.196
46.28000 20.348
46.30000 16.871
46.32000 15.784
46.34000 22.220
46.36000 24.809
46.38000 27.457
46.40000 29.502
46.42000 29.716
46.44000 28.366
46.46000 32.911
46.48000 37.445
46.50000 29.096
46.52000 24.415
46.54000 24.012
46.56000 30.119
46.58000 38.493
46.60000 36.933
46.62000 39.249
46.64000 46.615
46.66000 46.748
46.68000 44.410
46.70000 42.779
46.72000 41.132
46.74000 46.754
46.76000 50.120
46.78000 48.184
46.80000 52.850
46.82000 57.060
46.84000 53.285
46.86000 53.682
46.88000 50.265
46.90000 52.479
46.92000 51.047
46.94000 60.176
46.96000 67.406
46.98000 64.345
47.00000 51.931
47.02000 59.696
47.04000 65.222
47.06000 68.316
47.08000 67.163
47.10000 70.731
47.12000 65.609
47.14000 64.395
47.16000 66.300
47.18000 70.249
47.20000 69.402
47.22000 78.564
47.24000 85.737
47.26000 72.187
47.28000 68.688
47.30000 69.610
47.32000 78.510
47.34000 73.514
47.36000 70.028
47.38000 79.181
47.40000 73.932
47.42000 67.524
47.44000 65.976
47.46000 71.036
47.48000 72.175
47.50000 76.053
47.52000 73.962
47.54000 70.025
47.56000 69.360
47.58000 73.564
47.60000 76.344
47.62000 75.262
47.64000 66.822
47.66000 55.619
47.68000 51.561
47.70000 51.684
47.72000 47.148
47.74000 57.425
47.76000 72.266
47.78000 70.243
47.80000 56.689
47.82000 53.643
47.84000 49.106
47.86000 44.953
47.88000 44.024
47.90000 41.908
47.92000 42.814
47.94000 44.131
47.96000 41.500
47.98000 40.454
48.00000 32.099
48.02000 38.182
48.04000 42.371
48.06000 37.491
48.08000 31.732
48.10000 27.419
48.12000 28.929
48.14000 25.176
48.16000 27.313
48.18000 31.155
48.20000 24.110
48.22000 19.288
48.24000 16.920
48.26000 19.928
48.28000 15.692
48.30000 14.358
48.32000 14.639
48.34000 16.777
48.36000 12.658
48.38000 10.767
48.40000 16.764
48.42000 13.668
48.44000 12.024
48.46000 12.530
48.48000 13.420
48.50000 15.914
48.52000 14.203
48.54000 13.410
48.56000 12.761
48.58000 7.254
48.60000 12.496
48.62000 11.080
48.64000 7.221
48.66000 5.589
48.68000 2.753
48.70000 0.121
48.72000 5.072
48.74000 7.946
48.76000 4.049
48.78000 5.243
48.80000 2.277
48.82000 -2.568
48.84000 1.608
48.86000 -0.129
48.88000 -3.324
48.90000 -0.604
48.92000 1.050
48.94000 7.975
48.96000 1.762
48.98000 0.961
49.00000 3.740
49.02000 3.990
49.04000 -0.644
49.06000 1.351
49.08000 1.030
49.10000 5.255
49.12000 2.071
49.14000 -0.217
49.16000 0.745
49.18000 1.033
49.20000 -0.754
49.22000 0.382
49.24000 -0.254
49.26000 -2.453
49.28000 -1.649
49.30000 1.913
49.32000 -1.874
49.34000 3.641
49.36000 6.017
49.38000 3.792
49.40000 3.650
49.42000 -2.732
49.44000 -3.215
49.46000 1.088
49.48000 3.225
49.50000 -1.396
49.52000 -0.182
49.54000 -0.487
49.56000 -0.038
49.58000 -0.437
49.60000 3.051
49.62000 10.487
49.64000 7.741
49.66000 0.867
49.68000 2.494
49.70000 4.359
49.72000 10.407
49.74000 7.440
49.76000 7.507
49.78000 7.488
49.80000 0.339
49.82000 1.725
49.84000 5.585
49.86000 5.603
49.88000 7.004
49.90000 5.111
49.92000 6.434
49.94000 4.447
49.96000 2.134
49.98000 6.438
50.00000 6.730
50.02000 8.727
50.04000 5.555
50.06000 4.372
50.08000 -0.626
50.10000 -3.109
50.12000 -2.362
50.14000 -0.168
50.16000 -0.007
50.18000 4.269
50.20000 -0.715
50.22000 1.160
50.24000 5.513
50.26000 3.584
50.28000 0.598
50.30000 6.252
50.32000 6.526
50.34000 -0.078
50.36000 -1.247
50.38000 4.041
50.40000 7.789
50.42000 7.913
50.44000 1.589
50.46000 1.865
50.48000 0.843
50.50000 1.222
50.52000 2.224
50.54000 1.222
50.56000 2.890
50.58000 6.365
50.60000 8.407
50.62000 2.534
50.64000 4.064
50.66000 4.088
50.68000 6.761
50.70000 3.284
50.72000 1.893
50.74000 6.713
50.76000 7.001
50.78000 6.483
50.80000 -0.370
50.82000 -1.398
50.84000 0.575
50.86000 10.039
50.88000 13.289
50.90000 9.647
50.92000 3.158
50.94000 3.374
50.96000 2.244
50.98000 6.058
51.00000 1.791
51.02000 7.328
51.04000 8.808
51.06000 6.511
51.08000 4.477
51.10000 1.740
51.12000 4.315
51.14000 5.167
51.16000 3.848
51.18000 3.381
51.20000 5.353
51.22000 6.901
51.24000 4.030
51.26000 3.388
51.28000 8.743
51.30000 9.949
51.32000 5.596
51.34000 3.985
51.36000 7.655
51.38000 8.087
51.40000 9.995
51.42000 4.335
51.44000 6.629
51.46000 9.919
51.48000 6.746
51.50000 8.687
51.52000 -1.590
51.54000 -2.980
51.56000 5.841
51.58000 10.073
51.60000 11.316
51.62000 12.962
51.64000 10.165
51.66000 3.317
51.68000 5.034
51.70000 6.414
51.72000 6.235
51.74000 7.874
51.76000 7.419
51.78000 7.160
51.80000 4.223
51.82000 10.649
51.84000 4.815
51.86000 6.375
51.88000 4.795
51.90000 4.565
51.92000 9.110
51.94000 4.584
51.96000 5.119
51.98000 4.330
52.00000 2.295
52.02000 6.933
52.04000 7.996
52.06000 3.043
52.08000 4.918
52.10000 6.982
52.12000 6.341
52.14000 -0.194
52.16000 0.071
52.18000 3.704
52.20000 2.196
52.22000 -1.385
52.24000 0.133
52.26000 -0.185
52.28000 0.651
52.30000 3.460
52.32000 2.875
52.34000 2.783
52.36000 -0.677
52.38000 4.390
52.40000 2.983
52.42000 3.802
52.44000 -2.766
52.46000 -1.575
52.48000 1.895
52.50000 2.471
52.52000 -1.099
52.54000 1.840
52.56000 0.453
52.58000 6.615
52.60000 2.597
52.62000 -1.636
52.64000 -2.982
52.66000 1.335
52.68000 5.880
52.70000 3.263
52.72000 3.657
52.74000 7.385
52.76000 2.417
52.78000 -0.151
52.80000 2.607
52.82000 1.403
52.84000 2.232
52.86000 0.776
52.88000 4.522
52.90000 4.221
52.92000 6.798
52.94000 4.915
52.96000 1.594
52.98000 3.166
53.00000 7.875
53.02000 8.303
53.04000 5.997
53.06000 4.199
53.08000 1.664
53.10000 -0.339
53.12000 2.370
53.14000 3.278
53.16000 2.784
53.18000 2.075
53.20000 -2.963
53.22000 2.470
53.24000 2.771
53.26000 2.335
53.28000 2.931
53.30000 1.649
53.32000 4.933
53.34000 2.760
53.36000 2.372
53.38000 -0.727
53.40000 3.169
53.42000 3.572
53.44000 4.433
53.46000 10.860
53.48000 7.047
53.50000 5.418
53.52000 5.763
53.54000 3.470
53.56000 -1.580
53.58000 1.713
53.60000 3.494
53.62000 2.167
53.64000 6.216
53.66000 9.695
53.68000 7.209
53.70000 1.348
53.72000 5.712
53.74000 5.219
53.76000 -0.812
53.78000 3.414
53.80000 7.290
53.82000 10.897
53.84000 9.452
53.86000 6.587
53.88000 5.423
53.90000 5.699
53.92000 7.196
53.94000 6.202
53.96000 4.600
53.98000 3.143
54.00000 4.917
54.02000 0.873
54.04000 4.286
54.06000 7.864
54.08000 6.081
54.10000 10.450
54.12000 8.875
54.14000 6.072
54.16000 1.290
54.18000 1.291
54.20000 1.248
54.22000 4.272
54.24000 3.223
54.26000 1.400
54.28000 4.215
54.30000 6.815
54.32000 6.915
54.34000 4.707
54.36000 3.289
54.38000 -2.482
54.40000 0.203
54.42000 2.280
54.44000 3.851
54.46000 4.881
54.48000 3.480
54.50000 1.382
54.52000 -0.883
54.54000 -2.914
54.56000 -0.436
54.58000 0.431
54.60000 5.309
54.62000 6.086
54.64000 4.848
54.66000 1.770
54.68000 2.554
54.70000 0.176
54.72000 -1.103
54.74000 2.586
54.76000 -2.757
54.78000 -0.217
54.80000 7.785
54.82000 7.764
54.84000 4.196
54.86000 4.720
54.88000 3.628
54.90000 3.803
54.92000 4.507
54.94000 6.555
54.96000 3.303
54.98000 5.965
55.00000 9.921
55.02000 13.678
55.04000 9.390
55.06000 7.909
55.08000 6.955
55.10000 4.631
55.12000 5.000
55.14000 -0.229
55.16000 4.898
55.18000 6.299
55.20000 5.429
55.22000 8.340
55.24000 3.102
55.26000 3.663
55.28000 2.210
55.30000 0.349
55.32000 -2.861
55.34000 5.059
55.36000 7.204
55.38000 5.567
55.40000 6.406
55.42000 5.405
55.44000 9.337
55.46000 12.485
55.48000 5.036
55.50000 3.201
55.52000 4.605
55.54000 1.928
55.56000 0.234
55.58000 4.326
55.60000 2.037
55.62000 6.082
55.64000 4.392
55.66000 3.970
55.68000 4.112
55.70000 2.360
55.72000 4.384
55.74000 4.817
55.76000 8.184
55.78000 9.695
55.80000 6.659
55.82000 -0.957
55.84000 -0.816
55.86000 0.335
55.88000 -1.199
55.90000 3.655
55.92000 8.196
55.94000 12.561
55.96000 8.036
55.98000 -0.285
56.00000 -0.930
56.02000 0.791
56.04000 6.808
56.06000 10.625
56.08000 5.647
56.10000 2.552
56.12000 6.698
56.14000 9.245
56.16000 0.546
56.18000 0.354
56.20000 1.502
56.22000 9.752
56.24000 8.126
56.26000 3.651
56.28000 -2.850
56.30000 0.537
56.32000 8.294
56.34000 3.834
56.36000 -1.760
56.38000 -2.825
56.40000 2.285
56.42000 6.359
56.44000 4.974
56.46000 8.918
56.48000 2.203
56.50000 3.534
56.52000 4.296
56.54000 1.194
56.56000 3.574
56.58000 7.180
56.60000 7.100
56.62000 6.188
56.64000 6.323
56.66000 3.814
56.68000 2.874
56.70000 1.548
56.72000 2.564
56.74000 3.297
56.76000 1.976
56.78000 -0.102
56.80000 2.364
56.82000 3.914
56.84000 11.844
56.86000 7.340
56.88000 2.695
56.90000 -1.608
56.92000 2.462
56.94000 6.250
56.96000 -0.622
56.98000 -2.858
57.00000 -1.792
57.02000 2.298
57.04000 2.429
57.06000 6.846
57.08000 4.630
57.10000 2.084
57.12000 1.386
57.14000 4.143
57.16000 -0.505
57.18000 -1.689
57.20000 1.746
57.22000 5.839
57.24000 5.582
57.26000 3.180
57.28000 8.111
57.30000 5.391
57.32000 1.854
57.34000 -1.300
57.36000 2.622
57.38000 -0.007
57.40000 0.112
57.42000 2.236
57.44000 2.249
57.46000 4.332
57.48000 1.440
57.50000 -1.975
57.52000 -2.472
57.54000 -1.640
57.56000 1.340
57.58000 1.232
57.60000 1.524
57.62000 5.967
57.64000 1.666
57.66000 0.325
57.68000 2.594
57.70000 1.483
57.72000 -0.787
57.74000 -1.097
57.76000 -0.481
57.78000 2.950
57.80000 2.410
57.82000 0.404
57.84000 1.613
57.86000 -0.262
57.88000 -0.274
57.90000 5.935
57.92000 7.325
57.94000 -0.596
57.96000 4.800
57.98000 0.143
58.00000 0.384
58.02000 5.168
58.04000 4.396
58.06000 3.836
58.08000 1.988
58.10000 1.573
58.12000 0.820
58.14000 -0.323
58.16000 1.243
58.18000 2.325
58.20000 -1.024
58.22000 0.064
58.24000 0.153
58.26000 0.711
58.28000 4.495
58.30000 -1.284
58.32000 -0.429
58.34000 3.629
58.36000 8.981
58.38000 2.208
58.40000 0.288
58.42000 3.075
58.44000 6.795
58.46000 10.915
58.48000 0.802
58.50000 -1.799
58.52000 7.905
58.54000 9.825
58.56000 12.272
58.58000 6.176
58.60000 1.733
58.62000 0.037
58.64000 -2.771
58.66000 1.867
58.68000 1.387
58.70000 4.300
58.72000 2.489
58.74000 3.196
58.76000 3.608
58.78000 3.518
58.80000 3.021
58.82000 3.310
58.84000 2.554
58.86000 0.730
58.88000 1.994
58.90000 3.152
58.92000 6.626
58.94000 -0.594
58.96000 -1.095
58.98000 1.864
59.00000 1.038
59.02000 1.851
59.04000 0.189
59.06000 2.289
59.08000 -1.267
59.10000 2.619
59.12000 4.884
59.14000 1.390
59.16000 0.447
59.18000 5.599
59.20000 3.325
59.22000 2.870
59.24000 10.734
59.26000 6.542
59.28000 0.063
59.30000 -2.082
59.32000 4.876
59.34000 2.938
59.36000 2.932
59.38000 -0.845
59.40000 2.632
59.42000 4.134
59.44000 6.363
59.46000 2.888
59.48000 2.157
59.50000 0.007
59.52000 0.337
59.54000 0.576
59.56000 6.440
59.58000 5.800
59.60000 3.411
59.62000 2.589
59.64000 7.123
59.66000 1.279
59.68000 -2.388
59.70000 -0.130
59.72000 -0.027
59.74000 -2.767
59.76000 -1.596
59.78000 -0.278
59.80000 0.711
59.82000 0.400
59.84000 2.239
59.86000 0.441
59.88000 1.105
59.90000 6.834
59.92000 7.859
59.94000 4.090
59.96000 0.097
59.98000 1.567
60.00000 4.630
60.02000 1.189
60.04000 3.828
60.06000 6.945
60.08000 5.055
60.10000 -1.284
60.12000 -1.691
60.14000 7.124
60.16000 8.087
60.18000 4.625
60.20000 1.732
60.22000 2.081
60.24000 4.138
60.26000 2.809
60.28000 5.647
60.30000 3.916
60.32000 7.455
60.34000 7.801
60.36000 2.335
60.38000 1.429
60.40000 4.136
60.42000 2.517
60.44000 -1.119
60.46000 2.858
60.48000 1.255
60.50000 -0.497
60.52000 -2.731
60.54000 1.419
60.56000 2.352
60.58000 2.344
60.60000 2.398
60.62000 -0.753
60.64000 -1.780
60.66000 -0.344
60.68000 0.701
60.70000 -0.168
60.72000 -2.696
60.74000 4.603
60.76000 3.023
60.78000 2.012
60.80000 2.175
60.82000 3.190
60.84000 3.439
60.86000 -2.581
60.88000 1.706
60.90000 1.009
60.92000 2.676
60.94000 6.312
60.96000 5.959
60.98000 0.656
61.00000 3.621
61.02000 5.942
61.04000 2.640
61.06000 3.365
61.08000 3.617
61.10000 0.907
61.12000 -2.705
61.14000 -0.868
61.16000 2.132
61.18000 3.578
61.20000 0.684
61.22000 4.644
61.24000 4.525
61.26000 1.373
61.28000 3.309
61.30000 7.362
61.32000 4.009
61.34000 0.666
61.36000 -2.277
61.38000 -2.545
61.40000 -0.409
61.42000 3.659
61.44000 8.645
61.46000 1.609
61.48000 0.346
61.50000 2.860
61.52000 4.635
61.54000 2.926
61.56000 1.099
61.58000 1.396
61.60000 0.518
61.62000 3.350
61.64000 6.206
61.66000 4.075
61.68000 2.701
61.70000 1.827
61.72000 1.363
61.74000 0.130
61.76000 6.059
61.78000 5.588
61.80000 3.847
61.82000 3.614
61.84000 -2.588
61.86000 -2.656
61.88000 5.186
61.90000 9.793
61.92000 6.099
61.94000 2.852
61.96000 1.375
61.98000 6.872
62.00000 5.341
62.02000 4.672
62.04000 5.391
62.06000 2.116
62.08000 1.554
62.10000 2.342
62.12000 5.351
62.14000 6.085
62.16000 2.498
62.18000 2.294
62.20000 1.748
62.22000 3.022
62.24000 5.991
62.26000 6.333
62.28000 6.391
62.30000 2.612
62.32000 4.177
62.34000 2.485
62.36000 3.331
62.38000 5.337
62.40000 6.960
62.42000 4.067
62.44000 2.954
62.46000 3.827
62.48000 7.243
62.50000 3.400
62.52000 3.231
62.54000 1.421
62.56000 1.122
62.58000 4.694
62.60000 1.918
62.62000 0.389
62.64000 2.071
62.66000 3.069
62.68000 5.226
62.70000 0.694
62.72000 3.177
62.74000 1.118
62.76000 1.657
62.78000 1.201
62.80000 1.266
62.82000 3.878
62.84000 6.183
62.86000 3.237
62.88000 4.916
62.90000 3.336
62.92000 -0.266
62.94000 -0.003
62.96000 -2.650
62.98000 0.166
63.00000 1.626
63.02000 0.616
63.04000 -0.472
63.06000 0.084
63.08000 5.755
63.10000 6.074
63.12000 5.471
63.14000 7.254
63.16000 4.648
63.18000 7.445
63.20000 6.015
63.22000 9.053
63.24000 5.555
63.26000 1.045
63.28000 3.372
63.30000 5.156
63.32000 6.499
63.34000 8.598
63.36000 7.485
63.38000 4.908
63.40000 1.307
63.42000 0.147
63.44000 0.867
63.46000 1.359
63.48000 2.022
63.50000 3.973
63.52000 0.141
63.54000 1.719
63.56000 2.697
63.58000 0.348
63.60000 0.829
63.62000 -2.624
63.64000 -0.692
63.66000 1.506
63.68000 3.550
63.70000 4.477
63.72000 4.925
63.74000 4.566
63.76000 2.426
63.78000 0.443
63.80000 5.925
63.82000 6.028
63.84000 3.016
63.86000 1.692
63.88000 0.641
63.90000 -0.550
63.92000 1.581
63.94000 0.177
63.96000 2.889
63.98000 4.523
64.00000 3.974
64.02000 3.741
64.04000 0.311
64.06000 4.890
64.08000 8.273
64.10000 8.754
64.12000 3.549
64.14000 0.345
64.16000 2.377
64.18000 2.251
64.20000 -1.854
64.22000 -0.761
64.24000 -2.614
64.26000 1.494
64.28000 2.031
64.30000 2.830
64.32000 7.853
64.34000 6.637
64.36000 2.584
64.38000 3.441
64.40000 4.808
64.42000 2.261
64.44000 2.162
64.46000 1.129
64.48000 0.405
64.50000 -0.640
64.52000 1.451
64.54000 2.845
64.56000 0.516
64.58000 1.102
64.60000 -1.054
64.62000 1.544
64.64000 1.047
64.66000 0.327
64.68000 3.464
64.70000 5.497
64.72000 2.992
64.74000 3.561
64.76000 5.307
64.78000 2.383
64.80000 3.865
64.82000 3.819
64.84000 7.403
64.86000 4.183
64.88000 1.751
64.90000 0.750
64.92000 2.678
64.94000 5.674
64.96000 5.628
64.98000 1.558
65.00000 3.098
65.02000 0.951
65.04000 0.543
65.06000 0.428
65.08000 7.655
65.10000 1.048
65.12000 0.183
65.14000 3.106
65.16000 3.601
65.18000 1.259
65.20000 5.068
65.22000 3.707
65.24000 3.484
65.26000 4.011
65.28000 4.565
65.30000 3.060
65.32000 -0.921
65.34000 1.366
65.36000 0.441
65.38000 -0.619
65.40000 0.208
65.42000 2.130
65.44000 2.293
65.46000 2.429
65.48000 -2.595
65.50000 0.492
65.52000 0.423
65.54000 1.670
65.56000 1.362
65.58000 -0.516
65.60000 2.618
65.62000 4.921
65.64000 3.632
65.66000 4.693
65.68000 3.391
65.70000 -1.151
65.72000 -0.974
65.74000 0.745
65.76000 2.213
65.78000 -0.392
65.80000 0.087
65.82000 6.602
65.84000 5.360
65.86000 3.991
65.88000 2.778
65.90000 0.469
65.92000 1.024
65.94000 3.451
65.96000 3.750
65.98000 4.354
66.00000 2.374
66.02000 1.719
66.04000 7.541
66.06000 6.934
66.08000 3.114
66.10000 3.233
66.12000 1.481
66.14000 1.740
66.16000 2.900
66.18000 1.952
66.20000 2.373
66.22000 4.013
66.24000 4.987
66.26000 3.938
66.28000 2.855
66.30000 3.948
66.32000 3.603
66.34000 2.237
66.36000 2.141
66.38000 2.131
66.40000 3.406
66.42000 2.682
66.44000 -2.578
66.46000 0.123
66.48000 3.775
66.50000 0.178
66.52000 3.603
66.54000 6.763
66.56000 3.385
66.58000 2.256
66.60000 0.275
66.62000 2.280
66.64000 3.040
66.66000 4.893
66.68000 6.970
66.70000 4.590
66.72000 4.014
66.74000 3.759
66.76000 6.660
66.78000 6.895
66.80000 3.834
66.82000 0.965
66.84000 2.217
66.86000 -0.825
66.88000 1.226
66.90000 0.691
66.92000 2.561
66.94000 4.826
66.96000 2.497
66.98000 2.221
67.00000 1.586
67.02000 0.677
67.04000 -2.578
67.06000 2.330
67.08000 3.952
67.10000 1.342
67.12000 1.532
67.14000 5.436
67.16000 6.270
67.18000 3.308
67.20000 2.510
67.22000 3.016
67.24000 1.984
67.26000 1.943
67.28000 0.425
67.30000 2.379
67.32000 3.317
67.34000 2.052
67.36000 3.262
67.38000 2.231
67.40000 2.610
67.42000 0.730
67.44000 -1.546
67.46000 0.717
67.48000 1.277
67.50000 1.215
67.52000 -2.317
67.54000 1.783
67.56000 4.647
67.58000 5.470
67.60000 0.953
67.62000 0.203
67.64000 1.126
67.66000 0.552
67.68000 -0.085
67.70000 1.796
67.72000 -2.027
67.74000 -0.384
67.76000 3.512
67.78000 0.651
67.80000 2.260
67.82000 1.132
67.84000 0.456
67.86000 1.085
67.88000 1.203
67.90000 4.592
67.92000 4.860
67.94000 0.554
67.96000 0.887
67.98000 3.171
68.00000 2.149
68.02000 6.757
68.04000 6.468
68.06000 6.684
68.08000 5.464
68.10000 1.722
68.12000 1.833
68.14000 3.118
68.16000 4.502
68.18000 3.856
68.20000 7.116
68.22000 7.597
68.24000 7.593
68.26000 4.331
68.28000 4.854
68.30000 9.752
68.32000 6.954
68.34000 8.589
68.36000 8.307
68.38000 6.461
68.40000 7.883
68.42000 5.290
68.44000 9.097
68.46000 12.621
68.48000 10.664
68.50000 9.242
68.52000 7.375
68.54000 6.792
68.56000 7.671
68.58000 9.390
68.60000 9.905
68.62000 11.169
68.64000 14.442
68.66000 15.363
68.68000 10.662
68.70000 13.200
68.72000 15.666
68.74000 14.251
68.76000 17.633
68.78000 16.952
68.80000 16.782
68.82000 17.071
68.84000 20.115
68.86000 24.205
68.88000 23.481
68.90000 20.834
68.92000 21.795
68.94000 26.273
68.96000 28.968
68.98000 30.126
69.00000 28.429
69.02000 25.437
69.04000 23.779
69.06000 23.077
69.08000 28.497
69.10000 29.236
69.12000 26.479
69.14000 26.541
69.16000 23.959
69.18000 28.138
69.20000 26.916
69.22000 29.800
69.24000 29.659
69.26000 27.645
69.28000 32.938
69.30000 32.675
69.32000 29.563
69.34000 31.978
69.36000 32.258
69.38000 29.488
69.40000 30.721
69.42000 29.153
69.44000 25.685
69.46000 29.809
69.48000 28.252
69.50000 25.693
69.52000 24.671
69.54000 25.193
69.56000 23.155
69.58000 24.293
69.60000 25.209
69.62000 24.442
69.64000 22.627
69.66000 25.426
69.68000 21.376
69.70000 17.887
69.72000 15.582
69.74000 16.823
69.76000 18.152
69.78000 21.873
69.80000 20.614
69.82000 15.451
69.84000 11.945
69.86000 13.348
69.88000 11.976
69.90000 13.889
69.92000 14.139
69.94000 14.269
69.96000 13.735
69.98000 14.159
70.00000 13.836
70.02000 12.884
70.04000 12.994
70.06000 12.753
70.08000 14.171
70.10000 9.735
70.12000 8.675
70.14000 6.842
70.16000 2.356
70.18000 3.462
70.20000 4.324
70.22000 3.359
70.24000 1.642
70.26000 1.027
70.28000 3.131
70.30000 7.523
70.32000 5.911
70.34000 6.135
70.36000 3.375
70.38000 3.848
70.40000 4.694
70.42000 7.414
70.44000 3.225
70.46000 1.937
70.48000 3.554
70.50000 3.721
70.52000 4.366
70.54000 -1.726
70.56000 -2.523
70.58000 0.040
70.60000 -0.688
70.62000 1.249
70.64000 -1.079
70.66000 0.548
70.68000 4.191
70.70000 6.056
70.72000 3.069
70.74000 -1.156
70.76000 -0.254
70.78000 1.693
70.80000 2.884
70.82000 1.720
70.84000 -0.625
70.86000 -1.310
70.88000 2.094
70.90000 4.787
70.92000 4.113
70.94000 1.163
70.96000 1.014
70.98000 -1.805
71.00000 2.688
71.02000 0.883
71.04000 0.845
71.06000 0.935
71.08000 -0.704
71.10000 1.950
71.12000 2.267
71.14000 2.046
71.16000 -0.864
71.18000 1.952
71.20000 5.034
71.22000 2.153
71.24000 1.469
71.26000 0.363
71.28000 1.063
71.30000 6.203
71.32000 4.353
71.34000 -1.349
71.36000 -0.614
71.38000 4.113
71.40000 0.765
71.42000 2.145
71.44000 1.267
71.46000 -1.975
71.48000 1.765
71.50000 3.263
71.52000 1.839
71.54000 -0.918
71.56000 -2.383
71.58000 0.069
71.60000 2.773
71.62000 3.223
71.64000 0.319
71.66000 0.270
71.68000 2.986
71.70000 4.703
71.72000 4.114
71.74000 2.110
71.76000 2.851
71.78000 0.731
71.80000 0.203
71.82000 2.712
71.84000 3.725
71.86000 2.336
71.88000 0.794
71.90000 -0.561
71.92000 -1.339
71.94000 -1.023
71.96000 1.442
71.98000 1.947
72.00000 2.732
72.02000 3.424
72.04000 3.733
72.06000 4.289
72.08000 2.570
72.10000 -0.082
72.12000 -2.364
72.14000 1.631
72.16000 1.933
72.18000 4.298
72.20000 3.974
72.22000 0.160
72.24000 -2.183
72.26000 1.293
72.28000 1.022
72.30000 -1.518
72.32000 3.990
72.34000 -1.587
72.36000 -1.088
72.38000 -0.017
72.40000 -1.900
72.42000 -2.005
72.44000 5.784
72.46000 5.032
72.48000 1.019
72.50000 3.411
72.52000 2.778
72.54000 4.494
72.56000 3.152
72.58000 1.310
72.60000 5.878
72.62000 5.035
72.64000 2.099
72.66000 2.005
72.68000 1.144
72.70000 5.149
72.72000 4.170
72.74000 5.053
72.76000 5.716
72.78000 2.517
72.80000 0.224
72.82000 -2.168
72.84000 0.344
72.86000 -0.269
72.88000 0.735
72.90000 -0.684
72.92000 0.205
72.94000 1.822
72.96000 1.527
72.98000 1.822
73.00000 1.872
73.02000 1.999
73.04000 -0.102
73.06000 0.343
73.08000 2.011
73.10000 1.901
73.12000 2.148
73.14000 0.754
73.16000 5.975
73.18000 8.811
73.20000 7.339
73.22000 4.104
73.24000 -0.585
73.26000 -2.266
73.28000 -0.787
73.30000 1.348
73.32000 3.936
73.34000 3.801
73.36000 3.685
73.38000 4.359
73.40000 4.407
73.42000 6.764
73.44000 7.379
73.46000 3.294
73.48000 3.249
73.50000 2.941
73.52000 2.617
73.54000 -0.422
73.56000 -0.536
73.58000 1.083
73.60000 0.957
73.62000 1.853
73.64000 2.493
73.66000 5.099
73.68000 5.156
73.70000 3.042
73.72000 2.052
73.74000 -0.364
73.76000 -0.126
73.78000 2.986
73.80000 0.993
73.82000 3.616
73.84000 4.939
73.86000 0.617
73.88000 4.854
73.90000 2.629
73.92000 0.655
73.94000 0.637
73.96000 0.045
73.98000 -1.274
74.00000 -0.728
74.02000 2.423
74.04000 2.687
74.06000 1.007
74.08000 1.209
74.10000 4.327
74.12000 4.247
74.14000 3.158
74.16000 -1.097
74.18000 0.955
74.20000 1.318
74.22000 2.334
74.24000 -2.253
74.26000 -0.059
74.28000 1.086
74.30000 3.405
74.32000 2.120
74.34000 0.428
74.36000 2.784
74.38000 3.953
74.40000 5.642
74.42000 2.689
74.44000 -1.000
74.46000 1.174
74.48000 6.257
74.50000 3.216
74.52000 -0.114
74.54000 1.674
74.56000 5.462
74.58000 2.317
74.60000 1.491
74.62000 3.041
74.64000 6.613
74.66000 8.863
74.68000 5.661
74.70000 1.688
74.72000 5.047
74.74000 2.244
74.76000 0.886
74.78000 1.958
74.80000 5.625
74.82000 7.506
74.84000 4.532
74.86000 1.103
74.88000 3.301
74.90000 5.352
74.92000 4.739
74.94000 6.613
74.96000 3.728
74.98000 2.870
75.00000 4.375
75.02000 5.709
75.04000 4.648
75.06000 2.481
75.08000 1.783
75.10000 1.334
75.12000 1.482
75.14000 2.302
75.16000 0.891
75.18000 5.884
75.20000 8.350
75.22000 6.723
75.24000 6.181
75.26000 3.930
75.28000 4.365
75.30000 5.685
75.32000 9.218
75.34000 9.109
75.36000 8.995
75.38000 8.699
75.40000 8.823
75.42000 9.356
75.44000 9.152
75.46000 14.693
75.48000 11.889
75.50000 9.796
75.52000 -0.658
75.54000 -2.177
75.56000 2.445
75.58000 8.494
75.60000 8.562
75.62000 7.078
75.64000 6.247
75.66000 7.244
75.68000 3.801
75.70000 3.705
75.72000 7.188
75.74000 6.924
75.76000 4.973
75.78000 6.168
75.80000 7.404
75.82000 6.146
75.84000 3.212
75.86000 2.628
75.88000 3.068
75.90000 5.303
75.92000 8.246
75.94000 8.176
75.96000 7.123
75.98000 3.979
76.00000 3.619
76.02000 2.054
76.04000 4.818
76.06000 8.630
76.08000 6.250
76.10000 7.543
76.12000 4.824
76.14000 4.488
76.16000 6.658
76.18000 7.323
76.20000 5.096
76.22000 4.616
76.24000 1.987
76.26000 0.029
76.28000 3.181
76.30000 -0.039
76.32000 -0.279
76.34000 2.051
76.36000 3.417
76.38000 5.742
76.40000 2.976
76.42000 6.385
76.44000 9.185
76.46000 4.290
76.48000 2.988
76.50000 2.512
76.52000 4.482
76.54000 3.059
76.56000 2.816
76.58000 5.236
76.60000 8.744
76.62000 6.291
76.64000 4.489
76.66000 6.667
76.68000 -2.254
76.70000 2.926
76.72000 6.965
76.74000 0.366
76.76000 -1.164
76.78000 0.840
76.80000 2.328
76.82000 4.041
76.84000 1.972
76.86000 4.800
76.88000 3.432
76.90000 3.887
76.92000 1.850
76.94000 -2.265
76.96000 2.217
76.98000 4.213
77.00000 2.783
77.02000 1.529
77.04000 -0.746
77.06000 0.023
77.08000 1.388
77.10000 3.208
77.12000 1.079
77.14000 0.076
77.16000 2.056
77.18000 3.824
77.20000 1.587
77.22000 0.353
77.24000 2.913
77.26000 1.984
77.28000 2.862
77.30000 4.039
77.32000 -1.841
77.34000 -0.797
77.36000 1.226
77.38000 3.521
77.40000 1.576
77.42000 -0.846
77.44000 1.284
77.46000 4.438
77.48000 4.540
77.50000 1.152
77.52000 3.136
77.54000 4.147
77.56000 3.316
77.58000 -0.640
77.60000 0.282
77.62000 4.602
77.64000 4.164
77.66000 2.897
77.68000 3.012
77.70000 2.543
77.72000 4.251
77.74000 4.248
77.76000 5.905
77.78000 5.748
77.80000 3.582
77.82000 5.086
77.84000 0.476
77.86000 1.201
77.88000 1.251
77.90000 -1.340
77.92000 0.785
77.94000 3.541
77.96000 4.894
77.98000 3.925
78.00000 4.863
78.02000 5.695
78.04000 5.078
78.06000 6.904
78.08000 2.817
78.10000 -2.278
78.12000 0.403
78.14000 9.010
78.16000 7.726
78.18000 7.933
78.20000 4.256
78.22000 -0.645
78.24000 1.223
78.26000 3.981
78.28000 6.847
78.30000 2.517
78.32000 6.725
78.34000 6.013
78.36000 2.297
78.38000 4.745
78.40000 1.693
78.42000 1.099
78.44000 3.806
78.46000 1.137
78.48000 3.093
78.50000 7.995
78.52000 2.619
78.54000 3.224
78.56000 5.883
78.58000 7.908
78.60000 2.410
78.62000 5.774
78.64000 7.149
78.66000 1.558
78.68000 -2.253
78.70000 3.802
78.72000 8.793
78.74000 6.291
78.76000 3.264
78.78000 2.567
78.80000 2.269
78.82000 1.915
78.84000 5.413
78.86000 7.357
78.88000 2.471
78.90000 0.146
78.92000 1.549
78.94000 3.277
78.96000 0.094
78.98000 1.958
79.00000 2.636
79.02000 0.667
79.04000 1.821
79.06000 -1.265
79.08000 4.583
79.10000 2.578
79.12000 1.740
79.14000 3.524
79.16000 3.166
79.18000 2.474
79.20000 0.855
79.22000 2.368
79.24000 2.614
79.26000 3.198
79.28000 4.332
79.30000 4.439
79.32000 3.011
79.34000 -0.979
79.36000 4.696
79.38000 6.206
79.40000 4.324
79.42000 6.654
79.44000 3.270
79.46000 0.789
79.48000 0.983
79.50000 -0.384
79.52000 3.475
79.54000 5.693
79.56000 2.842
79.58000 3.173
79.60000 5.664
79.62000 6.541
79.64000 -1.021
79.66000 3.735
79.68000 6.230
79.70000 4.042
79.72000 -1.574
79.74000 1.245
79.76000 2.412
79.78000 3.723
79.80000 3.459
79.82000 1.243
79.84000 2.057
79.86000 1.052
79.88000 2.225
79.90000 2.283
79.92000 -2.307
79.94000 3.681
79.96000 3.599
79.98000 3.440
80.00000 3.584
80.02000 1.430
80.04000 0.582
80.06000 4.047
80.08000 4.652
80.10000 1.222
80.12000 1.158
80.14000 1.159
80.16000 -1.710
80.18000 0.976
80.20000 -0.903
80.22000 2.677
80.24000 5.242
80.26000 5.044
80.28000 2.621
80.30000 2.392
80.32000 1.166
80.34000 0.688
80.36000 1.767
80.38000 1.486
80.40000 4.019
80.42000 3.750
80.44000 1.132
80.46000 1.942
80.48000 2.919
80.50000 3.278
80.52000 5.584
80.54000 2.698
80.56000 1.642
80.58000 0.203
80.60000 7.425
80.62000 5.690
80.64000 4.244
80.66000 6.568
80.68000 3.841
80.70000 5.740
80.72000 6.497
80.74000 8.941
80.76000 6.967
80.78000 6.168
80.80000 -0.454
80.82000 -2.341
80.84000 4.413
80.86000 2.856
80.88000 6.242
80.90000 2.661
80.92000 -1.904
80.94000 -1.627
80.96000 0.462
80.98000 3.240
81.00000 2.567
81.02000 5.730
81.04000 4.693
81.06000 3.772
81.08000 4.225
81.10000 4.057
81.12000 -0.846
81.14000 4.444
81.16000 4.024
81.18000 1.078
81.20000 1.500
81.22000 3.116
81.24000 -2.378
81.26000 -0.094
81.28000 0.060
81.30000 -0.696
81.32000 -1.479
81.34000 0.579
81.36000 4.077
81.38000 3.887
81.40000 3.422
81.42000 2.538
81.44000 3.931
81.46000 5.702
81.48000 1.738
81.50000 -0.536
81.52000 0.029
81.54000 0.848
81.56000 0.679
81.58000 1.667
81.60000 -2.434
81.62000 -1.184
81.64000 2.427
81.66000 4.106
81.68000 1.342
81.70000 1.682
81.72000 3.193
81.74000 0.128
81.76000 -1.454
81.78000 1.324
81.80000 2.139
81.82000 -0.788
81.84000 -0.976
81.86000 2.364
81.88000 1.561
81.90000 3.321
81.92000 0.991
81.94000 -1.040
81.96000 0.354
81.98000 2.017
82.00000 1.375
82.02000 -2.489
82.04000 0.023
82.06000 1.216
82.08000 -0.649
82.10000 1.904
82.12000 2.564
82.14000 1.187
82.16000 -0.394
82.18000 -1.466
82.20000 6.528
82.22000 6.775
82.24000 2.070
82.26000 -0.286
82.28000 4.248
82.30000 5.805
82.32000 4.200
82.34000 0.624
82.36000 -1.810
82.38000 -2.323
82.40000 -0.985
82.42000 4.369
82.44000 5.959
82.46000 1.947
82.48000 2.705
82.50000 4.483
82.52000 5.512
82.54000 6.324
82.56000 4.439
82.58000 4.333
82.60000 7.139
82.62000 3.273
82.64000 4.587
82.66000 3.463
82.68000 5.444
82.70000 6.578
82.72000 4.984
82.74000 6.920
82.76000 7.878
82.78000 10.611
82.80000 9.213
82.82000 9.414
82.84000 9.222
82.86000 9.896
82.88000 10.999
82.90000 10.783
82.92000 4.387
82.94000 5.235
82.96000 13.941
82.98000 13.012
83.00000 9.734
83.02000 11.729
83.04000 15.590
83.06000 12.527
83.08000 11.625
83.10000 9.750
83.12000 14.546
83.14000 13.181
83.16000 17.701
83.18000 17.670
83.20000 18.107
83.22000 17.533
83.24000 14.555
83.26000 11.784
83.28000 16.508
83.30000 18.210
83.32000 19.272
83.34000 16.725
83.36000 20.663
83.38000 22.905
83.40000 17.443
83.42000 20.902
83.44000 18.710
83.46000 17.605
83.48000 20.573
83.50000 22.417
83.52000 28.099
83.54000 24.816
83.56000 22.543
83.58000 19.616
83.60000 20.254
83.62000 22.868
83.64000 25.445
83.66000 28.873
83.68000 23.157
83.70000 20.911
83.72000 19.392
83.74000 23.063
83.76000 28.966
83.78000 23.601
83.80000 19.283
83.82000 17.939
83.84000 22.282
83.86000 21.795
83.88000 24.549
83.90000 19.800
83.92000 18.312
83.94000 16.495
83.96000 16.259
83.98000 19.607
84.00000 22.517
84.02000 20.472
84.04000 17.355
84.06000 17.682
84.08000 18.469
84.10000 19.445
84.12000 15.293
84.14000 21.089
84.16000 21.806
84.18000 23.195
84.20000 23.031
84.22000 17.569
84.24000 9.131
84.26000 16.702
84.28000 21.995
84.30000 15.237
84.32000 12.356
84.34000 13.841
84.36000 13.138
84.38000 14.746
84.40000 11.390
84.42000 12.405
84.44000 14.110
84.46000 13.121
84.48000 14.256
84.50000 12.436
84.52000 12.094
84.54000 6.625
84.56000 7.665
84.58000 6.187
84.60000 8.506
84.62000 8.759
84.64000 11.556
84.66000 11.759
84.68000 5.695
84.70000 3.317
84.72000 6.960
84.74000 7.466
84.76000 4.891
84.78000 -0.043
84.80000 3.757
84.82000 7.758
84.84000 5.928
84.86000 2.951
84.88000 -1.972
84.90000 1.202
84.92000 1.558
84.94000 3.362
84.96000 1.456
84.98000 3.636
85.00000 3.318
85.02000 5.077
85.04000 4.274
85.06000 6.479
85.08000 4.122
85.10000 3.791
85.12000 3.045
85.14000 3.605
85.16000 4.633
85.18000 3.298
85.20000 1.765
85.22000 0.493
85.24000 -0.853
85.26000 1.407
85.28000 -0.451
85.30000 0.286
85.32000 -0.810
85.34000 -0.418
85.36000 -0.863
85.38000 -1.533
85.40000 -2.451
85.42000 0.275
85.44000 -2.070
85.46000 2.095
85.48000 -0.416
85.50000 -0.397
85.52000 2.439
85.54000 0.246
85.56000 -0.897
85.58000 -0.125
85.60000 4.725
85.62000 5.025
85.64000 2.507
85.66000 2.173
85.68000 2.039
85.70000 1.721
85.72000 -2.403
85.74000 -0.391
85.76000 1.915
85.78000 3.341
85.80000 1.550
85.82000 -0.965
85.84000 -2.373
85.86000 -0.821
85.88000 1.849
85.90000 -0.674
85.92000 1.046
85.94000 2.927
85.96000 3.639
85.98000 -0.303
86.00000 0.258
86.02000 -0.377
86.04000 0.647
86.06000 -0.350
86.08000 1.939
86.10000 -2.377
86.12000 -0.746
86.14000 0.336
86.16000 3.252
86.18000 5.826
86.20000 4.352
86.22000 5.448
86.24000 0.723
86.26000 -2.366
86.28000 2.124
86.30000 0.834
86.32000 -1.753
86.34000 -2.045
86.36000 -1.482
86.38000 -1.401
86.40000 0.484
86.42000 -1.310
86.44000 -1.073
86.46000 -0.216
86.48000 -2.373
86.50000 -0.397
86.52000 4.608
86.54000 3.550
86.56000 2.013
86.58000 -2.280
86.60000 -1.578
86.62000 3.474
86.64000 4.567
86.66000 0.479
86.68000 -1.530
86.70000 -1.061
86.72000 2.074
86.74000 1.936
86.76000 3.103
86.78000 7.059
86.80000 5.983
86.82000 1.626
86.84000 4.802
86.86000 6.400
86.88000 2.137
86.90000 3.080
86.92000 1.670
86.94000 -0.670
86.96000 3.430
86.98000 3.957
87.00000 3.724
87.02000 3.850
87.04000 5.958
87.06000 3.584
87.08000 1.965
87.10000 7.188
87.12000 4.762
87.14000 7.356
87.16000 11.046
87.18000 3.935
87.20000 2.350
87.22000 5.287
87.24000 3.763
87.26000 5.877
87.28000 2.850
87.30000 5.556
87.32000 10.239
87.34000 4.501
87.36000 3.980
87.38000 1.661
87.40000 8.709
87.42000 13.861
87.44000 13.612
87.46000 12.834
87.48000 13.459
87.50000 10.959
87.52000 10.296
87.54000 5.029
87.56000 12.048
87.58000 14.853
87.60000 13.187
87.62000 8.648
87.64000 10.412
87.66000 14.032
87.68000 10.212
87.70000 16.519
87.72000 15.367
87.74000 17.215
87.76000 20.670
87.78000 14.275
87.80000 15.416
87.82000 15.713
87.84000 16.589
87.86000 18.363
87.88000 20.351
87.90000 20.480
87.92000 16.727
87.94000 17.790
87.96000 15.623
87.98000 17.863
88.00000 21.709
88.02000 22.965
88.04000 22.033
88.06000 24.226
88.08000 24.800
88.10000 22.403
88.12000 22.746
88.14000 20.826
88.16000 22.277
88.18000 28.029
88.20000 27.413
88.22000 27.440
88.24000 26.734
88.26000 26.638
88.28000 23.821
88.30000 23.222
88.32000 19.712
88.34000 23.371
88.36000 24.933
88.38000 24.225
88.40000 27.814
88.42000 24.614
88.44000 21.043
88.46000 20.995
88.48000 25.839
88.50000 30.928
88.52000 25.233
88.54000 20.320
88.56000 20.988
88.58000 23.593
88.60000 21.504
88.62000 16.941
88.64000 21.736
88.66000 21.244
88.68000 22.707
88.70000 22.946
88.72000 19.084
88.74000 20.926
88.76000 21.790
88.78000 23.683
88.80000 19.189
88.82000 13.026
88.84000 9.714
88.86000 17.256
88.88000 16.166
88.90000 14.138
88.92000 16.775
88.94000 14.952
88.96000 20.386
88.98000 20.223
89.00000 15.292
89.02000 12.405
89.04000 10.173
89.06000 10.400
89.08000 6.161
89.10000 6.244
89.12000 6.951
89.14000 11.531
89.16000 13.650
89.18000 16.241
89.20000 9.982
89.22000 12.940
89.24000 12.691
89.26000 8.960
89.28000 7.534
89.30000 8.010
89.32000 9.501
89.34000 6.085
89.36000 6.284
89.38000 6.703
89.40000 13.314
89.42000 11.804
89.44000 7.734
89.46000 3.186
89.48000 2.463
89.50000 6.823
89.52000 7.070
89.54000 3.426
89.56000 -0.973
89.58000 5.357
89.60000 4.482
89.62000 1.097
89.64000 0.624
89.66000 5.819
89.68000 7.818
89.70000 2.138
89.72000 0.748
89.74000 1.021
89.76000 -1.067
89.78000 -1.777
89.80000 3.266
89.82000 4.054
89.84000 -1.101
89.86000 -2.295
89.88000 1.461
89.90000 0.975
89.92000 0.335
89.94000 2.069
89.96000 4.457
89.98000 2.500
90.00000 -0.576
90.02000 -0.509
90.04000 -1.428
90.06000 -2.122
90.08000 0.829
90.10000 0.030
90.12000 4.173
90.14000 3.729
90.16000 0.112
90.18000 2.657
90.20000 4.906
90.22000 -0.465
90.24000 0.194
90.26000 -0.917
90.28000 -2.225
90.30000 -0.760
90.32000 -0.790
90.34000 0.931
90.36000 0.821
90.38000 2.385
90.40000 1.798
90.42000 1.876
90.44000 -0.195
90.46000 1.411
90.48000 0.387
90.50000 5.307
90.52000 3.850
90.54000 2.714
90.56000 2.332
90.58000 2.963
90.60000 4.668
90.62000 7.437
90.64000 8.431
90.66000 10.018
90.68000 7.689
90.70000 9.510
90.72000 8.299
90.74000 4.794
90.76000 6.203
90.78000 4.532
90.80000 3.762
90.82000 4.085
90.84000 5.597
90.86000 8.407
90.88000 6.244
90.90000 3.338
90.92000 4.210
90.94000 5.591
90.96000 4.414
90.98000 5.215
91.00000 2.787
91.02000 1.591
91.04000 2.916
91.06000 4.609
91.08000 3.898
91.10000 7.049
91.12000 7.209
91.14000 4.971
91.16000 4.914
91.18000 6.004
91.20000 6.192
91.22000 4.724
91.24000 4.754
91.26000 0.851
91.28000 -2.109
91.30000 1.574
91.32000 6.329
91.34000 8.052
91.36000 7.163
91.38000 6.902
91.40000 9.583
91.42000 5.529
91.44000 1.659
91.46000 8.990
91.48000 4.993
91.50000 5.592
91.52000 7.184
91.54000 5.117
91.56000 1.677
91.58000 4.185
91.60000 4.839
91.62000 6.959
91.64000 6.399
91.66000 5.540
91.68000 1.442
91.70000 1.949
91.72000 1.190
91.74000 0.979
91.76000 4.823
91.78000 4.855
91.80000 10.247
91.82000 10.470
91.84000 10.344
91.86000 8.678
91.88000 8.565
91.90000 7.855
91.92000 5.731
91.94000 9.869
91.96000 9.178
91.98000 6.874
92.00000 1.783
92.02000 -0.733
92.04000 8.372
92.06000 8.760
92.08000 3.601
92.10000 3.883
92.12000 5.282
92.14000 6.949
92.16000 6.878
92.18000 3.776
92.20000 2.941
92.22000 2.283
92.24000 1.612
92.26000 5.026
92.28000 4.708
92.30000 5.731
92.32000 7.221
92.34000 3.716
92.36000 2.389
92.38000 2.193
92.40000 2.379
92.42000 -2.142
92.44000 1.949
92.46000 2.897
92.48000 3.515
92.50000 2.354
92.52000 3.642
92.54000 4.718
92.56000 3.780
92.58000 0.223
92.60000 -0.249
92.62000 1.870
92.64000 4.200
92.66000 4.249
92.68000 2.320
92.70000 7.509
92.72000 5.757
92.74000 6.834
92.76000 0.832
92.78000 0.597
92.80000 0.181
92.82000 -2.130
92.84000 1.305
92.86000 10.961
92.88000 10.181
92.90000 7.210
92.92000 3.144
92.94000 2.873
92.96000 4.586
92.98000 2.350
93.00000 1.101
93.02000 2.031
93.04000 7.746
93.06000 7.260
93.08000 2.522
93.10000 1.998
93.12000 1.630
93.14000 0.706
93.16000 0.899
93.18000 2.867
93.20000 1.734
93.22000 0.045
93.24000 2.495
93.26000 7.464
93.28000 0.747
93.30000 2.604
93.32000 2.853
93.34000 2.395
93.36000 0.599
93.38000 3.980
93.40000 5.324
93.42000 7.750
93.44000 5.929
93.46000 7.456
93.48000 6.609
93.50000 3.736
93.52000 -1.283
93.54000 1.243
93.56000 1.422
93.58000 0.293
93.60000 0.927
93.62000 2.709
93.64000 0.274
93.66000 -0.107
93.68000 2.495
93.70000 2.799
93.72000 4.630
93.74000 2.443
93.76000 -1.378
93.78000 0.065
93.80000 3.812
93.82000 9.373
93.84000 7.558
93.86000 5.458
93.88000 3.152
93.90000 7.072
93.92000 4.722
93.94000 3.468
93.96000 1.605
93.98000 0.758
94.00000 6.235
94.02000 5.699
94.04000 -2.165
94.06000 -1.836
94.08000 1.667
94.10000 0.720
94.12000 5.533
94.14000 3.699
94.16000 0.517
94.18000 -0.155
94.20000 -0.616
94.22000 -0.939
94.24000 -1.497
94.26000 0.686
94.28000 2.779
94.30000 0.048
94.32000 -2.167
94.34000 0.875
94.36000 4.521
94.38000 3.460
94.40000 0.474
94.42000 0.726
94.44000 -0.687
94.46000 4.287
94.48000 4.115
94.50000 5.937
94.52000 5.283
94.54000 5.660
94.56000 7.624
94.58000 10.624
94.60000 6.144
94.62000 3.513
94.64000 4.228
94.66000 5.523
94.68000 1.558
94.70000 -1.371
94.72000 1.770
94.74000 7.898
94.76000 5.265
94.78000 0.127
94.80000 3.706
94.82000 7.342
94.84000 0.949
94.86000 -1.524
94.88000 0.308
94.90000 6.429
94.92000 2.603
94.94000 -0.617
94.96000 -2.156
94.98000 1.480
95.00000 2.096
95.02000 0.619
95.04000 3.759
95.06000 -0.609
95.08000 -0.226
95.10000 1.305
95.12000 2.212
95.14000 5.438
95.16000 10.370
95.18000 5.003
95.20000 7.962
95.22000 2.942
95.24000 4.764
95.26000 5.696
95.28000 6.438
95.30000 5.521
95.32000 5.643
95.34000 7.083
95.36000 3.119
95.38000 0.286
95.40000 2.214
95.42000 5.135
95.44000 1.906
95.46000 2.724
95.48000 5.979
95.50000 4.854
95.52000 4.413
95.54000 1.819
95.56000 0.709
95.58000 3.834
95.60000 4.676
95.62000 3.872
95.64000 1.686
95.66000 4.521
95.68000 5.029
95.70000 2.863
95.72000 -1.078
95.74000 -0.503
95.76000 2.016
95.78000 4.047
95.80000 3.001
95.82000 5.267
95.84000 4.481
95.86000 6.919
95.88000 8.769
95.90000 5.670
95.92000 5.972
95.94000 7.669
95.96000 5.508
95.98000 3.030
96.00000 4.656
96.02000 1.825
96.04000 3.580
96.06000 4.802
96.08000 9.139
96.10000 6.323
96.12000 4.974
96.14000 6.044
96.16000 5.236
96.18000 1.466
96.20000 4.201
96.22000 10.080
96.24000 7.083
96.26000 0.717
96.28000 3.537
96.30000 7.610
96.32000 7.561
96.34000 1.935
96.36000 0.058
96.38000 -2.155
96.40000 3.952
96.42000 2.368
96.44000 -0.241
96.46000 2.578
96.48000 4.855
96.50000 1.659
96.52000 -2.146
96.54000 2.389
96.56000 5.377
96.58000 8.073
96.60000 4.115
96.62000 1.201
96.64000 5.891
96.66000 7.291
96.68000 3.907
96.70000 3.315
96.72000 4.146
96.74000 8.391
96.76000 9.303
96.78000 5.980
96.80000 5.994
96.82000 6.908
96.84000 7.380
96.86000 0.211
96.88000 0.916
96.90000 1.863
96.92000 1.693
96.94000 3.021
96.96000 7.620
96.98000 8.268
97.00000 2.160
97.02000 3.480
97.04000 7.603
97.06000 3.451
97.08000 4.055
97.10000 3.696
97.12000 2.362
97.14000 0.845
97.16000 -2.103
97.18000 2.323
97.20000 2.715
97.22000 9.859
97.24000 5.876
97.26000 2.963
97.28000 4.621
97.30000 5.476
97.32000 2.835
97.34000 4.257
97.36000 6.709
97.38000 16.361
97.40000 14.006
97.42000 9.191
97.44000 6.879
97.46000 4.801
97.48000 6.451
97.50000 4.103
97.52000 9.871
97.54000 14.210
97.56000 10.322
97.58000 6.290
97.60000 6.264
97.62000 6.993
97.64000 4.705
97.66000 4.102
97.68000 12.547
97.70000 13.894
97.72000 4.757
97.74000 2.116
97.76000 -2.088
97.78000 4.019
97.80000 10.478
97.82000 10.002
97.84000 6.479
97.86000 9.798
97.88000 10.075
97.90000 5.609
97.92000 2.806
97.94000 3.161
97.96000 3.951
97.98000 7.631
98.00000 11.754
98.02000 10.921
98.04000 9.735
98.06000 8.796
98.08000 0.088
98.10000 -2.093
98.12000 2.538
98.14000 6.196
98.16000 9.892
98.18000 14.290
98.20000 8.308
98.22000 5.305
98.24000 0.964
98.26000 6.150
98.28000 3.092
98.30000 9.701
98.32000 6.250
98.34000 9.980
98.36000 7.127
98.38000 9.248
98.40000 4.838
98.42000 0.529
98.44000 7.554
98.46000 8.189
98.48000 0.684
98.50000 -0.111
98.52000 -0.216
98.54000 7.152
98.56000 2.612
98.58000 1.486
98.60000 5.379
98.62000 11.136
98.64000 4.985
98.66000 -0.491
98.68000 3.043
98.70000 -1.364
98.72000 0.384
98.74000 6.794
98.76000 2.827
98.78000 7.589
98.80000 4.795
98.82000 12.984
98.84000 11.390
98.86000 6.078
98.88000 6.059
98.90000 6.290
98.92000 8.141
98.94000 3.696
98.96000 2.136
98.98000 -0.482
99.00000 -1.949
99.02000 5.880
99.04000 11.732
99.06000 6.254
99.08000 1.687
99.10000 2.027
99.12000 3.472
99.14000 7.755
99.16000 5.136
99.18000 4.834
99.20000 7.193
99.22000 6.323
99.24000 7.338
99.26000 8.879
99.28000 3.276
99.30000 5.404
99.32000 4.201
99.34000 1.037
99.36000 6.732
99.38000 4.889
99.40000 6.183
99.42000 9.214
99.44000 7.415
99.46000 13.168
99.48000 10.253
99.50000 6.467
99.52000 -1.513
99.54000 2.358
99.56000 -2.075
99.58000 8.290
99.60000 8.628
99.62000 3.020
99.64000 7.094
99.66000 7.770
99.68000 4.228
99.70000 1.237
99.72000 -4.842
99.74000 9.125
99.76000 14.801
99.78000 2.625
99.80000 -2.102
99.82000 3.491
99.84000 1.848
99.86000 2.677
99.88000 4.764
99.90000 2.027
99.92000 -2.216
99.94000 3.084
99.96000 1.102
99.98000 0.000
