'Id: "0011387" Comment: "Integrate frame 0011387_Au-Ir-Rh_Rh-rich_XRD-Mapping-121-0000.gfrmwith cursor Wedge Cursor #5" Operator: "B?rgel" Anode: "Cu" Wavelength: "1.5406" Scantype: "2Theta (TwoTheta)" TimePerStep: "1" X: "-18" Y: "-9" Z: "5.95" 
10.00000 0.000
10.02000 18.307
10.04000 18.518
10.06000 18.796
10.08000 24.171
10.10000 18.323
10.12000 38.656
10.14000 34.396
10.16000 35.655
10.18000 15.542
10.20000 13.983
10.22000 25.010
10.24000 7.442
10.26000 6.886
10.28000 17.936
10.30000 7.669
10.32000 12.475
10.34000 20.377
10.36000 42.417
10.38000 13.967
10.40000 7.450
10.42000 22.492
10.44000 21.277
10.46000 21.515
10.48000 28.262
10.50000 10.353
10.52000 6.408
10.54000 1.668
10.56000 11.497
10.58000 16.099
10.60000 15.813
10.62000 18.040
10.64000 22.314
10.66000 24.391
10.68000 23.646
10.70000 12.570
10.72000 11.783
10.74000 19.155
10.76000 24.208
10.78000 26.233
10.80000 21.227
10.82000 5.442
10.84000 8.924
10.86000 4.280
10.88000 1.658
10.90000 -4.336
10.92000 13.492
10.94000 16.591
10.96000 10.990
10.98000 14.830
11.00000 10.599
11.02000 4.473
11.04000 10.140
11.06000 23.435
11.08000 17.780
11.10000 9.338
11.12000 8.973
11.14000 11.975
11.16000 15.864
11.18000 17.184
11.20000 29.175
11.22000 17.994
11.24000 14.823
11.26000 8.337
11.28000 13.137
11.30000 13.269
11.32000 8.270
11.34000 14.930
11.36000 12.541
11.38000 5.172
11.40000 2.966
11.42000 5.370
11.44000 1.958
11.46000 3.741
11.48000 6.503
11.50000 11.064
11.52000 6.230
11.54000 12.265
11.56000 17.037
11.58000 11.690
11.60000 12.933
11.62000 12.338
11.64000 12.153
11.66000 5.032
11.68000 -1.865
11.70000 6.376
11.72000 9.789
11.74000 13.366
11.76000 21.656
11.78000 23.872
11.80000 16.077
11.82000 9.959
11.84000 4.967
11.86000 7.852
11.88000 22.076
11.90000 27.120
11.92000 7.310
11.94000 3.037
11.96000 6.391
11.98000 7.125
12.00000 -2.006
12.02000 8.386
12.04000 9.674
12.06000 6.901
12.08000 13.655
12.10000 11.706
12.12000 16.665
12.14000 15.999
12.16000 16.024
12.18000 9.566
12.20000 4.052
12.22000 0.070
12.24000 7.810
12.26000 6.142
12.28000 1.187
12.30000 13.716
12.32000 6.433
12.34000 7.942
12.36000 21.570
12.38000 16.037
12.40000 16.831
12.42000 13.610
12.44000 8.876
12.46000 8.645
12.48000 12.657
12.50000 6.071
12.52000 0.958
12.54000 3.973
12.56000 2.505
12.58000 2.694
12.60000 -1.509
12.62000 3.978
12.64000 8.392
12.66000 -2.343
12.68000 -4.065
12.70000 1.800
12.72000 5.216
12.74000 5.027
12.76000 3.012
12.78000 4.078
12.80000 12.628
12.82000 11.139
12.84000 0.573
12.86000 1.002
12.88000 -1.728
12.90000 0.726
12.92000 11.478
12.94000 11.234
12.96000 4.823
12.98000 4.445
13.00000 4.694
13.02000 11.893
13.04000 6.168
13.06000 -2.246
13.08000 2.549
13.10000 2.897
13.12000 1.026
13.14000 13.007
13.16000 19.767
13.18000 20.799
13.20000 8.731
13.22000 11.345
13.24000 6.905
13.26000 4.316
13.28000 3.218
13.30000 -0.683
13.32000 -3.310
13.34000 2.266
13.36000 15.501
13.38000 11.236
13.40000 17.629
13.42000 17.220
13.44000 10.003
13.46000 9.571
13.48000 14.025
13.50000 4.124
13.52000 1.848
13.54000 7.421
13.56000 8.024
13.58000 10.765
13.60000 8.251
13.62000 3.572
13.64000 13.783
13.66000 13.683
13.68000 6.432
13.70000 6.169
13.72000 8.124
13.74000 13.954
13.76000 8.895
13.78000 8.370
13.80000 6.745
13.82000 8.603
13.84000 6.425
13.86000 8.283
13.88000 17.123
13.90000 14.155
13.92000 5.191
13.94000 7.233
13.96000 15.552
13.98000 3.868
14.00000 4.077
14.02000 6.698
14.04000 2.668
14.06000 -2.563
14.08000 4.358
14.10000 11.478
14.12000 12.597
14.14000 13.215
14.16000 16.211
14.18000 8.726
14.20000 7.981
14.22000 3.381
14.24000 -4.442
14.26000 1.516
14.28000 8.252
14.30000 7.348
14.32000 2.933
14.34000 13.940
14.36000 13.533
14.38000 21.624
14.40000 13.016
14.42000 16.882
14.44000 8.656
14.46000 3.327
14.48000 6.425
14.50000 10.999
14.52000 6.005
14.54000 3.033
14.56000 10.840
14.58000 11.678
14.60000 8.982
14.62000 8.796
14.64000 -3.201
14.66000 3.092
14.68000 11.236
14.70000 9.599
14.72000 7.434
14.74000 7.169
14.76000 0.973
14.78000 0.249
14.80000 2.029
14.82000 10.032
14.84000 8.333
14.86000 3.388
14.88000 5.288
14.90000 7.297
14.92000 9.089
14.94000 19.343
14.96000 16.352
14.98000 8.061
15.00000 4.893
15.02000 8.118
15.04000 10.273
15.06000 4.293
15.08000 14.727
15.10000 19.364
15.12000 9.814
15.14000 2.234
15.16000 10.075
15.18000 19.752
15.20000 13.885
15.22000 11.147
15.24000 13.936
15.26000 19.578
15.28000 10.545
15.30000 4.683
15.32000 -1.233
15.34000 5.433
15.36000 9.593
15.38000 8.876
15.40000 8.515
15.42000 12.296
15.44000 14.880
15.46000 14.109
15.48000 11.354
15.50000 11.436
15.52000 10.687
15.54000 5.429
15.56000 -4.405
15.58000 7.645
15.60000 8.345
15.62000 5.589
15.64000 0.930
15.66000 -1.611
15.68000 5.042
15.70000 2.577
15.72000 9.624
15.74000 9.790
15.76000 9.853
15.78000 1.834
15.80000 5.952
15.82000 6.135
15.84000 8.653
15.86000 11.229
15.88000 6.760
15.90000 5.544
15.92000 6.888
15.94000 11.316
15.96000 14.255
15.98000 11.155
16.00000 4.052
16.02000 7.381
16.04000 8.397
16.06000 9.343
16.08000 9.990
16.10000 14.351
16.12000 13.527
16.14000 7.268
16.16000 5.828
16.18000 2.447
16.20000 3.380
16.22000 10.469
16.24000 8.835
16.26000 12.349
16.28000 5.004
16.30000 4.186
16.32000 6.667
16.34000 2.102
16.36000 0.613
16.38000 -0.043
16.40000 4.349
16.42000 2.995
16.44000 10.557
16.46000 7.025
16.48000 14.352
16.50000 11.351
16.52000 13.260
16.54000 9.291
16.56000 7.971
16.58000 2.358
16.60000 5.605
16.62000 7.280
16.64000 11.025
16.66000 1.448
16.68000 -4.367
16.70000 4.895
16.72000 8.403
16.74000 4.048
16.76000 7.231
16.78000 2.182
16.80000 3.540
16.82000 0.611
16.84000 10.666
16.86000 13.510
16.88000 13.346
16.90000 16.398
16.92000 13.675
16.94000 9.637
16.96000 9.713
16.98000 10.263
17.00000 8.881
17.02000 15.037
17.04000 6.796
17.06000 1.197
17.08000 -0.378
17.10000 8.104
17.12000 14.134
17.14000 10.623
17.16000 8.451
17.18000 11.029
17.20000 9.026
17.22000 11.594
17.24000 6.667
17.26000 6.126
17.28000 6.830
17.30000 9.235
17.32000 4.976
17.34000 12.922
17.36000 9.718
17.38000 8.723
17.40000 9.117
17.42000 11.368
17.44000 7.083
17.46000 13.547
17.48000 14.037
17.50000 6.643
17.52000 8.794
17.54000 11.422
17.56000 5.108
17.58000 2.987
17.60000 5.688
17.62000 8.813
17.64000 12.311
17.66000 21.769
17.68000 11.538
17.70000 7.124
17.72000 15.378
17.74000 14.876
17.76000 3.306
17.78000 2.487
17.80000 5.502
17.82000 2.860
17.84000 3.899
17.86000 3.830
17.88000 5.825
17.90000 6.981
17.92000 5.906
17.94000 4.317
17.96000 1.926
17.98000 11.732
18.00000 18.596
18.02000 5.593
18.04000 3.964
18.06000 1.354
18.08000 8.504
18.10000 10.514
18.12000 9.592
18.14000 8.731
18.16000 7.897
18.18000 9.922
18.20000 18.524
18.22000 8.545
18.24000 4.658
18.26000 4.803
18.28000 -4.240
18.30000 -0.562
18.32000 1.459
18.34000 6.888
18.36000 6.843
18.38000 5.460
18.40000 8.983
18.42000 13.034
18.44000 11.025
18.46000 18.783
18.48000 18.650
18.50000 12.903
18.52000 9.771
18.54000 8.515
18.56000 8.907
18.58000 6.793
18.60000 -3.990
18.62000 2.552
18.64000 6.487
18.66000 9.326
18.68000 11.962
18.70000 9.424
18.72000 10.195
18.74000 15.517
18.76000 9.915
18.78000 6.194
18.80000 9.546
18.82000 6.961
18.84000 9.164
18.86000 3.554
18.88000 5.092
18.90000 16.651
18.92000 16.820
18.94000 8.530
18.96000 11.106
18.98000 4.167
19.00000 5.669
19.02000 8.091
19.04000 10.855
19.06000 7.574
19.08000 1.927
19.10000 -1.220
19.12000 3.060
19.14000 6.314
19.16000 9.567
19.18000 6.278
19.20000 13.370
19.22000 9.554
19.24000 -1.660
19.26000 5.865
19.28000 6.943
19.30000 10.666
19.32000 4.209
19.34000 2.588
19.36000 1.831
19.38000 1.414
19.40000 0.073
19.42000 0.369
19.44000 5.323
19.46000 2.461
19.48000 2.834
19.50000 4.572
19.52000 -1.013
19.54000 -0.657
19.56000 4.620
19.58000 6.207
19.60000 3.016
19.62000 3.377
19.64000 9.032
19.66000 5.912
19.68000 4.459
19.70000 7.106
19.72000 4.827
19.74000 4.689
19.76000 -1.412
19.78000 6.812
19.80000 3.686
19.82000 -1.168
19.84000 -0.079
19.86000 -3.292
19.88000 6.901
19.90000 3.801
19.92000 2.918
19.94000 7.760
19.96000 4.364
19.98000 -2.712
20.00000 -4.204
20.02000 1.187
20.04000 4.032
20.06000 5.783
20.08000 -0.345
20.10000 2.415
20.12000 5.636
20.14000 2.172
20.16000 1.088
20.18000 4.473
20.20000 2.139
20.22000 -1.325
20.24000 -1.690
20.26000 0.561
20.28000 1.505
20.30000 2.622
20.32000 7.932
20.34000 9.794
20.36000 3.783
20.38000 4.861
20.40000 4.006
20.42000 3.649
20.44000 4.093
20.46000 8.528
20.48000 7.575
20.50000 7.819
20.52000 1.226
20.54000 3.084
20.56000 0.194
20.58000 7.518
20.60000 6.721
20.62000 11.475
20.64000 9.246
20.66000 4.928
20.68000 0.922
20.70000 4.987
20.72000 2.569
20.74000 0.608
20.76000 -1.380
20.78000 -0.195
20.80000 7.741
20.82000 3.591
20.84000 2.426
20.86000 3.932
20.88000 4.959
20.90000 6.330
20.92000 1.630
20.94000 0.202
20.96000 4.979
20.98000 3.781
21.00000 -0.682
21.02000 5.787
21.04000 6.923
21.06000 2.802
21.08000 5.167
21.10000 -4.070
21.12000 -3.022
21.14000 -0.778
21.16000 1.568
21.18000 7.349
21.20000 -0.345
21.22000 -1.680
21.24000 2.057
21.26000 -1.265
21.28000 3.719
21.30000 12.787
21.32000 8.808
21.34000 2.004
21.36000 5.979
21.38000 0.718
21.40000 -4.108
21.42000 6.459
21.44000 9.917
21.46000 7.041
21.48000 6.788
21.50000 9.506
21.52000 2.962
21.54000 3.440
21.56000 9.179
21.58000 5.022
21.60000 -0.303
21.62000 1.435
21.64000 1.377
21.66000 2.976
21.68000 4.701
21.70000 -1.576
21.72000 -1.167
21.74000 0.509
21.76000 5.482
21.78000 7.503
21.80000 4.039
21.82000 4.182
21.84000 3.560
21.86000 6.867
21.88000 5.406
21.90000 9.148
21.92000 6.542
21.94000 2.994
21.96000 -1.441
21.98000 -1.729
22.00000 2.234
22.02000 4.973
22.04000 3.494
22.06000 3.780
22.08000 5.107
22.10000 5.339
22.12000 3.758
22.14000 1.980
22.16000 0.396
22.18000 4.702
22.20000 -0.266
22.22000 2.617
22.24000 9.249
22.26000 3.269
22.28000 6.305
22.30000 5.245
22.32000 8.432
22.34000 4.072
22.36000 12.803
22.38000 7.383
22.40000 1.327
22.42000 -2.420
22.44000 -1.922
22.46000 0.547
22.48000 10.130
22.50000 7.409
22.52000 4.852
22.54000 4.670
22.56000 5.634
22.58000 5.806
22.60000 2.579
22.62000 -0.448
22.64000 -0.898
22.66000 0.771
22.68000 2.447
22.70000 5.720
22.72000 4.404
22.74000 3.871
22.76000 9.450
22.78000 14.880
22.80000 7.718
22.82000 2.192
22.84000 2.868
22.86000 1.497
22.88000 -1.650
22.90000 3.439
22.92000 6.836
22.94000 9.547
22.96000 9.251
22.98000 8.655
23.00000 10.939
23.02000 13.362
23.04000 11.489
23.06000 6.086
23.08000 1.251
23.10000 1.551
23.12000 8.029
23.14000 6.377
23.16000 0.436
23.18000 6.745
23.20000 8.494
23.22000 11.760
23.24000 8.377
23.26000 7.459
23.28000 11.398
23.30000 9.518
23.32000 4.930
23.34000 -3.954
23.36000 0.140
23.38000 6.023
23.40000 8.158
23.42000 5.290
23.44000 12.563
23.46000 11.368
23.48000 13.041
23.50000 11.538
23.52000 4.216
23.54000 5.933
23.56000 8.879
23.58000 12.099
23.60000 10.152
23.62000 9.508
23.64000 3.738
23.66000 3.096
23.68000 6.601
23.70000 9.305
23.72000 7.339
23.74000 3.451
23.76000 -1.709
23.78000 0.872
23.80000 5.279
23.82000 6.032
23.84000 8.161
23.86000 5.347
23.88000 -1.199
23.90000 0.486
23.92000 -0.951
23.94000 -3.837
23.96000 3.903
23.98000 6.332
24.00000 6.963
24.02000 3.286
24.04000 5.675
24.06000 8.126
24.08000 7.571
24.10000 5.907
24.12000 6.479
24.14000 2.207
24.16000 0.131
24.18000 5.497
24.20000 7.697
24.22000 2.751
24.24000 2.785
24.26000 5.439
24.28000 8.361
24.30000 11.021
24.32000 5.949
24.34000 -3.937
24.36000 -1.773
24.38000 9.022
24.40000 14.092
24.42000 6.460
24.44000 6.000
24.46000 5.109
24.48000 2.030
24.50000 3.874
24.52000 2.332
24.54000 -3.609
24.56000 2.910
24.58000 11.796
24.60000 4.508
24.62000 1.450
24.64000 6.906
24.66000 2.375
24.68000 -1.835
24.70000 3.230
24.72000 4.362
24.74000 -2.458
24.76000 1.297
24.78000 2.046
24.80000 2.350
24.82000 7.680
24.84000 5.590
24.86000 -1.442
24.88000 -3.549
24.90000 0.687
24.92000 1.294
24.94000 -0.149
24.96000 1.172
24.98000 0.207
25.00000 2.805
25.02000 3.063
25.04000 3.523
25.06000 4.014
25.08000 0.600
25.10000 1.839
25.12000 -1.906
25.14000 -1.126
25.16000 -3.909
25.18000 -3.481
25.20000 0.571
25.22000 0.353
25.24000 0.510
25.26000 3.581
25.28000 2.194
25.30000 -0.362
25.32000 2.063
25.34000 9.404
25.36000 9.573
25.38000 10.715
25.40000 6.507
25.42000 4.084
25.44000 5.775
25.46000 5.319
25.48000 4.768
25.50000 3.355
25.52000 5.561
25.54000 10.769
25.56000 10.656
25.58000 3.088
25.60000 -1.569
25.62000 -0.303
25.64000 1.031
25.66000 -1.991
25.68000 -3.873
25.70000 2.406
25.72000 0.778
25.74000 5.662
25.76000 6.973
25.78000 9.181
25.80000 5.688
25.82000 -0.687
25.84000 -1.735
25.86000 -3.768
25.88000 -0.301
25.90000 4.570
25.92000 4.114
25.94000 0.708
25.96000 -1.935
25.98000 0.416
26.00000 4.469
26.02000 2.193
26.04000 -2.622
26.06000 -0.885
26.08000 2.349
26.10000 -0.358
26.12000 -2.902
26.14000 -3.863
26.16000 -1.225
26.18000 4.036
26.20000 2.399
26.22000 -0.119
26.24000 -0.189
26.26000 2.568
26.28000 4.599
26.30000 -0.504
26.32000 -2.351
26.34000 -0.946
26.36000 7.124
26.38000 4.618
26.40000 4.616
26.42000 5.348
26.44000 2.733
26.46000 -0.283
26.48000 -2.708
26.50000 -0.879
26.52000 2.674
26.54000 2.976
26.56000 -3.539
26.58000 -3.810
26.60000 0.088
26.62000 3.359
26.64000 -0.795
26.66000 5.035
26.68000 1.647
26.70000 0.145
26.72000 6.835
26.74000 9.146
26.76000 3.643
26.78000 1.279
26.80000 1.014
26.82000 4.215
26.84000 1.723
26.86000 1.636
26.88000 -3.610
26.90000 -0.368
26.92000 6.043
26.94000 1.064
26.96000 -0.034
26.98000 -3.190
27.00000 0.500
27.02000 3.744
27.04000 9.258
27.06000 7.030
27.08000 -0.197
27.10000 0.650
27.12000 -3.228
27.14000 3.470
27.16000 6.295
27.18000 2.238
27.20000 4.123
27.22000 9.090
27.24000 9.277
27.26000 7.153
27.28000 2.075
27.30000 -1.150
27.32000 -3.818
27.34000 -1.905
27.36000 -1.710
27.38000 -0.818
27.40000 1.155
27.42000 -0.057
27.44000 0.507
27.46000 4.445
27.48000 5.215
27.50000 6.165
27.52000 7.210
27.54000 4.239
27.56000 0.015
27.58000 -0.930
27.60000 1.720
27.62000 -0.671
27.64000 1.376
27.66000 0.306
27.68000 5.437
27.70000 6.859
27.72000 2.516
27.74000 -3.799
27.76000 -1.564
27.78000 1.840
27.80000 3.536
27.82000 3.740
27.84000 -0.294
27.86000 1.019
27.88000 4.812
27.90000 4.204
27.92000 2.052
27.94000 1.278
27.96000 0.216
27.98000 -1.625
28.00000 -2.223
28.02000 -3.233
28.04000 2.185
28.06000 0.122
28.08000 0.315
28.10000 2.989
28.12000 -1.507
28.14000 2.569
28.16000 4.521
28.18000 -1.680
28.20000 -2.587
28.22000 2.460
28.24000 -0.769
28.26000 1.183
28.28000 -0.352
28.30000 2.636
28.32000 4.742
28.34000 2.087
28.36000 1.708
28.38000 1.163
28.40000 0.936
28.42000 3.985
28.44000 1.680
28.46000 3.647
28.48000 2.165
28.50000 -0.382
28.52000 3.728
28.54000 2.657
28.56000 4.897
28.58000 -0.761
28.60000 -2.559
28.62000 3.912
28.64000 1.197
28.66000 -3.740
28.68000 -3.700
28.70000 -2.321
28.72000 1.149
28.74000 1.918
28.76000 0.573
28.78000 -1.674
28.80000 4.157
28.82000 2.348
28.84000 1.986
28.86000 1.770
28.88000 3.725
28.90000 3.727
28.92000 3.135
28.94000 2.835
28.96000 0.081
28.98000 2.110
29.00000 0.055
29.02000 0.612
29.04000 0.762
29.06000 -0.936
29.08000 -0.767
29.10000 0.829
29.12000 4.749
29.14000 2.090
29.16000 -1.173
29.18000 2.697
29.20000 3.825
29.22000 1.853
29.24000 3.932
29.26000 4.099
29.28000 6.980
29.30000 5.653
29.32000 0.034
29.34000 -0.529
29.36000 1.679
29.38000 0.143
29.40000 0.762
29.42000 -1.951
29.44000 3.727
29.46000 6.697
29.48000 -2.569
29.50000 0.957
29.52000 3.118
29.54000 8.227
29.56000 2.462
29.58000 -3.662
29.60000 -0.182
29.62000 3.383
29.64000 -1.069
29.66000 -0.214
29.68000 -0.777
29.70000 2.233
29.72000 0.889
29.74000 3.211
29.76000 3.499
29.78000 6.341
29.80000 2.178
29.82000 -3.276
29.84000 0.595
29.86000 3.932
29.88000 2.117
29.90000 4.047
29.92000 2.943
29.94000 4.286
29.96000 3.974
29.98000 6.064
30.00000 7.699
30.02000 1.839
30.04000 -3.035
30.06000 4.612
30.08000 5.529
30.10000 2.893
30.12000 -0.701
30.14000 -3.638
30.16000 1.661
30.18000 -0.587
30.20000 4.955
30.22000 3.394
30.24000 2.833
30.26000 3.374
30.28000 2.199
30.30000 0.594
30.32000 1.262
30.34000 2.796
30.36000 2.202
30.38000 4.345
30.40000 4.238
30.42000 1.885
30.44000 9.382
30.46000 6.742
30.48000 0.510
30.50000 0.163
30.52000 -0.024
30.54000 2.319
30.56000 5.493
30.58000 3.629
30.60000 4.368
30.62000 3.678
30.64000 3.834
30.66000 3.352
30.68000 3.738
30.70000 4.871
30.72000 2.625
30.74000 3.943
30.76000 2.760
30.78000 -3.629
30.80000 -2.013
30.82000 2.678
30.84000 1.158
30.86000 -1.868
30.88000 0.171
30.90000 -0.129
30.92000 -0.973
30.94000 -2.400
30.96000 1.770
30.98000 2.707
31.00000 3.204
31.02000 1.033
31.04000 1.957
31.06000 2.605
31.08000 0.892
31.10000 -1.874
31.12000 0.129
31.14000 2.733
31.16000 5.852
31.18000 6.101
31.20000 -1.634
31.22000 -2.189
31.24000 1.918
31.26000 0.540
31.28000 3.288
31.30000 3.171
31.32000 4.544
31.34000 1.627
31.36000 -1.584
31.38000 -2.421
31.40000 -0.612
31.42000 -2.667
31.44000 1.073
31.46000 2.681
31.48000 0.463
31.50000 0.440
31.52000 -0.959
31.54000 -1.620
31.56000 -0.119
31.58000 -0.837
31.60000 5.035
31.62000 4.514
31.64000 1.033
31.66000 1.552
31.68000 0.136
31.70000 -1.893
31.72000 2.404
31.74000 0.032
31.76000 -0.715
31.78000 -1.339
31.80000 -0.313
31.82000 -0.646
31.84000 0.927
31.86000 -1.585
31.88000 1.001
31.90000 4.654
31.92000 4.686
31.94000 1.236
31.96000 3.124
31.98000 3.535
32.00000 2.442
32.02000 2.266
32.04000 -1.014
32.06000 -0.963
32.08000 -1.160
32.10000 0.000
32.12000 3.148
32.14000 -0.214
32.16000 0.009
32.18000 -3.552
32.20000 -2.883
32.22000 -3.552
32.24000 1.270
32.26000 -2.313
32.28000 -0.775
32.30000 0.719
32.32000 4.909
32.34000 4.486
32.36000 1.180
32.38000 -0.849
32.40000 -0.505
32.42000 3.189
32.44000 4.170
32.46000 8.018
32.48000 2.696
32.50000 1.310
32.52000 -0.427
32.54000 -0.646
32.56000 1.833
32.58000 -2.370
32.60000 -2.715
32.62000 0.190
32.64000 1.133
32.66000 1.425
32.68000 -1.397
32.70000 -1.571
32.72000 1.904
32.74000 0.138
32.76000 1.262
32.78000 1.947
32.80000 1.068
32.82000 -0.472
32.84000 -0.216
32.86000 -0.563
32.88000 -1.981
32.90000 -3.170
32.92000 -1.342
32.94000 -1.597
32.96000 0.248
32.98000 2.374
33.00000 1.659
33.02000 2.410
33.04000 1.936
33.06000 4.391
33.08000 3.457
33.10000 1.052
33.12000 -1.844
33.14000 5.112
33.16000 4.155
33.18000 -1.579
33.20000 2.116
33.22000 1.925
33.24000 4.893
33.26000 0.519
33.28000 -0.172
33.30000 6.604
33.32000 10.234
33.34000 4.331
33.36000 -0.549
33.38000 1.002
33.40000 0.795
33.42000 -2.055
33.44000 -1.693
33.46000 5.270
33.48000 4.240
33.50000 -0.862
33.52000 0.381
33.54000 -3.370
33.56000 -3.521
33.58000 -0.288
33.60000 2.310
33.62000 2.268
33.64000 0.964
33.66000 0.943
33.68000 -2.258
33.70000 0.887
33.72000 3.122
33.74000 3.050
33.76000 3.318
33.78000 4.257
33.80000 3.595
33.82000 3.972
33.84000 6.508
33.86000 5.335
33.88000 3.950
33.90000 3.210
33.92000 2.563
33.94000 7.731
33.96000 6.784
33.98000 2.281
34.00000 0.515
34.02000 -0.163
34.04000 5.076
34.06000 7.056
34.08000 5.893
34.10000 7.194
34.12000 7.032
34.14000 2.721
34.16000 2.724
34.18000 1.437
34.20000 6.969
34.22000 1.993
34.24000 0.638
34.26000 4.153
34.28000 6.449
34.30000 7.776
34.32000 -0.235
34.34000 -2.542
34.36000 3.699
34.38000 6.875
34.40000 8.458
34.42000 4.081
34.44000 -1.115
34.46000 3.402
34.48000 3.618
34.50000 4.570
34.52000 0.244
34.54000 0.033
34.56000 1.169
34.58000 2.701
34.60000 4.857
34.62000 7.420
34.64000 5.004
34.66000 3.326
34.68000 3.822
34.70000 4.239
34.72000 4.776
34.74000 5.182
34.76000 -0.196
34.78000 4.010
34.80000 6.951
34.82000 5.811
34.84000 -2.579
34.86000 1.086
34.88000 7.103
34.90000 5.149
34.92000 2.154
34.94000 3.911
34.96000 -2.868
34.98000 -2.691
35.00000 3.919
35.02000 6.455
35.04000 -3.487
35.06000 -3.485
35.08000 1.548
35.10000 5.320
35.12000 2.373
35.14000 1.926
35.16000 5.395
35.18000 6.841
35.20000 5.142
35.22000 3.144
35.24000 2.821
35.26000 2.576
35.28000 6.118
35.30000 4.926
35.32000 3.388
35.34000 1.984
35.36000 -0.607
35.38000 -1.323
35.40000 0.670
35.42000 1.019
35.44000 0.264
35.46000 2.990
35.48000 2.727
35.50000 2.187
35.52000 3.173
35.54000 1.373
35.56000 -1.481
35.58000 3.992
35.60000 2.992
35.62000 0.422
35.64000 2.413
35.66000 2.145
35.68000 4.883
35.70000 -0.661
35.72000 -3.259
35.74000 -2.889
35.76000 5.122
35.78000 3.531
35.80000 6.062
35.82000 7.228
35.84000 5.292
35.86000 3.784
35.88000 -0.063
35.90000 -3.452
35.92000 0.201
35.94000 2.179
35.96000 2.923
35.98000 4.322
36.00000 3.799
36.02000 -1.352
36.04000 -0.556
36.06000 -3.457
36.08000 0.990
36.10000 1.082
36.12000 0.881
36.14000 6.220
36.16000 5.659
36.18000 2.031
36.20000 6.330
36.22000 8.255
36.24000 1.761
36.26000 1.224
36.28000 -0.518
36.30000 0.134
36.32000 -0.140
36.34000 2.960
36.36000 3.600
36.38000 3.350
36.40000 2.656
36.42000 -0.525
36.44000 1.835
36.46000 3.048
36.48000 -2.741
36.50000 -2.646
36.52000 1.057
36.54000 3.887
36.56000 6.206
36.58000 3.741
36.60000 -1.124
36.62000 -2.405
36.64000 -2.551
36.66000 -2.521
36.68000 0.795
36.70000 2.616
36.72000 2.341
36.74000 1.496
36.76000 -2.033
36.78000 -3.507
36.80000 -0.110
36.82000 0.033
36.84000 0.719
36.86000 -0.948
36.88000 -2.053
36.90000 0.818
36.92000 3.493
36.94000 -0.810
36.96000 -2.168
36.98000 -2.101
37.00000 -0.944
37.02000 -1.731
37.04000 -1.979
37.06000 -0.024
37.08000 -0.303
37.10000 1.019
37.12000 3.788
37.14000 2.760
37.16000 -0.282
37.18000 0.580
37.20000 -0.330
37.22000 2.517
37.24000 2.973
37.26000 -0.763
37.28000 -2.301
37.30000 -1.552
37.32000 0.024
37.34000 4.930
37.36000 4.451
37.38000 1.646
37.40000 4.063
37.42000 5.717
37.44000 7.515
37.46000 7.434
37.48000 3.608
37.50000 1.207
37.52000 -2.036
37.54000 -3.525
37.56000 -2.512
37.58000 3.540
37.60000 3.220
37.62000 7.557
37.64000 7.505
37.66000 5.040
37.68000 4.014
37.70000 6.533
37.72000 5.501
37.74000 9.344
37.76000 6.992
37.78000 4.562
37.80000 4.665
37.82000 3.261
37.84000 5.029
37.86000 3.752
37.88000 4.261
37.90000 3.802
37.92000 4.947
37.94000 6.526
37.96000 9.741
37.98000 9.928
38.00000 10.724
38.02000 12.399
38.04000 13.695
38.06000 11.266
38.08000 5.788
38.10000 5.696
38.12000 9.624
38.14000 9.280
38.16000 7.599
38.18000 14.678
38.20000 20.463
38.22000 16.388
38.24000 12.089
38.26000 11.538
38.28000 14.458
38.30000 16.670
38.32000 13.335
38.34000 18.227
38.36000 17.742
38.38000 19.123
38.40000 16.678
38.42000 21.438
38.44000 19.025
38.46000 16.084
38.48000 17.831
38.50000 14.788
38.52000 18.729
38.54000 19.760
38.56000 20.595
38.58000 21.311
38.60000 23.659
38.62000 26.587
38.64000 25.293
38.66000 23.669
38.68000 28.173
38.70000 28.883
38.72000 25.137
38.74000 24.160
38.76000 25.870
38.78000 28.427
38.80000 25.349
38.82000 25.002
38.84000 28.561
38.86000 29.842
38.88000 28.686
38.90000 32.753
38.92000 35.931
38.94000 35.103
38.96000 37.359
38.98000 38.120
39.00000 38.302
39.02000 36.446
39.04000 33.505
39.06000 36.440
39.08000 44.642
39.10000 49.950
39.12000 51.380
39.14000 50.203
39.16000 46.617
39.18000 46.934
39.20000 52.717
39.22000 52.276
39.24000 53.508
39.26000 55.205
39.28000 59.410
39.30000 59.365
39.32000 64.862
39.34000 64.602
39.36000 72.626
39.38000 78.256
39.40000 77.468
39.42000 74.369
39.44000 79.558
39.46000 92.477
39.48000 92.517
39.50000 94.832
39.52000 101.275
39.54000 103.945
39.56000 109.323
39.58000 111.017
39.60000 116.318
39.62000 131.395
39.64000 143.079
39.66000 153.105
39.68000 162.211
39.70000 173.133
39.72000 180.383
39.74000 187.139
39.76000 198.852
39.78000 208.678
39.80000 224.317
39.82000 245.522
39.84000 259.791
39.86000 276.424
39.88000 293.133
39.90000 311.829
39.92000 325.816
39.94000 349.392
39.96000 376.618
39.98000 396.697
40.00000 422.404
40.02000 451.202
40.04000 481.969
40.06000 512.704
40.08000 545.391
40.10000 585.449
40.12000 616.834
40.14000 645.457
40.16000 681.334
40.18000 714.885
40.20000 755.625
40.22000 790.236
40.24000 821.757
40.26000 859.468
40.28000 889.719
40.30000 922.639
40.32000 948.330
40.34000 959.078
40.36000 974.532
40.38000 988.077
40.40000 979.232
40.42000 996.301
40.44000 1022.646
40.46000 1017.914
40.48000 1004.271
40.50000 987.966
40.52000 972.260
40.54000 967.028
40.56000 942.003
40.58000 921.652
40.60000 903.081
40.62000 886.828
40.64000 865.606
40.66000 826.696
40.68000 792.144
40.70000 762.278
40.72000 723.112
40.74000 693.830
40.76000 675.053
40.78000 636.414
40.80000 616.890
40.82000 588.510
40.84000 561.536
40.86000 536.483
40.88000 498.375
40.90000 476.808
40.92000 447.447
40.94000 421.597
40.96000 396.530
40.98000 374.956
41.00000 351.834
41.02000 332.864
41.04000 318.441
41.06000 300.804
41.08000 288.304
41.10000 272.304
41.12000 252.655
41.14000 235.900
41.16000 227.486
41.18000 218.194
41.20000 203.107
41.22000 190.953
41.24000 180.527
41.26000 174.418
41.28000 166.258
41.30000 159.375
41.32000 151.062
41.34000 143.700
41.36000 132.101
41.38000 122.589
41.40000 117.240
41.42000 110.776
41.44000 99.826
41.46000 94.716
41.48000 91.140
41.50000 92.469
41.52000 89.918
41.54000 79.297
41.56000 76.252
41.58000 78.050
41.60000 69.688
41.62000 65.856
41.64000 67.167
41.66000 68.685
41.68000 63.671
41.70000 58.550
41.72000 51.378
41.74000 54.088
41.76000 48.092
41.78000 43.105
41.80000 46.599
41.82000 42.220
41.84000 40.124
41.86000 40.552
41.88000 37.117
41.90000 40.057
41.92000 38.588
41.94000 33.328
41.96000 31.797
41.98000 33.835
42.00000 31.279
42.02000 30.809
42.04000 31.716
42.06000 26.878
42.08000 25.886
42.10000 24.765
42.12000 22.628
42.14000 21.650
42.16000 21.143
42.18000 26.493
42.20000 21.945
42.22000 16.108
42.24000 20.455
42.26000 17.639
42.28000 13.481
42.30000 16.086
42.32000 14.514
42.34000 13.001
42.36000 14.535
42.38000 18.265
42.40000 16.187
42.42000 16.945
42.44000 11.959
42.46000 11.651
42.48000 9.207
42.50000 7.914
42.52000 6.463
42.54000 3.906
42.56000 6.776
42.58000 4.847
42.60000 1.098
42.62000 2.208
42.64000 4.020
42.66000 5.250
42.68000 5.439
42.70000 10.304
42.72000 8.278
42.74000 4.816
42.76000 2.904
42.78000 2.724
42.80000 1.251
42.82000 -1.134
42.84000 -2.542
42.86000 1.169
42.88000 5.710
42.90000 3.328
42.92000 2.567
42.94000 4.469
42.96000 6.014
42.98000 2.773
43.00000 2.196
43.02000 3.739
43.04000 4.455
43.06000 3.931
43.08000 2.514
43.10000 1.363
43.12000 4.715
43.14000 1.760
43.16000 0.684
43.18000 -1.891
43.20000 -1.403
43.22000 0.680
43.24000 1.884
43.26000 1.221
43.28000 -0.886
43.30000 1.618
43.32000 2.379
43.34000 1.558
43.36000 -0.222
43.38000 -2.396
43.40000 -1.114
43.42000 -3.135
43.44000 -3.428
43.46000 -0.988
43.48000 -1.193
43.50000 -0.512
43.52000 0.118
43.54000 0.947
43.56000 0.818
43.58000 -0.451
43.60000 -2.091
43.62000 -1.368
43.64000 -2.198
43.66000 -3.269
43.68000 1.069
43.70000 2.291
43.72000 2.514
43.74000 -0.245
43.76000 -0.913
43.78000 -0.111
43.80000 1.303
43.82000 -1.427
43.84000 -3.367
43.86000 -2.313
43.88000 2.495
43.90000 2.994
43.92000 -1.112
43.94000 -1.757
43.96000 1.116
43.98000 0.931
44.00000 -1.683
44.02000 -2.838
44.04000 -1.701
44.06000 1.889
44.08000 3.743
44.10000 -0.449
44.12000 -2.857
44.14000 3.167
44.16000 2.719
44.18000 1.636
44.20000 3.257
44.22000 -0.243
44.24000 -1.588
44.26000 -1.007
44.28000 -0.046
44.30000 2.656
44.32000 3.746
44.34000 4.808
44.36000 4.440
44.38000 1.890
44.40000 0.493
44.42000 -2.412
44.44000 -0.029
44.46000 1.213
44.48000 2.564
44.50000 2.527
44.52000 1.916
44.54000 -0.009
44.56000 0.690
44.58000 4.998
44.60000 4.075
44.62000 -0.903
44.64000 -2.025
44.66000 -3.283
44.68000 -2.395
44.70000 -1.810
44.72000 4.330
44.74000 3.142
44.76000 2.420
44.78000 -0.409
44.80000 -1.290
44.82000 0.802
44.84000 1.014
44.86000 4.071
44.88000 2.262
44.90000 0.398
44.92000 2.944
44.94000 4.163
44.96000 -0.714
44.98000 -1.242
45.00000 6.829
45.02000 4.615
45.04000 -1.271
45.06000 -1.491
45.08000 0.966
45.10000 3.688
45.12000 -0.194
45.14000 -0.839
45.16000 -2.426
45.18000 -0.460
45.20000 4.738
45.22000 5.415
45.24000 4.777
45.26000 2.722
45.28000 0.653
45.30000 4.140
45.32000 3.884
45.34000 0.732
45.36000 -1.879
45.38000 0.723
45.40000 5.080
45.42000 4.497
45.44000 7.563
45.46000 7.362
45.48000 7.712
45.50000 6.440
45.52000 2.985
45.54000 5.736
45.56000 5.453
45.58000 4.811
45.60000 6.949
45.62000 9.800
45.64000 10.706
45.66000 7.293
45.68000 6.233
45.70000 7.359
45.72000 7.187
45.74000 12.188
45.76000 14.117
45.78000 11.275
45.80000 16.181
45.82000 17.049
45.84000 18.570
45.86000 14.686
45.88000 16.593
45.90000 16.143
45.92000 18.084
45.94000 14.908
45.96000 15.709
45.98000 18.478
46.00000 22.084
46.02000 20.936
46.04000 21.750
46.06000 22.540
46.08000 25.252
46.10000 26.107
46.12000 27.231
46.14000 27.292
46.16000 30.719
46.18000 29.609
46.20000 28.764
46.22000 34.276
46.24000 35.873
46.26000 40.890
46.28000 41.950
46.30000 47.214
46.32000 46.712
46.34000 46.394
46.36000 49.179
46.38000 51.531
46.40000 53.955
46.42000 54.097
46.44000 59.738
46.46000 63.546
46.48000 69.397
46.50000 78.120
46.52000 78.369
46.54000 80.162
46.56000 84.802
46.58000 85.971
46.60000 93.054
46.62000 98.018
46.64000 98.665
46.66000 107.265
46.68000 105.539
46.70000 113.214
46.72000 118.739
46.74000 120.973
46.76000 124.327
46.78000 129.216
46.80000 132.131
46.82000 139.863
46.84000 136.790
46.86000 143.221
46.88000 157.257
46.90000 155.349
46.92000 154.089
46.94000 160.605
46.96000 163.190
46.98000 162.467
47.00000 159.878
47.02000 165.920
47.04000 174.024
47.06000 173.547
47.08000 169.433
47.10000 163.872
47.12000 155.607
47.14000 151.584
47.16000 154.186
47.18000 152.226
47.20000 155.514
47.22000 157.886
47.24000 147.582
47.26000 140.547
47.28000 137.494
47.30000 132.485
47.32000 131.687
47.34000 126.575
47.36000 120.399
47.38000 119.101
47.40000 117.120
47.42000 107.312
47.44000 105.464
47.46000 97.948
47.48000 89.548
47.50000 90.962
47.52000 89.228
47.54000 87.428
47.56000 85.758
47.58000 80.453
47.60000 72.430
47.62000 69.144
47.64000 64.681
47.66000 63.248
47.68000 61.401
47.70000 58.735
47.72000 50.934
47.74000 50.746
47.76000 46.545
47.78000 43.867
47.80000 41.928
47.82000 39.785
47.84000 40.052
47.86000 33.537
47.88000 33.287
47.90000 33.944
47.92000 32.562
47.94000 26.281
47.96000 23.120
47.98000 28.188
48.00000 24.833
48.02000 20.841
48.04000 18.413
48.06000 21.901
48.08000 25.617
48.10000 20.610
48.12000 16.115
48.14000 13.846
48.16000 5.811
48.18000 11.210
48.20000 16.034
48.22000 14.000
48.24000 12.037
48.26000 8.771
48.28000 9.030
48.30000 9.787
48.32000 7.933
48.34000 10.692
48.36000 5.449
48.38000 10.310
48.40000 4.739
48.42000 -2.982
48.44000 3.505
48.46000 2.204
48.48000 4.020
48.50000 2.255
48.52000 1.743
48.54000 0.676
48.56000 -0.387
48.58000 4.123
48.60000 1.983
48.62000 2.663
48.64000 2.184
48.66000 2.244
48.68000 2.747
48.70000 3.003
48.72000 3.138
48.74000 7.495
48.76000 6.002
48.78000 1.176
48.80000 -2.152
48.82000 -0.594
48.84000 1.034
48.86000 -0.628
48.88000 -1.575
48.90000 0.657
48.92000 6.297
48.94000 2.286
48.96000 2.049
48.98000 5.406
49.00000 1.597
49.02000 3.770
49.04000 1.210
49.06000 2.497
49.08000 0.455
49.10000 5.718
49.12000 3.451
49.14000 2.127
49.16000 -0.028
49.18000 -1.288
49.20000 3.817
49.22000 4.914
49.24000 6.605
49.26000 5.795
49.28000 -1.263
49.30000 -1.957
49.32000 -2.229
49.34000 -2.746
49.36000 0.728
49.38000 -0.905
49.40000 1.808
49.42000 4.613
49.44000 3.960
49.46000 1.340
49.48000 2.342
49.50000 2.608
49.52000 1.383
49.54000 2.324
49.56000 0.412
49.58000 4.256
49.60000 6.000
49.62000 3.841
49.64000 5.845
49.66000 3.874
49.68000 2.937
49.70000 2.330
49.72000 -2.694
49.74000 -0.586
49.76000 4.380
49.78000 5.102
49.80000 2.438
49.82000 6.120
49.84000 6.320
49.86000 4.136
49.88000 2.731
49.90000 -0.552
49.92000 -2.692
49.94000 -1.699
49.96000 -1.029
49.98000 2.411
50.00000 5.627
50.02000 6.334
50.04000 0.536
50.06000 -0.538
50.08000 1.566
50.10000 0.516
50.12000 -1.189
50.14000 6.297
50.16000 6.144
50.18000 3.764
50.20000 1.700
50.22000 6.412
50.24000 6.369
50.26000 3.672
50.28000 5.582
50.30000 4.217
50.32000 2.611
50.34000 0.897
50.36000 0.889
50.38000 3.209
50.40000 0.734
50.42000 -1.121
50.44000 1.267
50.46000 1.780
50.48000 2.491
50.50000 -0.110
50.52000 -0.237
50.54000 -0.648
50.56000 0.504
50.58000 2.442
50.60000 -0.901
50.62000 -0.833
50.64000 -0.720
50.66000 0.022
50.68000 0.659
50.70000 0.343
50.72000 4.710
50.74000 2.651
50.76000 3.125
50.78000 3.233
50.80000 -0.402
50.82000 2.067
50.84000 2.828
50.86000 -0.508
50.88000 3.697
50.90000 -2.641
50.92000 -0.181
50.94000 1.424
50.96000 1.401
50.98000 1.103
51.00000 -0.539
51.02000 0.614
51.04000 1.983
51.06000 0.652
51.08000 1.066
51.10000 5.242
51.12000 7.850
51.14000 4.733
51.16000 1.605
51.18000 2.663
51.20000 3.182
51.22000 4.910
51.24000 2.794
51.26000 2.770
51.28000 5.819
51.30000 3.674
51.32000 -1.614
51.34000 -0.737
51.36000 5.724
51.38000 2.290
51.40000 -2.595
51.42000 0.812
51.44000 3.691
51.46000 0.908
51.48000 -1.062
51.50000 5.361
51.52000 4.174
51.54000 -1.325
51.56000 3.499
51.58000 6.956
51.60000 5.336
51.62000 3.893
51.64000 3.820
51.66000 -1.288
51.68000 -2.142
51.70000 -0.480
51.72000 2.567
51.74000 0.830
51.76000 3.555
51.78000 3.064
51.80000 4.179
51.82000 5.827
51.84000 5.152
51.86000 4.329
51.88000 -1.404
51.90000 -1.112
51.92000 -0.150
51.94000 4.468
51.96000 3.481
51.98000 -0.333
52.00000 -2.580
52.02000 0.611
52.04000 2.143
52.06000 1.294
52.08000 4.148
52.10000 1.008
52.12000 2.453
52.14000 2.517
52.16000 3.988
52.18000 1.768
52.20000 5.151
52.22000 3.315
52.24000 0.331
52.26000 0.268
52.28000 2.423
52.30000 1.639
52.32000 4.188
52.34000 3.144
52.36000 1.006
52.38000 -0.218
52.40000 0.529
52.42000 -1.862
52.44000 -0.285
52.46000 -0.613
52.48000 1.665
52.50000 1.250
52.52000 3.096
52.54000 -0.918
52.56000 0.596
52.58000 0.424
52.60000 3.149
52.62000 3.984
52.64000 3.507
52.66000 3.097
52.68000 4.866
52.70000 0.706
52.72000 0.964
52.74000 -1.684
52.76000 2.109
52.78000 1.156
52.80000 1.681
52.82000 2.196
52.84000 5.552
52.86000 5.050
52.88000 1.086
52.90000 -2.545
52.92000 -1.601
52.94000 2.609
52.96000 2.965
52.98000 3.214
53.00000 -0.162
53.02000 3.415
53.04000 1.540
53.06000 1.046
53.08000 1.666
53.10000 1.144
53.12000 -0.940
53.14000 -1.451
53.16000 4.384
53.18000 2.519
53.20000 -2.502
53.22000 3.108
53.24000 3.041
53.26000 0.933
53.28000 -2.523
53.30000 -0.090
53.32000 -0.355
53.34000 4.973
53.36000 8.865
53.38000 5.242
53.40000 2.318
53.42000 3.215
53.44000 2.820
53.46000 1.885
53.48000 1.036
53.50000 2.482
53.52000 2.051
53.54000 3.817
53.56000 4.677
53.58000 2.057
53.60000 1.467
53.62000 3.085
53.64000 0.580
53.66000 2.897
53.68000 2.786
53.70000 3.258
53.72000 2.770
53.74000 -2.117
53.76000 -1.305
53.78000 0.500
53.80000 -0.584
53.82000 6.954
53.84000 5.613
53.86000 3.373
53.88000 1.145
53.90000 -1.207
53.92000 -2.238
53.94000 -0.997
53.96000 2.446
53.98000 2.531
54.00000 2.314
54.02000 -2.522
54.04000 -2.487
54.06000 -0.323
54.08000 0.495
54.10000 0.199
54.12000 -0.637
54.14000 0.401
54.16000 2.544
54.18000 1.608
54.20000 1.015
54.22000 3.945
54.24000 3.744
54.26000 0.474
54.28000 2.118
54.30000 -0.060
54.32000 1.370
54.34000 3.118
54.36000 2.290
54.38000 -1.191
54.40000 -0.521
54.42000 0.298
54.44000 -0.784
54.46000 -2.181
54.48000 2.657
54.50000 1.679
54.52000 -1.068
54.54000 -1.214
54.56000 -0.656
54.58000 1.255
54.60000 4.548
54.62000 0.924
54.64000 1.895
54.66000 0.993
54.68000 -0.878
54.70000 0.784
54.72000 -0.799
54.74000 0.421
54.76000 1.037
54.78000 2.771
54.80000 3.954
54.82000 0.019
54.84000 -0.283
54.86000 -2.469
54.88000 -2.503
54.90000 2.072
54.92000 2.120
54.94000 2.694
54.96000 2.750
54.98000 4.200
55.00000 4.894
55.02000 2.642
55.04000 2.602
55.06000 4.249
55.08000 5.122
55.10000 4.133
55.12000 3.444
55.14000 1.480
55.16000 0.602
55.18000 -0.735
55.20000 1.753
55.22000 1.449
55.24000 3.655
55.26000 2.086
55.28000 0.175
55.30000 -0.971
55.32000 1.840
55.34000 2.782
55.36000 3.135
55.38000 1.349
55.40000 5.558
55.42000 3.848
55.44000 3.250
55.46000 1.966
55.48000 0.857
55.50000 2.000
55.52000 -0.506
55.54000 1.742
55.56000 2.634
55.58000 5.709
55.60000 5.292
55.62000 2.654
55.64000 -0.294
55.66000 -0.481
55.68000 -0.389
55.70000 0.026
55.72000 -1.967
55.74000 0.667
55.76000 0.815
55.78000 -0.783
55.80000 1.655
55.82000 -0.253
55.84000 -1.907
55.86000 -1.990
55.88000 -2.455
55.90000 0.550
55.92000 0.172
55.94000 4.936
55.96000 2.570
55.98000 3.138
56.00000 3.118
56.02000 -0.655
56.04000 1.235
56.06000 3.953
56.08000 1.179
56.10000 4.107
56.12000 3.624
56.14000 2.379
56.16000 -0.456
56.18000 -1.090
56.20000 -1.894
56.22000 -0.996
56.24000 1.510
56.26000 4.494
56.28000 3.384
56.30000 4.387
56.32000 3.659
56.34000 4.871
56.36000 4.382
56.38000 2.538
56.40000 4.504
56.42000 2.377
56.44000 -0.584
56.46000 0.992
56.48000 1.475
56.50000 4.214
56.52000 2.860
56.54000 3.751
56.56000 5.034
56.58000 1.124
56.60000 -2.421
56.62000 -1.053
56.64000 1.145
56.66000 5.090
56.68000 2.683
56.70000 0.385
56.72000 3.609
56.74000 2.935
56.76000 2.270
56.78000 3.857
56.80000 1.424
56.82000 7.287
56.84000 8.179
56.86000 5.519
56.88000 3.656
56.90000 2.297
56.92000 1.464
56.94000 0.001
56.96000 -0.801
56.98000 -0.508
57.00000 -2.220
57.02000 0.747
57.04000 -0.189
57.06000 0.654
57.08000 2.045
57.10000 5.194
57.12000 5.457
57.14000 5.613
57.16000 0.721
57.18000 0.342
57.20000 4.362
57.22000 1.372
57.24000 3.150
57.26000 1.427
57.28000 0.944
57.30000 3.389
57.32000 2.558
57.34000 5.870
57.36000 7.023
57.38000 5.417
57.40000 4.173
57.42000 2.684
57.44000 -1.955
57.46000 -1.526
57.48000 -2.382
57.50000 1.811
57.52000 8.215
57.54000 6.829
57.56000 3.025
57.58000 1.523
57.60000 2.329
57.62000 2.072
57.64000 1.442
57.66000 4.657
57.68000 3.864
57.70000 1.571
57.72000 1.132
57.74000 2.455
57.76000 4.164
57.78000 2.758
57.80000 3.343
57.82000 5.007
57.84000 5.291
57.86000 4.110
57.88000 4.899
57.90000 3.960
57.92000 -0.200
57.94000 -0.789
57.96000 -2.383
57.98000 1.303
58.00000 3.252
58.02000 4.394
58.04000 -0.442
58.06000 1.325
58.08000 0.966
58.10000 -0.331
58.12000 -2.381
58.14000 3.488
58.16000 3.952
58.18000 3.142
58.20000 -0.792
58.22000 3.435
58.24000 3.162
58.26000 4.896
58.28000 3.455
58.30000 6.138
58.32000 4.095
58.34000 0.846
58.36000 -0.959
58.38000 0.455
58.40000 0.520
58.42000 1.325
58.44000 1.638
58.46000 3.696
58.48000 1.656
58.50000 -0.423
58.52000 0.777
58.54000 1.990
58.56000 3.877
58.58000 3.722
58.60000 3.902
58.62000 -0.727
58.64000 3.167
58.66000 6.817
58.68000 4.929
58.70000 5.287
58.72000 4.321
58.74000 2.998
58.76000 -0.890
58.78000 -1.999
58.80000 0.410
58.82000 -0.514
58.84000 2.502
58.86000 7.060
58.88000 2.973
58.90000 -2.367
58.92000 0.703
58.94000 0.400
58.96000 1.399
58.98000 0.132
59.00000 3.782
59.02000 6.818
59.04000 5.115
59.06000 4.327
59.08000 4.106
59.10000 2.672
59.12000 1.136
59.14000 -0.072
59.16000 0.348
59.18000 1.998
59.20000 -0.002
59.22000 2.531
59.24000 2.288
59.26000 4.951
59.28000 0.675
59.30000 -2.282
59.32000 2.885
59.34000 2.400
59.36000 1.314
59.38000 3.670
59.40000 -1.297
59.42000 -0.238
59.44000 0.633
59.46000 2.758
59.48000 -0.101
59.50000 2.452
59.52000 4.348
59.54000 -0.150
59.56000 1.414
59.58000 2.562
59.60000 -0.970
59.62000 -0.647
59.64000 2.418
59.66000 3.651
59.68000 3.444
59.70000 4.668
59.72000 3.020
59.74000 3.417
59.76000 2.556
59.78000 1.869
59.80000 1.882
59.82000 3.248
59.84000 3.369
59.86000 1.592
59.88000 2.775
59.90000 -0.172
59.92000 -0.208
59.94000 0.058
59.96000 0.660
59.98000 1.588
60.00000 -0.796
60.02000 -2.335
60.04000 0.318
60.06000 1.077
60.08000 2.142
60.10000 0.072
60.12000 1.019
60.14000 1.111
60.16000 3.339
60.18000 4.666
60.20000 3.254
60.22000 -1.984
60.24000 -0.103
60.26000 3.057
60.28000 1.940
60.30000 -0.134
60.32000 1.411
60.34000 2.135
60.36000 -1.517
60.38000 -0.982
60.40000 3.475
60.42000 -1.910
60.44000 -0.025
60.46000 2.352
60.48000 1.955
60.50000 2.320
60.52000 2.631
60.54000 1.189
60.56000 -0.497
60.58000 1.919
60.60000 -2.296
60.62000 0.404
60.64000 4.963
60.66000 3.344
60.68000 5.833
60.70000 2.798
60.72000 -0.246
60.74000 0.984
60.76000 2.314
60.78000 6.131
60.80000 5.272
60.82000 -0.387
60.84000 -1.678
60.86000 1.823
60.88000 -0.043
60.90000 -1.464
60.92000 -1.266
60.94000 0.804
60.96000 1.811
60.98000 0.452
61.00000 1.617
61.02000 4.239
61.04000 4.630
61.06000 2.308
61.08000 4.854
61.10000 3.686
61.12000 1.430
61.14000 -1.305
61.16000 1.137
61.18000 4.324
61.20000 4.896
61.22000 4.404
61.24000 1.803
61.26000 0.242
61.28000 1.446
61.30000 4.373
61.32000 6.632
61.34000 4.616
61.36000 3.206
61.38000 0.864
61.40000 0.434
61.42000 1.130
61.44000 0.974
61.46000 -0.528
61.48000 -1.508
61.50000 -0.128
61.52000 1.785
61.54000 3.500
61.56000 1.091
61.58000 -1.053
61.60000 4.009
61.62000 5.800
61.64000 2.825
61.66000 0.646
61.68000 -1.093
61.70000 -2.281
61.72000 -1.804
61.74000 0.775
61.76000 5.429
61.78000 1.065
61.80000 -1.017
61.82000 1.836
61.84000 4.646
61.86000 3.980
61.88000 5.536
61.90000 2.945
61.92000 -1.031
61.94000 -2.282
61.96000 0.530
61.98000 3.795
62.00000 3.685
62.02000 3.038
62.04000 -0.161
62.06000 -1.848
62.08000 -1.182
62.10000 1.402
62.12000 0.747
62.14000 1.101
62.16000 1.354
62.18000 0.898
62.20000 1.221
62.22000 -0.143
62.24000 -0.889
62.26000 2.535
62.28000 2.281
62.30000 2.663
62.32000 4.974
62.34000 4.505
62.36000 0.851
62.38000 -0.301
62.40000 1.782
62.42000 0.290
62.44000 2.684
62.46000 4.859
62.48000 3.896
62.50000 2.653
62.52000 2.223
62.54000 2.986
62.56000 0.946
62.58000 1.202
62.60000 0.380
62.62000 0.386
62.64000 -2.256
62.66000 -0.504
62.68000 2.061
62.70000 1.737
62.72000 3.190
62.74000 4.196
62.76000 2.138
62.78000 3.252
62.80000 5.053
62.82000 3.448
62.84000 2.799
62.86000 -0.582
62.88000 1.074
62.90000 2.627
62.92000 1.593
62.94000 -0.127
62.96000 2.722
62.98000 3.465
63.00000 4.033
63.02000 -0.955
63.04000 -0.554
63.06000 2.025
63.08000 2.033
63.10000 1.782
63.12000 2.596
63.14000 5.873
63.16000 0.959
63.18000 -1.118
63.20000 4.646
63.22000 3.977
63.24000 0.183
63.26000 0.950
63.28000 3.421
63.30000 2.898
63.32000 2.386
63.34000 3.443
63.36000 5.430
63.38000 1.236
63.40000 -1.783
63.42000 -1.393
63.44000 1.554
63.46000 1.551
63.48000 3.608
63.50000 2.940
63.52000 0.828
63.54000 -2.228
63.56000 0.216
63.58000 1.989
63.60000 1.248
63.62000 3.657
63.64000 3.975
63.66000 3.977
63.68000 4.281
63.70000 1.629
63.72000 2.788
63.74000 1.269
63.76000 -1.002
63.78000 -1.354
63.80000 -0.481
63.82000 0.205
63.84000 -2.102
63.86000 -0.111
63.88000 -0.320
63.90000 2.068
63.92000 3.252
63.94000 2.377
63.96000 2.030
63.98000 3.037
64.00000 4.852
64.02000 3.840
64.04000 4.482
64.06000 0.873
64.08000 -0.076
64.10000 3.227
64.12000 6.724
64.14000 4.780
64.16000 -0.898
64.18000 -0.296
64.20000 1.355
64.22000 1.413
64.24000 0.846
64.26000 -2.243
64.28000 -1.109
64.30000 -0.797
64.32000 -0.154
64.34000 1.560
64.36000 0.695
64.38000 2.343
64.40000 0.605
64.42000 -2.242
64.44000 -0.805
64.46000 2.160
64.48000 0.837
64.50000 0.509
64.52000 -1.885
64.54000 -0.602
64.56000 -0.060
64.58000 0.658
64.60000 0.556
64.62000 1.054
64.64000 0.302
64.66000 0.168
64.68000 -0.792
64.70000 0.935
64.72000 -0.430
64.74000 0.153
64.76000 1.811
64.78000 1.030
64.80000 -2.162
64.82000 -2.070
64.84000 -1.130
64.86000 -1.050
64.88000 2.667
64.90000 3.462
64.92000 1.057
64.94000 -1.906
64.96000 -2.074
64.98000 1.901
65.00000 4.004
65.02000 5.098
65.04000 0.905
65.06000 -0.546
65.08000 1.196
65.10000 -2.248
65.12000 -1.416
65.14000 0.597
65.16000 -0.517
65.18000 -0.471
65.20000 1.174
65.22000 0.276
65.24000 0.428
65.26000 1.662
65.28000 -0.109
65.30000 0.073
65.32000 -0.803
65.34000 0.164
65.36000 0.859
65.38000 -0.361
65.40000 -0.807
65.42000 0.297
65.44000 1.494
65.46000 3.422
65.48000 2.112
65.50000 1.206
65.52000 0.140
65.54000 1.902
65.56000 2.721
65.58000 0.562
65.60000 -1.339
65.62000 -1.182
65.64000 -0.369
65.66000 1.018
65.68000 -0.322
65.70000 0.060
65.72000 0.325
65.74000 -0.189
65.76000 1.979
65.78000 0.946
65.80000 0.620
65.82000 2.810
65.84000 1.189
65.86000 1.448
65.88000 3.795
65.90000 2.867
65.92000 0.864
65.94000 -1.045
65.96000 -0.307
65.98000 -1.152
66.00000 1.193
66.02000 -0.497
66.04000 -2.226
66.06000 -0.061
66.08000 4.182
66.10000 1.818
66.12000 0.762
66.14000 0.143
66.16000 -1.608
66.18000 -1.491
66.20000 -1.245
66.22000 1.178
66.24000 1.435
66.26000 1.437
66.28000 2.072
66.30000 1.679
66.32000 2.377
66.34000 4.197
66.36000 2.896
66.38000 1.893
66.40000 -2.200
66.42000 0.511
66.44000 3.457
66.46000 3.783
66.48000 3.588
66.50000 3.387
66.52000 0.873
66.54000 -0.726
66.56000 -0.827
66.58000 0.237
66.60000 0.973
66.62000 -1.299
66.64000 -1.179
66.66000 1.107
66.68000 1.080
66.70000 1.990
66.72000 0.889
66.74000 2.245
66.76000 0.141
66.78000 -0.062
66.80000 1.537
66.82000 0.970
66.84000 -1.666
66.86000 -1.743
66.88000 1.172
66.90000 2.795
66.92000 0.344
66.94000 -1.006
66.96000 -0.307
66.98000 1.444
67.00000 1.672
67.02000 0.882
67.04000 -2.240
67.06000 -0.168
67.08000 0.499
67.10000 0.784
67.12000 -2.242
67.14000 1.435
67.16000 1.623
67.18000 0.991
67.20000 2.190
67.22000 2.205
67.24000 0.806
67.26000 -0.301
67.28000 -0.776
67.30000 -2.250
67.32000 -0.680
67.34000 1.166
67.36000 2.576
67.38000 0.411
67.40000 -0.615
67.42000 0.263
67.44000 0.381
67.46000 2.324
67.48000 1.493
67.50000 0.349
67.52000 0.113
67.54000 1.670
67.56000 0.232
67.58000 0.704
67.60000 0.988
67.62000 2.031
67.64000 1.706
67.66000 1.225
67.68000 1.261
67.70000 1.902
67.72000 2.590
67.74000 3.772
67.76000 1.531
67.78000 3.321
67.80000 0.369
67.82000 2.608
67.84000 4.665
67.86000 3.864
67.88000 4.746
67.90000 3.759
67.92000 3.978
67.94000 5.864
67.96000 6.050
67.98000 7.130
68.00000 6.662
68.02000 9.362
68.04000 7.787
68.06000 7.443
68.08000 7.129
68.10000 9.554
68.12000 8.428
68.14000 7.734
68.16000 10.726
68.18000 11.398
68.20000 10.996
68.22000 12.797
68.24000 13.077
68.26000 16.862
68.28000 14.328
68.30000 16.054
68.32000 14.407
68.34000 14.085
68.36000 18.157
68.38000 22.360
68.40000 21.888
68.42000 23.588
68.44000 25.238
68.46000 27.086
68.48000 26.242
68.50000 25.843
68.52000 29.178
68.54000 27.661
68.56000 28.612
68.58000 28.177
68.60000 27.626
68.62000 27.573
68.64000 31.371
68.66000 33.262
68.68000 31.476
68.70000 30.046
68.72000 31.369
68.74000 33.825
68.76000 30.702
68.78000 32.821
68.80000 34.496
68.82000 34.798
68.84000 35.221
68.86000 34.513
68.88000 34.460
68.90000 33.361
68.92000 35.151
68.94000 34.434
68.96000 30.015
68.98000 30.448
69.00000 30.600
69.02000 30.059
69.04000 29.584
69.06000 27.575
69.08000 26.194
69.10000 25.012
69.12000 25.501
69.14000 22.172
69.16000 18.855
69.18000 17.373
69.20000 18.695
69.22000 20.264
69.24000 19.904
69.26000 21.087
69.28000 16.585
69.30000 15.269
69.32000 13.730
69.34000 12.738
69.36000 12.358
69.38000 12.687
69.40000 12.437
69.42000 12.249
69.44000 10.553
69.46000 8.987
69.48000 5.850
69.50000 4.684
69.52000 5.977
69.54000 6.438
69.56000 8.157
69.58000 9.353
69.60000 6.271
69.62000 3.649
69.64000 3.389
69.66000 2.952
69.68000 2.690
69.70000 1.296
69.72000 3.922
69.74000 2.628
69.76000 -0.788
69.78000 -0.554
69.80000 1.943
69.82000 0.815
69.84000 -0.406
69.86000 2.791
69.88000 0.820
69.90000 -1.318
69.92000 -1.395
69.94000 1.128
69.96000 0.759
69.98000 -2.201
70.00000 -0.259
70.02000 1.922
70.04000 -1.605
70.06000 -1.197
70.08000 -1.539
70.10000 1.324
70.12000 1.662
70.14000 -1.842
70.16000 -1.758
70.18000 0.468
70.20000 -0.893
70.22000 -0.628
70.24000 -2.158
70.26000 -1.838
70.28000 -2.131
70.30000 2.500
70.32000 0.723
70.34000 -1.244
70.36000 -0.776
70.38000 -1.290
70.40000 -2.145
70.42000 0.085
70.44000 -0.670
70.46000 0.327
70.48000 0.098
70.50000 0.930
70.52000 1.656
70.54000 2.218
70.56000 -0.972
70.58000 1.198
70.60000 0.099
70.62000 0.132
70.64000 -2.105
70.66000 -1.242
70.68000 2.140
70.70000 -0.314
70.72000 -1.436
70.74000 1.601
70.76000 2.118
70.78000 -0.386
70.80000 1.245
70.82000 1.341
70.84000 1.513
70.86000 1.121
70.88000 0.962
70.90000 -0.300
70.92000 -0.076
70.94000 -1.368
70.96000 -1.096
70.98000 0.115
71.00000 2.555
71.02000 2.144
71.04000 -0.062
71.06000 -0.798
71.08000 -1.592
71.10000 0.017
71.12000 0.808
71.14000 -1.152
71.16000 -0.459
71.18000 -2.051
71.20000 -0.704
71.22000 0.369
71.24000 -1.172
71.26000 0.550
71.28000 0.234
71.30000 2.237
71.32000 1.563
71.34000 3.111
71.36000 2.606
71.38000 2.278
71.40000 4.353
71.42000 1.389
71.44000 0.939
71.46000 -0.557
71.48000 -1.939
71.50000 -1.916
71.52000 0.270
71.54000 0.153
71.56000 1.855
71.58000 3.268
71.60000 4.910
71.62000 1.489
71.64000 0.199
71.66000 1.941
71.68000 2.954
71.70000 3.895
71.72000 3.415
71.74000 -0.878
71.76000 -0.626
71.78000 -0.897
71.80000 -0.004
71.82000 -2.014
71.84000 0.232
71.86000 2.535
71.88000 1.715
71.90000 0.320
71.92000 -0.523
71.94000 -1.052
71.96000 -0.941
71.98000 0.364
72.00000 3.139
72.02000 0.006
72.04000 -1.070
72.06000 0.609
72.08000 0.139
72.10000 1.531
72.12000 0.434
72.14000 0.954
72.16000 1.660
72.18000 0.308
72.20000 0.232
72.22000 -0.364
72.24000 0.064
72.26000 1.438
72.28000 0.806
72.30000 2.062
72.32000 2.136
72.34000 5.741
72.36000 4.597
72.38000 2.424
72.40000 1.931
72.42000 2.992
72.44000 5.232
72.46000 3.396
72.48000 3.047
72.50000 3.087
72.52000 3.136
72.54000 2.548
72.56000 1.245
72.58000 -1.942
72.60000 1.075
72.62000 2.042
72.64000 4.224
72.66000 4.023
72.68000 1.187
72.70000 -0.087
72.72000 3.395
72.74000 3.847
72.76000 1.691
72.78000 -0.207
72.80000 2.310
72.82000 3.588
72.84000 0.680
72.86000 1.586
72.88000 5.204
72.90000 3.055
72.92000 -0.183
72.94000 1.326
72.96000 3.233
72.98000 -0.749
73.00000 -0.534
73.02000 1.317
73.04000 1.748
73.06000 2.956
73.08000 1.662
73.10000 -0.574
73.12000 -0.570
73.14000 0.680
73.16000 2.666
73.18000 1.920
73.20000 2.000
73.22000 -1.943
73.24000 0.546
73.26000 2.004
73.28000 2.926
73.30000 0.102
73.32000 0.025
73.34000 0.226
73.36000 -1.549
73.38000 1.280
73.40000 1.529
73.42000 0.486
73.44000 2.169
73.46000 4.432
73.48000 2.314
73.50000 1.171
73.52000 1.605
73.54000 -0.711
73.56000 2.738
73.58000 1.958
73.60000 2.100
73.62000 2.644
73.64000 3.802
73.66000 0.788
73.68000 1.871
73.70000 1.067
73.72000 0.588
73.74000 2.487
73.76000 0.695
73.78000 1.418
73.80000 -0.155
73.82000 -1.912
73.84000 -0.573
73.86000 2.382
73.88000 2.522
73.90000 1.918
73.92000 3.505
73.94000 -0.214
73.96000 -1.579
73.98000 -0.908
74.00000 1.264
74.02000 0.862
74.04000 0.912
74.06000 -0.815
74.08000 1.495
74.10000 1.346
74.12000 1.703
74.14000 -0.189
74.16000 0.043
74.18000 -0.675
74.20000 -0.229
74.22000 0.452
74.24000 -0.037
74.26000 0.459
74.28000 1.693
74.30000 3.820
74.32000 4.545
74.34000 1.314
74.36000 1.728
74.38000 1.821
74.40000 -0.726
74.42000 -1.003
74.44000 0.789
74.46000 -0.451
74.48000 -0.226
74.50000 1.926
74.52000 3.605
74.54000 0.916
74.56000 -1.108
74.58000 0.733
74.60000 1.720
74.62000 0.963
74.64000 1.103
74.66000 -1.694
74.68000 -0.039
74.70000 1.310
74.72000 -1.267
74.74000 -0.070
74.76000 2.146
74.78000 1.461
74.80000 0.963
74.82000 0.521
74.84000 0.669
74.86000 3.074
74.88000 3.364
74.90000 4.039
74.92000 2.716
74.94000 2.944
74.96000 4.848
74.98000 3.017
75.00000 2.535
75.02000 -0.022
75.04000 2.181
75.06000 3.871
75.08000 4.024
75.10000 3.655
75.12000 3.358
75.14000 1.544
75.16000 -1.622
75.18000 0.356
75.20000 2.002
75.22000 1.337
75.24000 2.514
75.26000 3.397
75.28000 1.423
75.30000 1.008
75.32000 -0.211
75.34000 1.528
75.36000 1.205
75.38000 3.811
75.40000 3.021
75.42000 3.137
75.44000 2.239
75.46000 1.233
75.48000 -1.894
75.50000 -0.617
75.52000 2.593
75.54000 2.464
75.56000 3.883
75.58000 3.669
75.60000 4.375
75.62000 6.925
75.64000 5.902
75.66000 3.009
75.68000 0.953
75.70000 2.800
75.72000 4.719
75.74000 2.690
75.76000 4.144
75.78000 4.775
75.80000 2.793
75.82000 2.276
75.84000 0.570
75.86000 -1.899
75.88000 0.253
75.90000 2.031
75.92000 2.376
75.94000 2.541
75.96000 2.579
75.98000 1.234
76.00000 1.616
76.02000 2.477
76.04000 3.039
76.06000 1.631
76.08000 0.611
76.10000 2.363
76.12000 3.949
76.14000 1.702
76.16000 2.662
76.18000 2.939
76.20000 2.210
76.22000 1.730
76.24000 0.384
76.26000 -0.401
76.28000 0.223
76.30000 2.720
76.32000 0.603
76.34000 -1.929
76.36000 2.353
76.38000 2.600
76.40000 3.933
76.42000 2.712
76.44000 4.286
76.46000 1.680
76.48000 1.114
76.50000 2.035
76.52000 0.602
76.54000 -0.241
76.56000 3.032
76.58000 1.999
76.60000 -0.459
76.62000 -1.041
76.64000 0.410
76.66000 1.222
76.68000 1.702
76.70000 -0.304
76.72000 2.408
76.74000 2.882
76.76000 2.231
76.78000 2.323
76.80000 4.841
76.82000 4.270
76.84000 5.115
76.86000 -0.358
76.88000 0.484
76.90000 2.338
76.92000 3.985
76.94000 2.208
76.96000 0.385
76.98000 2.639
77.00000 -0.871
77.02000 0.608
77.04000 4.266
77.06000 2.155
77.08000 3.660
77.10000 1.000
77.12000 2.155
77.14000 -1.362
77.16000 -0.556
77.18000 -1.918
77.20000 -1.960
77.22000 -0.847
77.24000 -1.345
77.26000 2.029
77.28000 -0.161
77.30000 1.331
77.32000 1.589
77.34000 1.029
77.36000 0.812
77.38000 2.425
77.40000 2.928
77.42000 1.627
77.44000 0.839
77.46000 2.372
77.48000 3.083
77.50000 -0.633
77.52000 -1.223
77.54000 -0.534
77.56000 1.211
77.58000 -0.577
77.60000 -0.905
77.62000 -1.963
77.64000 0.182
77.66000 0.371
77.68000 -0.348
77.70000 -0.718
77.72000 0.788
77.74000 3.214
77.76000 4.563
77.78000 1.102
77.80000 1.501
77.82000 0.535
77.84000 0.769
77.86000 3.710
77.88000 4.694
77.90000 1.439
77.92000 0.133
77.94000 -1.120
77.96000 -0.876
77.98000 2.722
78.00000 4.087
78.02000 3.272
78.04000 4.840
78.06000 6.359
78.08000 5.416
78.10000 5.072
78.12000 2.360
78.14000 -1.953
78.16000 0.330
78.18000 -1.163
78.20000 1.559
78.22000 2.182
78.24000 1.735
78.26000 1.931
78.28000 0.621
78.30000 0.050
78.32000 -0.856
78.34000 0.108
78.36000 1.463
78.38000 5.718
78.40000 3.121
78.42000 -0.975
78.44000 1.294
78.46000 0.910
78.48000 0.740
78.50000 -0.916
78.52000 -1.974
78.54000 0.201
78.56000 1.485
78.58000 1.885
78.60000 -0.307
78.62000 0.654
78.64000 -0.194
78.66000 0.615
78.68000 1.007
78.70000 0.411
78.72000 2.701
78.74000 3.128
78.76000 0.154
78.78000 4.396
78.80000 2.351
78.82000 0.942
78.84000 1.919
78.86000 1.610
78.88000 -0.874
78.90000 -0.574
78.92000 0.021
78.94000 -0.202
78.96000 -0.446
78.98000 -1.874
79.00000 -0.913
79.02000 1.015
79.04000 -0.393
79.06000 1.524
79.08000 -0.738
79.10000 -1.159
79.12000 3.863
79.14000 3.865
79.16000 1.710
79.18000 6.203
79.20000 5.139
79.22000 1.434
79.24000 2.025
79.26000 1.801
79.28000 1.074
79.30000 3.257
79.32000 3.898
79.34000 0.884
79.36000 0.757
79.38000 0.075
79.40000 2.622
79.42000 -0.786
79.44000 -1.620
79.46000 -1.964
79.48000 -0.753
79.50000 2.329
79.52000 3.391
79.54000 4.580
79.56000 3.684
79.58000 4.131
79.60000 3.797
79.62000 3.678
79.64000 4.337
79.66000 2.125
79.68000 1.828
79.70000 2.915
79.72000 1.721
79.74000 -0.622
79.76000 0.423
79.78000 0.774
79.80000 0.389
79.82000 2.984
79.84000 4.217
79.86000 3.242
79.88000 2.614
79.90000 3.968
79.92000 1.268
79.94000 2.022
79.96000 2.925
79.98000 2.834
80.00000 3.016
80.02000 1.110
80.04000 4.332
80.06000 5.932
80.08000 3.310
80.10000 0.466
80.12000 1.223
80.14000 3.315
80.16000 1.187
80.18000 -1.954
80.20000 1.310
80.22000 2.681
80.24000 4.085
80.26000 4.545
80.28000 2.580
80.30000 5.611
80.32000 2.668
80.34000 3.747
80.36000 2.018
80.38000 1.314
80.40000 0.135
80.42000 -0.137
80.44000 0.922
80.46000 2.649
80.48000 3.854
80.50000 4.685
80.52000 2.005
80.54000 1.190
80.56000 2.509
80.58000 3.699
80.60000 2.756
80.62000 0.564
80.64000 1.463
80.66000 5.130
80.68000 3.959
80.70000 5.541
80.72000 6.454
80.74000 1.701
80.76000 2.492
80.78000 2.829
80.80000 1.010
80.82000 0.774
80.84000 -2.049
80.86000 3.435
80.88000 3.542
80.90000 1.415
80.92000 1.341
80.94000 4.552
80.96000 0.146
80.98000 -2.065
81.00000 -1.028
81.02000 -0.433
81.04000 2.212
81.06000 0.972
81.08000 -1.660
81.10000 0.539
81.12000 0.652
81.14000 0.835
81.16000 2.364
81.18000 1.987
81.20000 1.889
81.22000 0.524
81.24000 0.457
81.26000 0.686
81.28000 -1.433
81.30000 0.041
81.32000 2.895
81.34000 0.501
81.36000 -0.341
81.38000 1.415
81.40000 3.724
81.42000 1.459
81.44000 -1.961
81.46000 -0.377
81.48000 -0.901
81.50000 2.412
81.52000 3.165
81.54000 2.326
81.56000 1.417
81.58000 1.982
81.60000 2.041
81.62000 -1.079
81.64000 -0.593
81.66000 3.166
81.68000 3.951
81.70000 4.364
81.72000 5.045
81.74000 6.127
81.76000 5.681
81.78000 6.561
81.80000 4.979
81.82000 2.359
81.84000 7.813
81.86000 8.276
81.88000 5.461
81.90000 5.458
81.92000 3.893
81.94000 3.813
81.96000 5.769
81.98000 5.835
82.00000 3.580
82.02000 2.367
82.04000 6.209
82.06000 8.724
82.08000 14.571
82.10000 15.228
82.12000 9.991
82.14000 9.604
82.16000 15.744
82.18000 16.081
82.20000 13.500
82.22000 10.896
82.24000 12.862
82.26000 13.609
82.28000 14.924
82.30000 20.388
82.32000 22.691
82.34000 22.051
82.36000 23.165
82.38000 25.514
82.40000 22.954
82.42000 23.374
82.44000 23.571
82.46000 23.227
82.48000 23.420
82.50000 27.858
82.52000 29.356
82.54000 31.686
82.56000 29.803
82.58000 37.360
82.60000 38.087
82.62000 33.852
82.64000 30.381
82.66000 34.355
82.68000 36.505
82.70000 36.147
82.72000 37.296
82.74000 39.516
82.76000 42.075
82.78000 40.802
82.80000 43.548
82.82000 43.277
82.84000 45.882
82.86000 49.685
82.88000 51.909
82.90000 51.410
82.92000 51.707
82.94000 48.749
82.96000 52.323
82.98000 51.545
83.00000 48.634
83.02000 47.578
83.04000 47.875
83.06000 47.677
83.08000 47.324
83.10000 47.763
83.12000 47.952
83.14000 45.518
83.16000 46.076
83.18000 48.829
83.20000 49.130
83.22000 43.594
83.24000 39.758
83.26000 42.696
83.28000 41.047
83.30000 36.772
83.32000 34.740
83.34000 35.336
83.36000 39.772
83.38000 36.200
83.40000 30.792
83.42000 31.593
83.44000 31.484
83.46000 32.260
83.48000 33.370
83.50000 30.989
83.52000 29.602
83.54000 23.875
83.56000 21.925
83.58000 25.030
83.60000 24.610
83.62000 18.735
83.64000 19.660
83.66000 23.788
83.68000 23.566
83.70000 22.452
83.72000 21.056
83.74000 15.160
83.76000 16.780
83.78000 20.656
83.80000 16.734
83.82000 11.439
83.84000 14.161
83.86000 12.829
83.88000 10.216
83.90000 12.050
83.92000 12.137
83.94000 12.289
83.96000 10.709
83.98000 8.017
84.00000 8.376
84.02000 10.167
84.04000 9.658
84.06000 11.189
84.08000 10.389
84.10000 7.951
84.12000 8.146
84.14000 6.879
84.16000 4.762
84.18000 4.347
84.20000 2.051
84.22000 1.182
84.24000 3.770
84.26000 3.795
84.28000 2.339
84.30000 2.416
84.32000 0.756
84.34000 4.727
84.36000 7.891
84.38000 5.270
84.40000 1.961
84.42000 2.891
84.44000 2.080
84.46000 1.521
84.48000 -1.607
84.50000 -1.984
84.52000 -1.102
84.54000 0.191
84.56000 2.896
84.58000 -0.142
84.60000 -0.790
84.62000 1.553
84.64000 1.818
84.66000 -0.128
84.68000 -0.909
84.70000 0.848
84.72000 -1.178
84.74000 -1.596
84.76000 -2.093
84.78000 3.049
84.80000 0.316
84.82000 -0.210
84.84000 1.498
84.86000 -0.265
84.88000 2.579
84.90000 2.182
84.92000 -0.775
84.94000 0.674
84.96000 0.373
84.98000 -0.400
85.00000 -0.419
85.02000 0.945
85.04000 -1.380
85.06000 -1.931
85.08000 -0.205
85.10000 -1.091
85.12000 1.321
85.14000 2.361
85.16000 0.888
85.18000 0.858
85.20000 2.696
85.22000 0.638
85.24000 0.792
85.26000 -2.056
85.28000 0.133
85.30000 4.179
85.32000 1.528
85.34000 -0.663
85.36000 0.146
85.38000 -0.119
85.40000 0.032
85.42000 1.517
85.44000 -0.242
85.46000 -2.040
85.48000 -0.088
85.50000 1.580
85.52000 2.783
85.54000 2.030
85.56000 0.442
85.58000 -0.326
85.60000 -0.827
85.62000 0.574
85.64000 -0.324
85.66000 -2.032
85.68000 0.396
85.70000 -2.036
85.72000 0.144
85.74000 -1.258
85.76000 -0.925
85.78000 1.518
85.80000 1.801
85.82000 2.836
85.84000 3.399
85.86000 3.917
85.88000 0.869
85.90000 -0.231
85.92000 -1.349
85.94000 0.662
85.96000 0.449
85.98000 3.317
86.00000 4.696
86.02000 3.702
86.04000 3.587
86.06000 2.695
86.08000 -0.135
86.10000 -1.028
86.12000 -1.157
86.14000 0.412
86.16000 3.085
86.18000 2.495
86.20000 3.186
86.22000 2.494
86.24000 -2.068
86.26000 0.393
86.28000 1.140
86.30000 2.282
86.32000 1.586
86.34000 1.264
86.36000 0.603
86.38000 1.709
86.40000 2.147
86.42000 3.997
86.44000 2.442
86.46000 2.991
86.48000 4.365
86.50000 5.151
86.52000 2.330
86.54000 0.207
86.56000 1.840
86.58000 4.468
86.60000 5.974
86.62000 2.640
86.64000 4.571
86.66000 6.457
86.68000 5.392
86.70000 6.537
86.72000 6.291
86.74000 5.218
86.76000 7.195
86.78000 6.940
86.80000 7.434
86.82000 11.551
86.84000 13.216
86.86000 9.067
86.88000 10.394
86.90000 11.404
86.92000 12.383
86.94000 10.769
86.96000 15.928
86.98000 18.906
87.00000 20.266
87.02000 19.889
87.04000 20.068
87.06000 16.924
87.08000 16.772
87.10000 17.845
87.12000 20.932
87.14000 20.328
87.16000 21.578
87.18000 19.799
87.20000 17.547
87.22000 20.621
87.24000 25.259
87.26000 28.021
87.28000 30.933
87.30000 26.574
87.32000 28.201
87.34000 25.738
87.36000 25.707
87.38000 23.464
87.40000 22.839
87.42000 27.420
87.44000 27.770
87.46000 26.904
87.48000 22.237
87.50000 23.333
87.52000 24.046
87.54000 26.752
87.56000 27.968
87.58000 25.864
87.60000 20.617
87.62000 20.591
87.64000 25.383
87.66000 26.886
87.68000 23.794
87.70000 26.433
87.72000 22.747
87.74000 24.096
87.76000 25.060
87.78000 19.824
87.80000 19.667
87.82000 18.290
87.84000 16.463
87.86000 12.831
87.88000 13.118
87.90000 13.615
87.92000 13.764
87.94000 14.679
87.96000 13.918
87.98000 10.349
88.00000 12.295
88.02000 9.785
88.04000 7.254
88.06000 8.844
88.08000 10.432
88.10000 9.096
88.12000 8.265
88.14000 12.481
88.16000 8.815
88.18000 6.743
88.20000 3.064
88.22000 7.045
88.24000 5.214
88.26000 5.509
88.28000 6.607
88.30000 3.380
88.32000 3.693
88.34000 3.034
88.36000 5.212
88.38000 6.273
88.40000 3.354
88.42000 3.591
88.44000 2.739
88.46000 1.043
88.48000 3.744
88.50000 5.876
88.52000 8.665
88.54000 6.563
88.56000 2.518
88.58000 1.505
88.60000 1.011
88.62000 3.484
88.64000 4.975
88.66000 7.578
88.68000 2.431
88.70000 3.886
88.72000 4.213
88.74000 1.744
88.76000 2.558
88.78000 -0.626
88.80000 -1.277
88.82000 0.711
88.84000 3.568
88.86000 1.027
88.88000 -1.182
88.90000 0.928
88.92000 1.459
88.94000 0.746
88.96000 -1.955
88.98000 -0.597
89.00000 4.363
89.02000 3.534
89.04000 0.395
89.06000 -0.786
89.08000 2.749
89.10000 3.129
89.12000 0.288
89.14000 -0.975
89.16000 1.193
89.18000 -0.245
89.20000 1.462
89.22000 1.990
89.24000 -0.306
89.26000 -0.128
89.28000 1.578
89.30000 0.397
89.32000 0.069
89.34000 0.635
89.36000 -1.236
89.38000 -1.502
89.40000 -0.293
89.42000 0.920
89.44000 1.711
89.46000 0.785
89.48000 0.782
89.50000 -0.881
89.52000 1.458
89.54000 0.315
89.56000 -1.776
89.58000 -0.890
89.60000 -1.908
89.62000 1.048
89.64000 0.033
89.66000 1.911
89.68000 2.720
89.70000 4.413
89.72000 3.504
89.74000 0.347
89.76000 0.988
89.78000 -0.235
89.80000 0.784
89.82000 1.272
89.84000 0.821
89.86000 -0.222
89.88000 -1.900
89.90000 1.304
89.92000 3.084
89.94000 2.536
89.96000 1.619
89.98000 0.235
90.00000 -1.683
90.02000 -1.855
90.04000 0.701
90.06000 0.689
90.08000 0.097
90.10000 2.189
90.12000 -1.887
90.14000 2.243
90.16000 3.372
90.18000 3.476
90.20000 4.147
90.22000 2.855
90.24000 3.524
90.26000 0.946
90.28000 -1.290
90.30000 -1.106
90.32000 -1.415
90.34000 -0.283
90.36000 2.304
90.38000 2.240
90.40000 -1.864
90.42000 0.443
90.44000 2.588
90.46000 0.303
90.48000 2.547
90.50000 4.798
90.52000 1.540
90.54000 2.134
90.56000 2.522
90.58000 1.954
90.60000 1.836
90.62000 0.881
90.64000 2.364
90.66000 2.243
90.68000 2.673
90.70000 0.130
90.72000 4.957
90.74000 3.996
90.76000 2.222
90.78000 -0.603
90.80000 0.316
90.82000 2.784
90.84000 1.623
90.86000 1.905
90.88000 2.718
90.90000 0.280
90.92000 -1.330
90.94000 1.984
90.96000 5.120
90.98000 3.888
91.00000 1.237
91.02000 1.399
91.04000 0.219
91.06000 -0.849
91.08000 1.368
91.10000 -0.074
91.12000 2.715
91.14000 1.832
91.16000 1.479
91.18000 1.915
91.20000 1.503
91.22000 2.611
91.24000 0.927
91.26000 -1.435
91.28000 -1.830
91.30000 0.717
91.32000 2.340
91.34000 0.442
91.36000 2.314
91.38000 5.472
91.40000 3.003
91.42000 -0.497
91.44000 1.572
91.46000 0.844
91.48000 2.984
91.50000 0.560
91.52000 2.942
91.54000 2.565
91.56000 1.178
91.58000 0.843
91.60000 -1.582
91.62000 2.053
91.64000 2.756
91.66000 0.236
91.68000 2.685
91.70000 1.363
91.72000 0.194
91.74000 0.455
91.76000 0.633
91.78000 5.431
91.80000 3.416
91.82000 1.821
91.84000 2.224
91.86000 1.527
91.88000 1.416
91.90000 1.166
91.92000 5.330
91.94000 2.676
91.96000 3.584
91.98000 3.044
92.00000 2.318
92.02000 0.632
92.04000 -0.662
92.06000 -1.009
92.08000 4.471
92.10000 5.432
92.12000 1.373
92.14000 0.003
92.16000 0.892
92.18000 1.891
92.20000 3.786
92.22000 1.757
92.24000 -0.389
92.26000 4.013
92.28000 4.583
92.30000 0.154
92.32000 2.122
92.34000 3.506
92.36000 2.745
92.38000 2.247
92.40000 3.448
92.42000 -1.824
92.44000 0.656
92.46000 0.484
92.48000 -0.364
92.50000 1.473
92.52000 2.529
92.54000 2.700
92.56000 1.473
92.58000 -0.596
92.60000 2.357
92.62000 2.534
92.64000 3.876
92.66000 4.312
92.68000 1.545
92.70000 2.362
92.72000 0.475
92.74000 1.994
92.76000 2.651
92.78000 2.448
92.80000 1.509
92.82000 3.329
92.84000 5.669
92.86000 5.967
92.88000 3.245
92.90000 2.335
92.92000 0.497
92.94000 0.482
92.96000 2.895
92.98000 3.264
93.00000 -0.499
93.02000 0.486
93.04000 1.257
93.06000 2.900
93.08000 2.094
93.10000 3.157
93.12000 3.288
93.14000 2.003
93.16000 -1.006
93.18000 1.604
93.20000 1.822
93.22000 0.941
93.24000 3.522
93.26000 2.107
93.28000 2.715
93.30000 1.334
93.32000 0.807
93.34000 2.691
93.36000 0.771
93.38000 0.445
93.40000 -0.715
93.42000 -1.838
93.44000 2.001
93.46000 6.495
93.48000 5.120
93.50000 5.561
93.52000 3.615
93.54000 2.019
93.56000 3.538
93.58000 3.386
93.60000 3.844
93.62000 2.966
93.64000 3.478
93.66000 2.409
93.68000 0.394
93.70000 3.962
93.72000 3.442
93.74000 3.294
93.76000 0.540
93.78000 1.500
93.80000 4.535
93.82000 7.226
93.84000 1.474
93.86000 -0.262
93.88000 0.082
93.90000 2.200
93.92000 1.802
93.94000 1.715
93.96000 4.241
93.98000 2.051
94.00000 2.995
94.02000 4.250
94.04000 4.481
94.06000 3.003
94.08000 0.191
94.10000 0.464
94.12000 4.888
94.14000 7.028
94.16000 3.610
94.18000 -0.751
94.20000 0.916
94.22000 3.336
94.24000 3.822
94.26000 2.968
94.28000 1.052
94.30000 6.636
94.32000 7.722
94.34000 6.262
94.36000 -0.167
94.38000 -1.836
94.40000 3.028
94.42000 3.876
94.44000 2.940
94.46000 0.328
94.48000 1.506
94.50000 2.163
94.52000 0.497
94.54000 2.987
94.56000 5.408
94.58000 4.252
94.60000 -0.504
94.62000 -0.825
94.64000 1.723
94.66000 0.442
94.68000 2.036
94.70000 3.076
94.72000 1.912
94.74000 5.597
94.76000 3.876
94.78000 2.891
94.80000 3.325
94.82000 4.684
94.84000 3.852
94.86000 0.610
94.88000 4.784
94.90000 3.494
94.92000 2.648
94.94000 0.927
94.96000 1.789
94.98000 3.325
95.00000 3.453
95.02000 2.465
95.04000 1.805
95.06000 2.660
95.08000 -0.570
95.10000 -0.637
95.12000 1.542
95.14000 6.746
95.16000 2.630
95.18000 1.466
95.20000 2.563
95.22000 0.657
95.24000 1.125
95.26000 3.456
95.28000 5.575
95.30000 3.667
95.32000 0.982
95.34000 2.473
95.36000 0.430
95.38000 -1.829
95.40000 -1.740
95.42000 2.717
95.44000 5.253
95.46000 6.236
95.48000 3.399
95.50000 0.714
95.52000 1.281
95.54000 0.910
95.56000 3.119
95.58000 5.914
95.60000 5.402
95.62000 1.388
95.64000 -1.438
95.66000 0.096
95.68000 0.814
95.70000 0.332
95.72000 -0.466
95.74000 3.668
95.76000 7.004
95.78000 3.526
95.80000 5.516
95.82000 6.666
95.84000 5.678
95.86000 5.639
95.88000 5.872
95.90000 4.264
95.92000 5.473
95.94000 4.837
95.96000 3.280
95.98000 -1.847
96.00000 0.852
96.02000 6.295
96.04000 1.040
96.06000 0.580
96.08000 2.030
96.10000 2.200
96.12000 -0.268
96.14000 3.694
96.16000 3.293
96.18000 0.789
96.20000 1.736
96.22000 2.181
96.24000 4.015
96.26000 3.800
96.28000 2.408
96.30000 2.553
96.32000 2.634
96.34000 4.107
96.36000 2.736
96.38000 1.270
96.40000 1.265
96.42000 4.786
96.44000 3.431
96.46000 2.537
96.48000 1.374
96.50000 4.410
96.52000 3.042
96.54000 1.898
96.56000 -1.133
96.58000 -1.237
96.60000 0.567
96.62000 1.111
96.64000 0.229
96.66000 4.535
96.68000 2.497
96.70000 -1.564
96.72000 1.779
96.74000 4.016
96.76000 5.633
96.78000 3.516
96.80000 3.348
96.82000 5.495
96.84000 4.849
96.86000 5.542
96.88000 7.694
96.90000 10.989
96.92000 8.889
96.94000 2.524
96.96000 1.181
96.98000 4.928
97.00000 8.928
97.02000 7.699
97.04000 -0.549
97.06000 1.922
97.08000 4.394
97.10000 7.439
97.12000 7.546
97.14000 9.376
97.16000 5.221
97.18000 1.336
97.20000 4.487
97.22000 4.994
97.24000 5.204
97.26000 4.807
97.28000 7.034
97.30000 5.943
97.32000 7.438
97.34000 7.351
97.36000 6.368
97.38000 7.576
97.40000 6.443
97.42000 5.541
97.44000 1.054
97.46000 2.381
97.48000 1.659
97.50000 1.150
97.52000 -1.739
97.54000 5.141
97.56000 9.000
97.58000 4.902
97.60000 6.089
97.62000 9.344
97.64000 7.605
97.66000 5.711
97.68000 4.444
97.70000 2.698
97.72000 4.672
97.74000 6.634
97.76000 8.187
97.78000 7.028
97.80000 6.416
97.82000 8.261
97.84000 11.035
97.86000 11.032
97.88000 12.496
97.90000 14.439
97.92000 6.728
97.94000 3.655
97.96000 0.552
97.98000 2.711
98.00000 1.497
98.02000 3.464
98.04000 8.850
98.06000 5.370
98.08000 1.956
98.10000 2.748
98.12000 2.416
98.14000 2.290
98.16000 2.986
98.18000 2.001
98.20000 -1.113
98.22000 -1.035
98.24000 0.200
98.26000 0.779
98.28000 3.969
98.30000 3.390
98.32000 -1.332
98.34000 1.424
98.36000 -1.796
98.38000 0.112
98.40000 3.029
98.42000 2.270
98.44000 3.729
98.46000 2.414
98.48000 7.279
98.50000 7.944
98.52000 5.651
98.54000 3.191
98.56000 -0.715
98.58000 2.926
98.60000 1.746
98.62000 4.944
98.64000 6.068
98.66000 3.299
98.68000 6.147
98.70000 4.782
98.72000 6.262
98.74000 0.863
98.76000 0.897
98.78000 6.420
98.80000 5.225
98.82000 3.212
98.84000 1.669
98.86000 4.137
98.88000 4.023
98.90000 3.025
98.92000 0.830
98.94000 4.975
98.96000 2.824
98.98000 5.538
99.00000 6.788
99.02000 5.134
99.04000 2.441
99.06000 3.346
99.08000 3.875
99.10000 3.461
99.12000 8.815
99.14000 4.318
99.16000 7.557
99.18000 9.492
99.20000 1.469
99.22000 -1.249
99.24000 -1.785
99.26000 0.351
99.28000 2.727
99.30000 -1.781
99.32000 -1.072
99.34000 2.869
99.36000 6.357
99.38000 6.923
99.40000 0.980
99.42000 2.464
99.44000 3.170
99.46000 -0.049
99.48000 8.461
99.50000 6.117
99.52000 5.278
99.54000 10.926
99.56000 5.318
99.58000 2.752
99.60000 3.801
99.62000 7.507
99.64000 9.889
99.66000 9.775
99.68000 4.341
99.70000 5.134
99.72000 -1.782
99.74000 -0.294
99.76000 -0.935
99.78000 4.247
99.80000 -0.257
99.82000 0.927
99.84000 0.221
99.86000 1.926
99.88000 6.912
99.90000 14.402
99.92000 -1.416
99.94000 -1.908
99.96000 2.639
99.98000 0.000
