'Id: "0011387" Comment: "Integrate frame 0011387_Au-Ir-Rh_Rh-rich_XRD-Mapping-244-0000.gfrmwith cursor Wedge Cursor #5" Operator: "B?rgel" Anode: "Cu" Wavelength: "1.5406" Scantype: "2Theta (TwoTheta)" TimePerStep: "1" X: "-27" Y: "18" Z: "5.95" 
10.00000 0.000
10.02000 -4.664
10.04000 -4.586
10.06000 8.912
10.08000 -5.358
10.10000 9.991
10.12000 15.577
10.14000 8.589
10.16000 14.344
10.18000 2.381
10.20000 -4.437
10.22000 11.270
10.24000 15.346
10.26000 16.879
10.28000 12.818
10.30000 12.741
10.32000 12.824
10.34000 20.089
10.36000 16.356
10.38000 30.010
10.40000 24.648
10.42000 20.898
10.44000 13.839
10.46000 14.681
10.48000 10.424
10.50000 22.710
10.52000 0.321
10.54000 9.320
10.56000 23.680
10.58000 20.426
10.60000 24.697
10.62000 21.549
10.64000 10.795
10.66000 10.099
10.68000 17.309
10.70000 18.412
10.72000 19.289
10.74000 19.172
10.76000 23.102
10.78000 13.608
10.80000 14.562
10.82000 5.486
10.84000 13.772
10.86000 17.420
10.88000 23.358
10.90000 11.154
10.92000 20.275
10.94000 14.730
10.96000 11.778
10.98000 14.195
11.00000 14.237
11.02000 7.636
11.04000 19.281
11.06000 14.975
11.08000 3.399
11.10000 19.556
11.12000 16.520
11.14000 14.207
11.16000 15.727
11.18000 7.568
11.20000 15.107
11.22000 21.550
11.24000 32.094
11.26000 24.275
11.28000 13.644
11.30000 17.015
11.32000 8.870
11.34000 12.570
11.36000 8.850
11.38000 19.543
11.40000 18.813
11.42000 2.187
11.44000 -4.465
11.46000 12.836
11.48000 9.223
11.50000 3.412
11.52000 7.812
11.54000 9.892
11.56000 5.877
11.58000 18.408
11.60000 20.322
11.62000 20.180
11.64000 14.032
11.66000 6.628
11.68000 10.729
11.70000 18.834
11.72000 9.534
11.74000 13.532
11.76000 26.144
11.78000 17.547
11.80000 11.407
11.82000 4.960
11.84000 4.638
11.86000 10.888
11.88000 8.066
11.90000 5.228
11.92000 14.191
11.94000 28.424
11.96000 22.137
11.98000 9.942
12.00000 4.297
12.02000 3.607
12.04000 14.820
12.06000 9.266
12.08000 7.109
12.10000 12.764
12.12000 13.303
12.14000 13.638
12.16000 21.978
12.18000 12.372
12.20000 7.547
12.22000 11.577
12.24000 10.918
12.26000 12.369
12.28000 17.457
12.30000 8.147
12.32000 -1.125
12.34000 12.986
12.36000 9.806
12.38000 -4.449
12.40000 6.631
12.42000 14.587
12.44000 25.870
12.46000 19.239
12.48000 15.453
12.50000 9.280
12.52000 12.241
12.54000 13.213
12.56000 24.692
12.58000 18.293
12.60000 20.219
12.62000 26.274
12.64000 23.090
12.66000 11.671
12.68000 12.854
12.70000 12.195
12.72000 14.287
12.74000 14.883
12.76000 12.390
12.78000 8.338
12.80000 22.471
12.82000 19.294
12.84000 7.691
12.86000 5.575
12.88000 15.546
12.90000 13.890
12.92000 11.596
12.94000 15.795
12.96000 4.830
12.98000 14.052
13.00000 21.136
13.02000 15.312
13.04000 5.215
13.06000 15.215
13.08000 9.880
13.10000 7.381
13.12000 10.418
13.14000 16.137
13.16000 11.965
13.18000 15.139
13.20000 4.780
13.22000 7.333
13.24000 6.487
13.26000 10.550
13.28000 8.145
13.30000 11.821
13.32000 14.580
13.34000 7.548
13.36000 11.240
13.38000 8.686
13.40000 15.091
13.42000 2.424
13.44000 4.278
13.46000 3.632
13.48000 13.553
13.50000 6.677
13.52000 16.104
13.54000 16.654
13.56000 9.726
13.58000 8.229
13.60000 11.033
13.62000 13.623
13.64000 15.559
13.66000 3.803
13.68000 4.326
13.70000 7.521
13.72000 8.594
13.74000 10.927
13.76000 13.204
13.78000 3.438
13.80000 6.445
13.82000 11.672
13.84000 13.995
13.86000 12.132
13.88000 9.943
13.90000 -0.937
13.92000 2.282
13.94000 19.652
13.96000 12.051
13.98000 5.244
14.00000 2.455
14.02000 3.326
14.04000 0.913
14.06000 7.598
14.08000 11.714
14.10000 13.876
14.12000 13.936
14.14000 19.025
14.16000 16.948
14.18000 3.768
14.20000 10.198
14.22000 12.193
14.24000 8.315
14.26000 10.488
14.28000 9.193
14.30000 7.801
14.32000 2.020
14.34000 -0.010
14.36000 0.571
14.38000 -4.464
14.40000 9.069
14.42000 14.490
14.44000 11.553
14.46000 12.730
14.48000 3.903
14.50000 7.193
14.52000 8.235
14.54000 5.682
14.56000 2.899
14.58000 0.004
14.60000 9.701
14.62000 15.873
14.64000 18.926
14.66000 6.692
14.68000 -2.665
14.70000 0.172
14.72000 8.594
14.74000 6.763
14.76000 10.230
14.78000 18.097
14.80000 11.571
14.82000 3.438
14.84000 -2.885
14.86000 -2.390
14.88000 9.596
14.90000 7.514
14.92000 9.553
14.94000 8.539
14.96000 12.309
14.98000 9.361
15.00000 6.426
15.02000 17.082
15.04000 9.645
15.06000 -0.792
15.08000 4.561
15.10000 8.786
15.12000 4.112
15.14000 2.740
15.16000 9.368
15.18000 3.565
15.20000 9.367
15.22000 10.138
15.24000 4.543
15.26000 7.205
15.28000 7.139
15.30000 4.563
15.32000 3.320
15.34000 -4.441
15.36000 1.070
15.38000 7.423
15.40000 4.346
15.42000 8.999
15.44000 9.639
15.46000 6.479
15.48000 7.427
15.50000 7.116
15.52000 11.081
15.54000 4.599
15.56000 -1.552
15.58000 3.081
15.60000 -0.177
15.62000 0.217
15.64000 9.477
15.66000 9.293
15.68000 10.610
15.70000 13.260
15.72000 16.105
15.74000 14.696
15.76000 4.128
15.78000 4.254
15.80000 7.236
15.82000 17.698
15.84000 11.314
15.86000 8.805
15.88000 5.056
15.90000 -1.771
15.92000 8.350
15.94000 12.505
15.96000 6.858
15.98000 2.112
16.00000 10.640
16.02000 10.187
16.04000 9.960
16.06000 15.722
16.08000 11.546
16.10000 -0.160
16.12000 4.699
16.14000 6.830
16.16000 4.107
16.18000 13.802
16.20000 9.503
16.22000 5.212
16.24000 10.440
16.26000 10.733
16.28000 7.305
16.30000 4.876
16.32000 8.084
16.34000 9.069
16.36000 9.521
16.38000 11.159
16.40000 11.378
16.42000 11.438
16.44000 12.495
16.46000 4.692
16.48000 7.747
16.50000 6.758
16.52000 10.026
16.54000 8.248
16.56000 6.412
16.58000 7.518
16.60000 11.624
16.62000 5.160
16.64000 -4.378
16.66000 2.321
16.68000 11.198
16.70000 21.621
16.72000 17.881
16.74000 17.894
16.76000 10.802
16.78000 8.093
16.80000 11.506
16.82000 9.688
16.84000 9.535
16.86000 7.601
16.88000 5.807
16.90000 5.889
16.92000 8.959
16.94000 4.136
16.96000 13.564
16.98000 14.773
17.00000 5.877
17.02000 6.059
17.04000 2.131
17.06000 -1.598
17.08000 7.351
17.10000 11.044
17.12000 10.871
17.14000 7.340
17.16000 2.782
17.18000 6.255
17.20000 11.811
17.22000 8.490
17.24000 4.377
17.26000 -0.099
17.28000 -0.146
17.30000 -3.539
17.32000 -0.414
17.34000 0.891
17.36000 0.492
17.38000 2.010
17.40000 2.556
17.42000 11.340
17.44000 5.761
17.46000 -0.233
17.48000 -1.371
17.50000 7.582
17.52000 10.476
17.54000 8.602
17.56000 11.949
17.58000 15.569
17.60000 8.453
17.62000 4.619
17.64000 7.355
17.66000 5.598
17.68000 4.084
17.70000 1.383
17.72000 3.470
17.74000 9.907
17.76000 4.927
17.78000 6.210
17.80000 4.261
17.82000 -0.735
17.84000 -0.431
17.86000 -2.010
17.88000 8.071
17.90000 11.008
17.92000 5.947
17.94000 4.662
17.96000 3.512
17.98000 1.873
18.00000 4.587
18.02000 9.459
18.04000 4.770
18.06000 -0.246
18.08000 3.843
18.10000 7.948
18.12000 13.298
18.14000 10.705
18.16000 9.580
18.18000 4.866
18.20000 8.272
18.22000 10.842
18.24000 6.142
18.26000 -3.841
18.28000 2.157
18.30000 2.678
18.32000 2.240
18.34000 -4.324
18.36000 -2.328
18.38000 9.931
18.40000 12.586
18.42000 9.454
18.44000 3.499
18.46000 7.464
18.48000 7.483
18.50000 6.414
18.52000 6.258
18.54000 5.349
18.56000 1.242
18.58000 1.872
18.60000 8.573
18.62000 6.643
18.64000 6.325
18.66000 8.094
18.68000 3.913
18.70000 -0.185
18.72000 3.715
18.74000 1.908
18.76000 -0.802
18.78000 1.813
18.80000 3.078
18.82000 2.161
18.84000 0.998
18.86000 -0.822
18.88000 5.287
18.90000 3.689
18.92000 -3.936
18.94000 1.985
18.96000 2.401
18.98000 -1.405
19.00000 4.392
19.02000 2.418
19.04000 3.390
19.06000 6.288
19.08000 6.373
19.10000 0.586
19.12000 1.093
19.14000 1.613
19.16000 9.191
19.18000 7.193
19.20000 6.942
19.22000 1.233
19.24000 -3.419
19.26000 -3.571
19.28000 -2.764
19.30000 0.538
19.32000 5.459
19.34000 14.006
19.36000 13.568
19.38000 14.767
19.40000 15.860
19.42000 11.256
19.44000 4.870
19.46000 0.845
19.48000 6.732
19.50000 4.925
19.52000 1.300
19.54000 -4.240
19.56000 8.033
19.58000 12.883
19.60000 6.461
19.62000 7.218
19.64000 14.394
19.66000 19.757
19.68000 10.728
19.70000 9.103
19.72000 9.859
19.74000 8.421
19.76000 6.559
19.78000 3.670
19.80000 0.953
19.82000 -2.842
19.84000 2.459
19.86000 3.965
19.88000 7.435
19.90000 4.654
19.92000 -0.456
19.94000 -4.221
19.96000 2.108
19.98000 3.206
20.00000 4.167
20.02000 6.225
20.04000 9.060
20.06000 3.690
20.08000 -0.953
20.10000 -2.396
20.12000 4.188
20.14000 6.925
20.16000 4.165
20.18000 3.880
20.20000 1.177
20.22000 -1.336
20.24000 0.513
20.26000 -2.840
20.28000 2.892
20.30000 1.580
20.32000 3.528
20.34000 2.827
20.36000 3.947
20.38000 3.999
20.40000 5.506
20.42000 -2.720
20.44000 -0.361
20.46000 0.641
20.48000 2.393
20.50000 0.527
20.52000 0.879
20.54000 2.299
20.56000 -0.045
20.58000 11.396
20.60000 5.978
20.62000 1.730
20.64000 2.145
20.66000 7.195
20.68000 0.687
20.70000 0.761
20.72000 10.711
20.74000 9.568
20.76000 1.769
20.78000 2.136
20.80000 6.191
20.82000 9.647
20.84000 9.879
20.86000 5.819
20.88000 8.154
20.90000 14.654
20.92000 3.095
20.94000 8.653
20.96000 7.519
20.98000 4.847
21.00000 -0.519
21.02000 4.017
21.04000 8.206
21.06000 0.671
21.08000 0.158
21.10000 -4.137
21.12000 -3.115
21.14000 0.220
21.16000 -0.096
21.18000 2.857
21.20000 2.372
21.22000 4.303
21.24000 3.465
21.26000 2.853
21.28000 2.922
21.30000 1.501
21.32000 0.457
21.34000 6.015
21.36000 5.270
21.38000 0.899
21.40000 -1.257
21.42000 -1.751
21.44000 2.752
21.46000 4.759
21.48000 7.035
21.50000 8.774
21.52000 6.748
21.54000 5.069
21.56000 10.785
21.58000 4.858
21.60000 4.481
21.62000 4.726
21.64000 6.152
21.66000 11.083
21.68000 7.763
21.70000 15.211
21.72000 11.992
21.74000 6.066
21.76000 9.643
21.78000 7.606
21.80000 6.429
21.82000 4.552
21.84000 4.759
21.86000 0.642
21.88000 3.476
21.90000 3.920
21.92000 0.828
21.94000 3.619
21.96000 8.611
21.98000 6.403
22.00000 6.503
22.02000 4.317
22.04000 2.673
22.06000 4.973
22.08000 3.028
22.10000 3.133
22.12000 9.362
22.14000 13.381
22.16000 5.530
22.18000 1.287
22.20000 -3.910
22.22000 1.744
22.24000 6.826
22.26000 1.336
22.28000 -2.184
22.30000 0.031
22.32000 3.187
22.34000 1.601
22.36000 5.488
22.38000 4.675
22.40000 -1.173
22.42000 6.803
22.44000 8.619
22.46000 7.913
22.48000 7.306
22.50000 4.601
22.52000 -2.248
22.54000 -0.496
22.56000 3.116
22.58000 2.172
22.60000 3.776
22.62000 6.365
22.64000 3.793
22.66000 6.835
22.68000 5.100
22.70000 0.109
22.72000 -3.324
22.74000 -0.005
22.76000 10.690
22.78000 6.317
22.80000 1.780
22.82000 2.145
22.84000 5.082
22.86000 5.146
22.88000 7.343
22.90000 10.096
22.92000 3.865
22.94000 1.470
22.96000 3.595
22.98000 4.714
23.00000 4.304
23.02000 0.035
23.04000 -4.055
23.06000 -0.198
23.08000 2.982
23.10000 9.262
23.12000 7.280
23.14000 5.862
23.16000 5.967
23.18000 5.528
23.20000 0.860
23.22000 -1.611
23.24000 2.027
23.26000 6.365
23.28000 9.809
23.30000 7.473
23.32000 5.387
23.34000 4.029
23.36000 1.954
23.38000 3.010
23.40000 8.866
23.42000 9.271
23.44000 9.090
23.46000 12.516
23.48000 6.711
23.50000 5.296
23.52000 6.961
23.54000 2.414
23.56000 -0.171
23.58000 4.466
23.60000 9.246
23.62000 6.987
23.64000 5.936
23.66000 4.363
23.68000 3.471
23.70000 7.204
23.72000 9.465
23.74000 6.588
23.76000 7.622
23.78000 10.547
23.80000 9.049
23.82000 12.173
23.84000 10.392
23.86000 4.194
23.88000 5.233
23.90000 6.157
23.92000 13.721
23.94000 10.887
23.96000 6.733
23.98000 3.073
24.00000 3.952
24.02000 2.359
24.04000 -3.951
24.06000 0.719
24.08000 3.091
24.10000 1.393
24.12000 2.823
24.14000 2.988
24.16000 10.541
24.18000 9.968
24.20000 2.699
24.22000 0.148
24.24000 2.941
24.26000 7.661
24.28000 6.958
24.30000 6.758
24.32000 8.262
24.34000 10.613
24.36000 5.692
24.38000 3.513
24.40000 2.466
24.42000 1.085
24.44000 9.471
24.46000 8.149
24.48000 8.098
24.50000 10.043
24.52000 8.281
24.54000 5.772
24.56000 2.168
24.58000 2.707
24.60000 8.737
24.62000 9.316
24.64000 9.261
24.66000 -2.483
24.68000 1.219
24.70000 10.344
24.72000 7.420
24.74000 3.187
24.76000 8.522
24.78000 5.813
24.80000 -1.909
24.82000 3.517
24.84000 8.051
24.86000 5.306
24.88000 6.911
24.90000 2.825
24.92000 6.250
24.94000 7.521
24.96000 5.624
24.98000 6.524
25.00000 -1.992
25.02000 2.390
25.04000 8.285
25.06000 6.312
25.08000 3.908
25.10000 4.554
25.12000 2.114
25.14000 -1.001
25.16000 1.007
25.18000 -0.161
25.20000 2.036
25.22000 0.434
25.24000 2.626
25.26000 2.695
25.28000 5.899
25.30000 5.516
25.32000 2.867
25.34000 -0.134
25.36000 -1.244
25.38000 -0.108
25.40000 3.443
25.42000 5.235
25.44000 6.419
25.46000 2.063
25.48000 1.094
25.50000 -1.825
25.52000 2.202
25.54000 -0.401
25.56000 1.820
25.58000 3.640
25.60000 -2.572
25.62000 2.050
25.64000 7.161
25.66000 4.984
25.68000 3.586
25.70000 2.048
25.72000 2.924
25.74000 7.415
25.76000 5.901
25.78000 3.908
25.80000 -0.578
25.82000 0.065
25.84000 5.789
25.86000 2.952
25.88000 3.214
25.90000 3.895
25.92000 4.116
25.94000 6.605
25.96000 2.847
25.98000 -3.893
26.00000 -2.145
26.02000 -2.039
26.04000 2.295
26.06000 2.754
26.08000 3.836
26.10000 4.101
26.12000 5.023
26.14000 -0.122
26.16000 5.730
26.18000 8.031
26.20000 3.108
26.22000 1.700
26.24000 2.901
26.26000 3.790
26.28000 5.261
26.30000 2.860
26.32000 1.862
26.34000 1.289
26.36000 2.658
26.38000 0.628
26.40000 2.671
26.42000 1.635
26.44000 3.789
26.46000 1.261
26.48000 -3.869
26.50000 4.549
26.52000 4.478
26.54000 3.908
26.56000 2.713
26.58000 4.519
26.60000 4.991
26.62000 4.024
26.64000 4.542
26.66000 5.382
26.68000 2.930
26.70000 6.304
26.72000 2.068
26.74000 8.316
26.76000 10.614
26.78000 5.640
26.80000 4.697
26.82000 1.875
26.84000 3.001
26.86000 2.118
26.88000 0.686
26.90000 -0.163
26.92000 -0.350
26.94000 1.330
26.96000 -1.500
26.98000 0.649
27.00000 4.072
27.02000 3.396
27.04000 1.225
27.06000 4.946
27.08000 -0.704
27.10000 3.225
27.12000 -2.015
27.14000 -0.789
27.16000 6.159
27.18000 5.427
27.20000 1.831
27.22000 6.278
27.24000 6.711
27.26000 0.252
27.28000 3.391
27.30000 6.152
27.32000 -1.240
27.34000 1.083
27.36000 1.088
27.38000 2.851
27.40000 3.813
27.42000 -0.310
27.44000 3.095
27.46000 6.992
27.48000 6.055
27.50000 3.067
27.52000 3.696
27.54000 2.398
27.56000 5.204
27.58000 6.299
27.60000 6.057
27.62000 4.440
27.64000 -0.610
27.66000 -3.819
27.68000 -1.042
27.70000 2.624
27.72000 -1.605
27.74000 -3.143
27.76000 4.176
27.78000 6.560
27.80000 -1.063
27.82000 1.437
27.84000 -0.149
27.86000 -2.332
27.88000 -1.475
27.90000 -0.038
27.92000 2.790
27.94000 3.791
27.96000 4.949
27.98000 3.098
28.00000 1.116
28.02000 4.052
28.04000 -3.792
28.06000 -1.744
28.08000 0.727
28.10000 4.852
28.12000 3.979
28.14000 7.116
28.16000 0.850
28.18000 4.261
28.20000 5.380
28.22000 9.522
28.24000 3.949
28.26000 -1.753
28.28000 3.528
28.30000 0.292
28.32000 2.376
28.34000 2.671
28.36000 3.965
28.38000 3.378
28.40000 -2.834
28.42000 -2.186
28.44000 -3.781
28.46000 3.420
28.48000 0.781
28.50000 0.531
28.52000 1.338
28.54000 2.853
28.56000 0.737
28.58000 2.820
28.60000 -1.443
28.62000 0.795
28.64000 -0.764
28.66000 4.935
28.68000 4.527
28.70000 -1.188
28.72000 1.531
28.74000 8.061
28.76000 2.279
28.78000 -2.679
28.80000 0.551
28.82000 9.873
28.84000 3.872
28.86000 2.484
28.88000 -1.852
28.90000 -0.661
28.92000 -0.176
28.94000 1.846
28.96000 -3.396
28.98000 -0.119
29.00000 4.228
29.02000 0.906
29.04000 0.145
29.06000 3.132
29.08000 3.296
29.10000 5.269
29.12000 3.159
29.14000 2.602
29.16000 2.894
29.18000 1.730
29.20000 -2.976
29.22000 -3.741
29.24000 0.000
29.26000 2.325
29.28000 6.073
29.30000 6.748
29.32000 0.717
29.34000 -1.384
29.36000 -1.593
29.38000 -0.066
29.40000 -0.552
29.42000 0.885
29.44000 2.774
29.46000 -1.419
29.48000 2.067
29.50000 4.447
29.52000 1.998
29.54000 1.357
29.56000 -2.704
29.58000 1.122
29.60000 1.981
29.62000 -1.279
29.64000 1.328
29.66000 4.134
29.68000 4.682
29.70000 1.491
29.72000 -1.074
29.74000 5.082
29.76000 5.345
29.78000 -1.047
29.80000 -3.171
29.82000 -2.820
29.84000 2.722
29.86000 9.361
29.88000 13.288
29.90000 11.471
29.92000 2.560
29.94000 -1.382
29.96000 -0.428
29.98000 4.389
30.00000 5.332
30.02000 3.886
30.04000 0.409
30.06000 1.064
30.08000 3.810
30.10000 7.126
30.12000 7.575
30.14000 4.656
30.16000 -2.421
30.18000 0.116
30.20000 4.529
30.22000 4.674
30.24000 2.919
30.26000 2.267
30.28000 2.072
30.30000 2.286
30.32000 6.103
30.34000 1.397
30.36000 1.411
30.38000 1.753
30.40000 1.497
30.42000 0.712
30.44000 2.439
30.46000 -3.248
30.48000 -0.435
30.50000 4.041
30.52000 5.110
30.54000 4.790
30.56000 0.480
30.58000 -3.662
30.60000 0.197
30.62000 4.262
30.64000 2.857
30.66000 7.237
30.68000 8.370
30.70000 9.710
30.72000 6.929
30.74000 4.129
30.76000 -2.411
30.78000 0.495
30.80000 3.716
30.82000 2.915
30.84000 -1.241
30.86000 5.632
30.88000 0.465
30.90000 -0.324
30.92000 2.139
30.94000 -0.097
30.96000 1.293
30.98000 4.061
31.00000 0.741
31.02000 2.312
31.04000 3.588
31.06000 3.611
31.08000 3.309
31.10000 3.009
31.12000 6.922
31.14000 3.972
31.16000 0.094
31.18000 2.836
31.20000 8.652
31.22000 5.094
31.24000 3.875
31.26000 2.850
31.28000 4.905
31.30000 3.616
31.32000 4.321
31.34000 6.741
31.36000 4.483
31.38000 0.774
31.40000 1.201
31.42000 5.952
31.44000 8.193
31.46000 -0.962
31.48000 -2.132
31.50000 -3.602
31.52000 -0.875
31.54000 4.569
31.56000 6.525
31.58000 2.266
31.60000 3.394
31.62000 7.967
31.64000 5.068
31.66000 5.109
31.68000 5.622
31.70000 6.038
31.72000 4.262
31.74000 -0.834
31.76000 3.206
31.78000 2.540
31.80000 0.574
31.82000 2.417
31.84000 1.661
31.86000 4.327
31.88000 2.793
31.90000 5.816
31.92000 9.833
31.94000 4.489
31.96000 -0.675
31.98000 -0.607
32.00000 1.098
32.02000 3.940
32.04000 -0.443
32.06000 6.566
32.08000 5.558
32.10000 1.954
32.12000 8.395
32.14000 8.108
32.16000 -0.440
32.18000 3.824
32.20000 2.269
32.22000 2.974
32.24000 5.321
32.26000 5.435
32.28000 3.294
32.30000 1.716
32.32000 2.412
32.34000 6.196
32.36000 4.322
32.38000 1.144
32.40000 5.048
32.42000 3.665
32.44000 1.243
32.46000 -0.795
32.48000 0.366
32.50000 0.136
32.52000 2.592
32.54000 7.865
32.56000 6.635
32.58000 3.262
32.60000 -3.585
32.62000 2.460
32.64000 2.353
32.66000 1.678
32.68000 -0.089
32.70000 1.488
32.72000 0.943
32.74000 1.562
32.76000 -0.706
32.78000 -0.654
32.80000 0.313
32.82000 0.001
32.84000 2.817
32.86000 5.483
32.88000 3.120
32.90000 -0.057
32.92000 -0.213
32.94000 0.681
32.96000 0.463
32.98000 5.125
33.00000 4.651
33.02000 3.547
33.04000 1.868
33.06000 2.329
33.08000 6.452
33.10000 2.042
33.12000 -2.576
33.14000 3.961
33.16000 0.141
33.18000 -3.557
33.20000 5.168
33.22000 9.894
33.24000 4.450
33.26000 6.984
33.28000 4.326
33.30000 8.321
33.32000 4.359
33.34000 4.040
33.36000 7.115
33.38000 6.784
33.40000 6.351
33.42000 3.110
33.44000 6.394
33.46000 8.370
33.48000 3.349
33.50000 1.716
33.52000 4.530
33.54000 5.702
33.56000 6.298
33.58000 1.323
33.60000 4.897
33.62000 -2.234
33.64000 -1.046
33.66000 5.743
33.68000 1.348
33.70000 2.624
33.72000 3.026
33.74000 6.984
33.76000 6.939
33.78000 2.730
33.80000 0.326
33.82000 0.617
33.84000 1.140
33.86000 3.342
33.88000 8.284
33.90000 6.410
33.92000 3.972
33.94000 2.031
33.96000 3.274
33.98000 1.800
34.00000 -2.985
34.02000 2.426
34.04000 7.153
34.06000 1.634
34.08000 -2.084
34.10000 -2.443
34.12000 3.752
34.14000 4.834
34.16000 1.799
34.18000 3.492
34.20000 6.069
34.22000 2.248
34.24000 1.966
34.26000 3.029
34.28000 4.224
34.30000 6.268
34.32000 10.165
34.34000 11.437
34.36000 8.557
34.38000 4.742
34.40000 3.314
34.42000 1.936
34.44000 4.507
34.46000 5.056
34.48000 2.362
34.50000 -0.359
34.52000 0.865
34.54000 3.614
34.56000 3.399
34.58000 2.086
34.60000 2.807
34.62000 5.849
34.64000 5.967
34.66000 5.993
34.68000 6.705
34.70000 6.865
34.72000 3.772
34.74000 7.685
34.76000 8.239
34.78000 2.012
34.80000 0.365
34.82000 -3.280
34.84000 -3.522
34.86000 3.930
34.88000 2.804
34.90000 2.860
34.92000 6.893
34.94000 0.352
34.96000 3.197
34.98000 4.294
35.00000 -0.116
35.02000 5.648
35.04000 0.863
35.06000 1.549
35.08000 4.392
35.10000 4.747
35.12000 2.479
35.14000 1.678
35.16000 4.331
35.18000 6.394
35.20000 5.667
35.22000 6.244
35.24000 6.283
35.26000 7.921
35.28000 7.986
35.30000 5.439
35.32000 3.398
35.34000 2.955
35.36000 3.812
35.38000 0.942
35.40000 -0.915
35.42000 5.330
35.44000 8.021
35.46000 3.042
35.48000 -1.610
35.50000 6.879
35.52000 7.677
35.54000 1.370
35.56000 -3.512
35.58000 -3.389
35.60000 1.095
35.62000 3.505
35.64000 1.574
35.66000 -0.574
35.68000 -1.705
35.70000 2.099
35.72000 3.344
35.74000 3.079
35.76000 0.529
35.78000 3.066
35.80000 2.305
35.82000 4.668
35.84000 2.129
35.86000 -0.012
35.88000 3.054
35.90000 2.985
35.92000 -0.224
35.94000 -1.929
35.96000 2.526
35.98000 -3.342
36.00000 -3.529
36.02000 -0.654
36.04000 3.784
36.06000 8.091
36.08000 5.453
36.10000 8.085
36.12000 10.228
36.14000 6.709
36.16000 3.972
36.18000 4.505
36.20000 6.665
36.22000 12.212
36.24000 5.881
36.26000 -0.488
36.28000 -1.910
36.30000 1.669
36.32000 1.230
36.34000 0.898
36.36000 2.629
36.38000 3.945
36.40000 4.014
36.42000 1.306
36.44000 2.276
36.46000 0.125
36.48000 2.405
36.50000 2.217
36.52000 0.093
36.54000 2.108
36.56000 1.261
36.58000 1.905
36.60000 10.981
36.62000 10.637
36.64000 1.668
36.66000 3.303
36.68000 -1.308
36.70000 -1.771
36.72000 0.561
36.74000 3.293
36.76000 3.852
36.78000 2.510
36.80000 2.197
36.82000 4.110
36.84000 5.218
36.86000 4.095
36.88000 -1.805
36.90000 -3.559
36.92000 1.992
36.94000 5.204
36.96000 4.723
36.98000 3.578
37.00000 6.680
37.02000 1.491
37.04000 2.314
37.06000 0.624
37.08000 -1.477
37.10000 -0.882
37.12000 2.475
37.14000 5.406
37.16000 2.215
37.18000 -2.581
37.20000 -2.586
37.22000 -1.422
37.24000 9.396
37.26000 5.892
37.28000 1.175
37.30000 -2.025
37.32000 2.564
37.34000 1.844
37.36000 1.467
37.38000 3.274
37.40000 4.559
37.42000 7.004
37.44000 4.190
37.46000 6.299
37.48000 4.475
37.50000 5.178
37.52000 4.161
37.54000 5.735
37.56000 2.637
37.58000 0.165
37.60000 3.181
37.62000 4.917
37.64000 4.607
37.66000 0.821
37.68000 4.273
37.70000 9.180
37.72000 9.606
37.74000 4.971
37.76000 8.442
37.78000 9.449
37.80000 13.349
37.82000 9.010
37.84000 7.407
37.86000 8.660
37.88000 6.151
37.90000 12.551
37.92000 14.036
37.94000 13.243
37.96000 12.326
37.98000 10.174
38.00000 10.274
38.02000 13.019
38.04000 13.781
38.06000 14.101
38.08000 16.453
38.10000 17.357
38.12000 15.728
38.14000 13.994
38.16000 17.251
38.18000 15.408
38.20000 20.678
38.22000 24.303
38.24000 21.782
38.26000 21.761
38.28000 25.376
38.30000 24.213
38.32000 23.375
38.34000 29.639
38.36000 28.893
38.38000 27.706
38.40000 23.935
38.42000 24.653
38.44000 26.110
38.46000 26.260
38.48000 27.884
38.50000 32.791
38.52000 34.838
38.54000 34.704
38.56000 33.300
38.58000 32.860
38.60000 30.983
38.62000 37.629
38.64000 37.931
38.66000 33.676
38.68000 41.037
38.70000 48.735
38.72000 47.060
38.74000 50.139
38.76000 47.527
38.78000 47.341
38.80000 44.968
38.82000 51.100
38.84000 55.627
38.86000 53.314
38.88000 60.223
38.90000 60.887
38.92000 63.669
38.94000 67.733
38.96000 68.302
38.98000 71.094
39.00000 73.977
39.02000 76.171
39.04000 80.627
39.06000 86.060
39.08000 89.252
39.10000 95.318
39.12000 94.234
39.14000 97.218
39.16000 101.480
39.18000 103.417
39.20000 110.388
39.22000 120.829
39.24000 128.777
39.26000 131.518
39.28000 137.553
39.30000 138.913
39.32000 148.458
39.34000 156.172
39.36000 165.099
39.38000 167.385
39.40000 176.896
39.42000 188.237
39.44000 192.035
39.46000 204.892
39.48000 222.392
39.50000 238.275
39.52000 248.531
39.54000 254.967
39.56000 265.008
39.58000 283.203
39.60000 303.650
39.62000 320.665
39.64000 332.611
39.66000 347.902
39.68000 365.423
39.70000 396.317
39.72000 417.600
39.74000 434.999
39.76000 450.254
39.78000 471.513
39.80000 492.001
39.82000 505.125
39.84000 533.717
39.86000 570.256
39.88000 589.977
39.90000 619.386
39.92000 647.274
39.94000 668.881
39.96000 679.023
39.98000 699.451
40.00000 717.012
40.02000 740.892
40.04000 759.945
40.06000 773.262
40.08000 795.072
40.10000 811.545
40.12000 812.112
40.14000 814.681
40.16000 816.628
40.18000 806.437
40.20000 804.953
40.22000 795.524
40.24000 783.273
40.26000 779.291
40.28000 775.010
40.30000 766.874
40.32000 749.272
40.34000 720.270
40.36000 684.077
40.38000 680.435
40.40000 672.991
40.42000 643.871
40.44000 615.429
40.46000 592.610
40.48000 573.559
40.50000 541.427
40.52000 530.975
40.54000 509.117
40.56000 485.019
40.58000 460.287
40.60000 436.399
40.62000 417.702
40.64000 396.063
40.66000 371.492
40.68000 347.890
40.70000 332.996
40.72000 318.158
40.74000 307.602
40.76000 287.176
40.78000 273.984
40.80000 251.575
40.82000 239.692
40.84000 226.615
40.86000 217.096
40.88000 198.094
40.90000 185.956
40.92000 176.403
40.94000 167.542
40.96000 159.313
40.98000 150.507
41.00000 138.135
41.02000 133.031
41.04000 128.778
41.06000 118.424
41.08000 110.375
41.10000 105.635
41.12000 95.604
41.14000 86.707
41.16000 87.338
41.18000 83.199
41.20000 79.309
41.22000 76.171
41.24000 73.646
41.26000 70.144
41.28000 64.479
41.30000 61.533
41.32000 63.523
41.34000 59.684
41.36000 53.102
41.38000 51.226
41.40000 46.509
41.42000 42.618
41.44000 37.534
41.46000 35.967
41.48000 33.345
41.50000 33.386
41.52000 32.969
41.54000 34.978
41.56000 33.741
41.58000 32.458
41.60000 34.230
41.62000 29.950
41.64000 24.699
41.66000 20.245
41.68000 21.873
41.70000 20.487
41.72000 16.845
41.74000 21.406
41.76000 20.705
41.78000 15.422
41.80000 14.435
41.82000 16.633
41.84000 18.685
41.86000 18.042
41.88000 20.342
41.90000 17.657
41.92000 12.582
41.94000 12.263
41.96000 11.485
41.98000 8.052
42.00000 11.165
42.02000 7.315
42.04000 9.531
42.06000 10.170
42.08000 9.241
42.10000 13.498
42.12000 7.448
42.14000 4.397
42.16000 5.124
42.18000 3.584
42.20000 6.438
42.22000 5.384
42.24000 3.783
42.26000 2.629
42.28000 1.870
42.30000 2.136
42.32000 3.939
42.34000 4.789
42.36000 1.988
42.38000 2.853
42.40000 3.940
42.42000 3.199
42.44000 3.808
42.46000 -0.632
42.48000 -1.439
42.50000 -3.090
42.52000 -0.135
42.54000 0.490
42.56000 3.667
42.58000 1.372
42.60000 0.589
42.62000 -0.859
42.64000 -0.081
42.66000 -1.392
42.68000 -0.369
42.70000 -1.624
42.72000 -2.160
42.74000 -0.524
42.76000 3.018
42.78000 2.814
42.80000 -0.270
42.82000 0.963
42.84000 0.895
42.86000 0.584
42.88000 1.029
42.90000 0.745
42.92000 -1.096
42.94000 -1.077
42.96000 1.672
42.98000 1.562
43.00000 -1.176
43.02000 4.380
43.04000 1.451
43.06000 -3.440
43.08000 1.470
43.10000 3.232
43.12000 -2.107
43.14000 3.354
43.16000 1.460
43.18000 -0.803
43.20000 1.805
43.22000 1.886
43.24000 -2.500
43.26000 -0.272
43.28000 -0.285
43.30000 -0.324
43.32000 2.304
43.34000 2.018
43.36000 -1.327
43.38000 2.630
43.40000 3.628
43.42000 3.788
43.44000 4.430
43.46000 2.557
43.48000 -0.043
43.50000 -0.898
43.52000 -3.371
43.54000 -0.658
43.56000 2.100
43.58000 2.206
43.60000 4.575
43.62000 4.100
43.64000 2.084
43.66000 2.081
43.68000 0.505
43.70000 -0.047
43.72000 1.878
43.74000 -1.178
43.76000 -0.495
43.78000 -2.677
43.80000 -0.529
43.82000 1.554
43.84000 -0.234
43.86000 -0.486
43.88000 0.623
43.90000 -0.045
43.92000 0.355
43.94000 -1.586
43.96000 -2.097
43.98000 1.403
44.00000 1.802
44.02000 -1.058
44.04000 2.385
44.06000 1.758
44.08000 1.313
44.10000 2.037
44.12000 0.467
44.14000 0.788
44.16000 1.179
44.18000 3.897
44.20000 1.273
44.22000 -0.207
44.24000 0.517
44.26000 -2.596
44.28000 0.265
44.30000 0.275
44.32000 0.247
44.34000 4.059
44.36000 4.347
44.38000 -0.294
44.40000 -3.359
44.42000 -0.032
44.44000 -1.175
44.46000 1.161
44.48000 2.744
44.50000 6.358
44.52000 6.274
44.54000 6.398
44.56000 2.100
44.58000 -0.675
44.60000 1.120
44.62000 2.520
44.64000 1.302
44.66000 1.850
44.68000 0.628
44.70000 0.198
44.72000 6.036
44.74000 5.853
44.76000 6.520
44.78000 5.430
44.80000 2.966
44.82000 1.555
44.84000 -0.606
44.86000 1.210
44.88000 1.528
44.90000 1.391
44.92000 0.712
44.94000 2.622
44.96000 3.917
44.98000 7.606
45.00000 8.632
45.02000 6.836
45.04000 11.184
45.06000 10.114
45.08000 4.687
45.10000 5.380
45.12000 3.415
45.14000 7.641
45.16000 11.084
45.18000 11.965
45.20000 11.748
45.22000 8.546
45.24000 10.106
45.26000 11.775
45.28000 10.666
45.30000 10.555
45.32000 11.852
45.34000 9.525
45.36000 12.256
45.38000 19.214
45.40000 16.178
45.42000 15.124
45.44000 13.024
45.46000 10.547
45.48000 14.005
45.50000 16.555
45.52000 23.535
45.54000 29.323
45.56000 30.191
45.58000 31.143
45.60000 30.291
45.62000 27.400
45.64000 24.431
45.66000 27.351
45.68000 28.134
45.70000 28.091
45.72000 26.504
45.74000 32.052
45.76000 35.593
45.78000 40.398
45.80000 35.780
45.82000 39.538
45.84000 42.614
45.86000 43.873
45.88000 45.930
45.90000 44.905
45.92000 40.969
45.94000 42.734
45.96000 42.768
45.98000 45.924
46.00000 51.299
46.02000 55.081
46.04000 60.260
46.06000 61.110
46.08000 64.407
46.10000 64.622
46.12000 65.782
46.14000 66.856
46.16000 69.848
46.18000 68.011
46.20000 74.232
46.22000 76.890
46.24000 77.728
46.26000 82.118
46.28000 85.986
46.30000 82.354
46.32000 86.203
46.34000 94.424
46.36000 99.720
46.38000 99.560
46.40000 100.762
46.42000 109.182
46.44000 105.503
46.46000 107.448
46.48000 112.245
46.50000 113.812
46.52000 114.414
46.54000 118.374
46.56000 125.448
46.58000 126.879
46.60000 126.334
46.62000 130.848
46.64000 138.539
46.66000 130.953
46.68000 138.488
46.70000 137.221
46.72000 138.617
46.74000 135.178
46.76000 143.973
46.78000 144.427
46.80000 139.034
46.82000 135.105
46.84000 139.759
46.86000 145.155
46.88000 147.117
46.90000 146.830
46.92000 143.373
46.94000 142.133
46.96000 137.053
46.98000 137.871
47.00000 137.463
47.02000 135.147
47.04000 127.002
47.06000 120.532
47.08000 115.901
47.10000 124.920
47.12000 125.336
47.14000 117.682
47.16000 108.764
47.18000 104.791
47.20000 104.171
47.22000 104.185
47.24000 104.532
47.26000 98.155
47.28000 99.147
47.30000 87.551
47.32000 82.558
47.34000 82.996
47.36000 78.912
47.38000 74.676
47.40000 72.623
47.42000 71.945
47.44000 62.861
47.46000 59.001
47.48000 61.655
47.50000 55.407
47.52000 54.024
47.54000 54.643
47.56000 52.635
47.58000 47.810
47.60000 46.081
47.62000 33.849
47.64000 32.887
47.66000 35.555
47.68000 33.606
47.70000 29.036
47.72000 26.703
47.74000 28.135
47.76000 27.786
47.78000 29.745
47.80000 24.103
47.82000 23.201
47.84000 21.009
47.86000 21.392
47.88000 17.843
47.90000 13.363
47.92000 12.693
47.94000 10.242
47.96000 13.125
47.98000 18.914
48.00000 20.032
48.02000 13.457
48.04000 8.409
48.06000 8.921
48.08000 10.212
48.10000 8.027
48.12000 12.158
48.14000 10.242
48.16000 10.182
48.18000 9.248
48.20000 8.196
48.22000 5.309
48.24000 1.698
48.26000 3.908
48.28000 -0.192
48.30000 2.621
48.32000 3.590
48.34000 3.389
48.36000 7.126
48.38000 6.707
48.40000 6.163
48.42000 10.345
48.44000 8.443
48.46000 5.630
48.48000 3.783
48.50000 0.785
48.52000 0.804
48.54000 2.625
48.56000 0.659
48.58000 -0.371
48.60000 -2.393
48.62000 -1.666
48.64000 -0.812
48.66000 1.298
48.68000 2.988
48.70000 7.284
48.72000 3.426
48.74000 -2.489
48.76000 -2.068
48.78000 3.419
48.80000 1.156
48.82000 -2.883
48.84000 0.190
48.86000 0.971
48.88000 3.922
48.90000 3.640
48.92000 2.500
48.94000 3.247
48.96000 2.685
48.98000 1.188
49.00000 -1.966
49.02000 0.182
49.04000 1.416
49.06000 0.887
49.08000 -2.833
49.10000 2.394
49.12000 0.541
49.14000 -2.320
49.16000 4.417
49.18000 5.618
49.20000 7.510
49.22000 4.976
49.24000 4.397
49.26000 0.881
49.28000 -0.242
49.30000 4.123
49.32000 3.136
49.34000 1.387
49.36000 2.991
49.38000 3.613
49.40000 3.029
49.42000 1.922
49.44000 3.691
49.46000 7.380
49.48000 3.655
49.50000 5.338
49.52000 6.925
49.54000 4.335
49.56000 4.315
49.58000 -0.203
49.60000 -1.572
49.62000 0.805
49.64000 5.463
49.66000 1.749
49.68000 8.125
49.70000 5.499
49.72000 0.785
49.74000 3.610
49.76000 4.176
49.78000 0.458
49.80000 4.440
49.82000 3.076
49.84000 0.323
49.86000 -2.755
49.88000 1.962
49.90000 5.881
49.92000 2.578
49.94000 0.845
49.96000 2.341
49.98000 2.332
50.00000 1.986
50.02000 4.478
50.04000 6.088
50.06000 4.511
50.08000 5.809
50.10000 3.929
50.12000 5.379
50.14000 3.326
50.16000 2.706
50.18000 -1.300
50.20000 -0.533
50.22000 2.259
50.24000 3.867
50.26000 1.015
50.28000 -1.298
50.30000 -2.721
50.32000 3.233
50.34000 -0.066
50.36000 -1.542
50.38000 -0.020
50.40000 1.432
50.42000 6.656
50.44000 4.697
50.46000 1.704
50.48000 4.432
50.50000 5.714
50.52000 5.499
50.54000 0.926
50.56000 0.597
50.58000 1.304
50.60000 0.532
50.62000 -0.102
50.64000 2.561
50.66000 1.869
50.68000 1.492
50.70000 1.950
50.72000 2.769
50.74000 3.877
50.76000 2.900
50.78000 0.888
50.80000 -1.271
50.82000 0.956
50.84000 -0.682
50.86000 1.847
50.88000 1.041
50.90000 -2.715
50.92000 -2.166
50.94000 -0.482
50.96000 3.438
50.98000 2.481
51.00000 -1.168
51.02000 -1.741
51.04000 1.337
51.06000 4.995
51.08000 1.683
51.10000 -0.664
51.12000 3.138
51.14000 -1.205
51.16000 -2.656
51.18000 0.854
51.20000 -0.821
51.22000 1.316
51.24000 -0.165
51.26000 -1.250
51.28000 -0.648
51.30000 5.604
51.32000 4.751
51.34000 -0.608
51.36000 -2.172
51.38000 -0.752
51.40000 -1.174
51.42000 -1.129
51.44000 -0.467
51.46000 1.385
51.48000 0.342
51.50000 1.437
51.52000 3.155
51.54000 0.810
51.56000 -1.130
51.58000 -0.445
51.60000 0.460
51.62000 0.918
51.64000 -0.139
51.66000 3.677
51.68000 1.797
51.70000 -1.668
51.72000 -0.238
51.74000 0.768
51.76000 -1.781
51.78000 0.221
51.80000 -0.593
51.82000 -0.610
51.84000 0.298
51.86000 5.527
51.88000 8.365
51.90000 2.085
51.92000 0.328
51.94000 -0.192
51.96000 0.428
51.98000 1.361
52.00000 0.015
52.02000 0.514
52.04000 0.546
52.06000 3.765
52.08000 -0.021
52.10000 0.808
52.12000 0.622
52.14000 -2.424
52.16000 -2.185
52.18000 -0.651
52.20000 -0.715
52.22000 1.348
52.24000 3.863
52.26000 1.201
52.28000 -1.902
52.30000 -0.722
52.32000 -1.720
52.34000 2.080
52.36000 3.670
52.38000 7.222
52.40000 6.443
52.42000 0.530
52.44000 -2.659
52.46000 -1.523
52.48000 -0.116
52.50000 2.054
52.52000 1.156
52.54000 1.003
52.56000 -2.600
52.58000 -1.038
52.60000 1.050
52.62000 -1.710
52.64000 0.037
52.66000 3.675
52.68000 0.626
52.70000 -1.992
52.72000 -1.838
52.74000 1.590
52.76000 0.648
52.78000 0.140
52.80000 0.208
52.82000 1.254
52.84000 1.080
52.86000 -0.449
52.88000 2.213
52.90000 3.841
52.92000 -2.651
52.94000 -1.338
52.96000 -2.352
52.98000 -2.056
53.00000 -1.390
53.02000 1.342
53.04000 2.738
53.06000 -1.186
53.08000 -0.085
53.10000 0.568
53.12000 4.175
53.14000 6.937
53.16000 7.138
53.18000 2.805
53.20000 -0.737
53.22000 0.806
53.24000 3.769
53.26000 2.773
53.28000 2.338
53.30000 1.012
53.32000 3.773
53.34000 3.196
53.36000 0.336
53.38000 0.232
53.40000 -1.054
53.42000 -2.635
53.44000 -0.816
53.46000 4.127
53.48000 4.930
53.50000 2.041
53.52000 1.953
53.54000 2.516
53.56000 4.151
53.58000 2.671
53.60000 3.640
53.62000 -0.880
53.64000 0.890
53.66000 4.191
53.68000 1.786
53.70000 4.076
53.72000 1.930
53.74000 0.135
53.76000 0.253
53.78000 -2.624
53.80000 -2.411
53.82000 0.033
53.84000 1.995
53.86000 0.554
53.88000 1.066
53.90000 0.293
53.92000 -1.302
53.94000 1.951
53.96000 4.399
53.98000 3.208
54.00000 5.715
54.02000 4.530
54.04000 -0.057
54.06000 -1.363
54.08000 0.431
54.10000 2.519
54.12000 2.112
54.14000 -0.390
54.16000 1.412
54.18000 -2.115
54.20000 2.743
54.22000 4.344
54.24000 0.406
54.26000 -2.193
54.28000 0.380
54.30000 -2.610
54.32000 1.030
54.34000 3.046
54.36000 -0.502
54.38000 -0.290
54.40000 2.973
54.42000 3.001
54.44000 3.038
54.46000 2.390
54.48000 -0.299
54.50000 -0.199
54.52000 2.114
54.54000 1.372
54.56000 1.301
54.58000 3.518
54.60000 1.511
54.62000 1.866
54.64000 4.694
54.66000 4.438
54.68000 -0.175
54.70000 -2.592
54.72000 -1.727
54.74000 0.525
54.76000 1.364
54.78000 5.076
54.80000 2.739
54.82000 3.488
54.84000 4.751
54.86000 4.670
54.88000 2.416
54.90000 3.015
54.92000 7.044
54.94000 3.654
54.96000 1.332
54.98000 1.742
55.00000 1.633
55.02000 4.648
55.04000 3.627
55.06000 -0.706
55.08000 -0.294
55.10000 3.169
55.12000 3.825
55.14000 0.963
55.16000 -0.556
55.18000 1.923
55.20000 5.477
55.22000 4.579
55.24000 4.494
55.26000 0.613
55.28000 2.556
55.30000 4.308
55.32000 3.815
55.34000 3.388
55.36000 1.336
55.38000 2.371
55.40000 7.146
55.42000 4.788
55.44000 3.413
55.46000 1.437
55.48000 3.440
55.50000 4.724
55.52000 3.800
55.54000 5.138
55.56000 0.950
55.58000 -0.445
55.60000 3.609
55.62000 8.556
55.64000 2.392
55.66000 -1.061
55.68000 -1.281
55.70000 2.259
55.72000 4.848
55.74000 6.636
55.76000 2.974
55.78000 3.985
55.80000 5.287
55.82000 0.964
55.84000 4.881
55.86000 9.530
55.88000 2.079
55.90000 4.370
55.92000 -0.669
55.94000 7.270
55.96000 7.298
55.98000 3.870
56.00000 4.851
56.02000 3.800
56.04000 2.987
56.06000 5.169
56.08000 6.150
56.10000 4.941
56.12000 9.032
56.14000 9.089
56.16000 9.145
56.18000 8.955
56.20000 7.210
56.22000 -2.496
56.24000 0.875
56.26000 0.515
56.28000 1.653
56.30000 3.826
56.32000 0.129
56.34000 2.611
56.36000 4.047
56.38000 6.099
56.40000 7.635
56.42000 6.721
56.44000 4.976
56.46000 4.226
56.48000 6.072
56.50000 5.312
56.52000 4.131
56.54000 4.454
56.56000 2.573
56.58000 -1.322
56.60000 -0.459
56.62000 5.618
56.64000 4.720
56.66000 5.251
56.68000 5.378
56.70000 2.673
56.72000 5.362
56.74000 7.963
56.76000 4.355
56.78000 3.407
56.80000 5.961
56.82000 6.103
56.84000 3.204
56.86000 4.563
56.88000 1.527
56.90000 0.719
56.92000 1.508
56.94000 0.894
56.96000 0.152
56.98000 -0.077
57.00000 1.066
57.02000 1.338
57.04000 3.074
57.06000 -2.506
57.08000 0.943
57.10000 2.058
57.12000 1.181
57.14000 4.030
57.16000 5.244
57.18000 3.536
57.20000 3.641
57.22000 -2.071
57.24000 -1.613
57.26000 3.449
57.28000 1.153
57.30000 1.234
57.32000 6.314
57.34000 2.077
57.36000 -0.729
57.38000 1.354
57.40000 0.693
57.42000 -0.094
57.44000 4.172
57.46000 0.023
57.48000 2.074
57.50000 1.988
57.52000 -0.052
57.54000 -0.719
57.56000 -1.876
57.58000 0.533
57.60000 -1.078
57.62000 0.919
57.64000 2.603
57.66000 -0.003
57.68000 -1.008
57.70000 2.422
57.72000 4.683
57.74000 3.952
57.76000 2.477
57.78000 5.453
57.80000 4.367
57.82000 3.394
57.84000 0.045
57.86000 1.488
57.88000 1.210
57.90000 1.024
57.92000 1.575
57.94000 7.152
57.96000 6.482
57.98000 4.070
58.00000 1.504
58.02000 1.187
58.04000 4.573
58.06000 2.390
58.08000 1.020
58.10000 -0.486
58.12000 1.071
58.14000 -2.464
58.16000 2.171
58.18000 3.970
58.20000 0.569
58.22000 1.308
58.24000 1.784
58.26000 4.433
58.28000 3.444
58.30000 7.463
58.32000 3.620
58.34000 0.624
58.36000 3.335
58.38000 4.853
58.40000 -0.970
58.42000 0.361
58.44000 0.857
58.46000 2.826
58.48000 4.404
58.50000 4.699
58.52000 3.605
58.54000 4.010
58.56000 2.914
58.58000 0.178
58.60000 -0.319
58.62000 -1.972
58.64000 2.332
58.66000 2.136
58.68000 2.594
58.70000 3.443
58.72000 -1.192
58.74000 -2.451
58.76000 3.800
58.78000 2.734
58.80000 5.920
58.82000 6.955
58.84000 3.374
58.86000 9.465
58.88000 9.326
58.90000 2.402
58.92000 -0.067
58.94000 1.714
58.96000 1.162
58.98000 4.575
59.00000 6.878
59.02000 4.122
59.04000 1.030
59.06000 1.452
59.08000 2.768
59.10000 0.900
59.12000 -1.879
59.14000 -2.451
59.16000 -2.249
59.18000 -1.736
59.20000 2.340
59.22000 2.705
59.24000 0.101
59.26000 -1.609
59.28000 1.358
59.30000 -1.636
59.32000 0.656
59.34000 5.222
59.36000 5.019
59.38000 4.368
59.40000 4.347
59.42000 3.833
59.44000 1.914
59.46000 -1.416
59.48000 -0.678
59.50000 0.593
59.52000 -0.114
59.54000 3.293
59.56000 4.387
59.58000 1.347
59.60000 1.890
59.62000 1.693
59.64000 -0.376
59.66000 -0.934
59.68000 4.613
59.70000 3.798
59.72000 2.060
59.74000 -0.150
59.76000 0.697
59.78000 3.017
59.80000 -1.064
59.82000 -0.555
59.84000 0.317
59.86000 -1.164
59.88000 -1.442
59.90000 -1.296
59.92000 -1.550
59.94000 1.316
59.96000 0.993
59.98000 -0.237
60.00000 -0.066
60.02000 -1.015
60.04000 2.187
60.06000 6.729
60.08000 7.195
60.10000 2.048
60.12000 -2.400
60.14000 -1.014
60.16000 4.090
60.18000 1.492
60.20000 -2.106
60.22000 0.356
60.24000 4.344
60.26000 3.129
60.28000 -1.439
60.30000 1.240
60.32000 4.248
60.34000 2.849
60.36000 2.655
60.38000 3.754
60.40000 3.192
60.42000 1.130
60.44000 0.622
60.46000 1.259
60.48000 4.460
60.50000 5.113
60.52000 5.113
60.54000 4.234
60.56000 3.297
60.58000 5.279
60.60000 7.145
60.62000 3.306
60.64000 6.011
60.66000 6.975
60.68000 7.621
60.70000 3.467
60.72000 -2.000
60.74000 -2.369
60.76000 -0.622
60.78000 2.187
60.80000 3.730
60.82000 4.578
60.84000 2.500
60.86000 4.637
60.88000 4.988
60.90000 3.441
60.92000 5.224
60.94000 7.057
60.96000 2.434
60.98000 0.264
61.00000 -0.786
61.02000 -0.130
61.04000 1.801
61.06000 4.620
61.08000 3.718
61.10000 6.265
61.12000 2.993
61.14000 5.225
61.16000 6.160
61.18000 5.216
61.20000 1.704
61.22000 4.355
61.24000 5.994
61.26000 4.063
61.28000 1.896
61.30000 0.889
61.32000 -0.585
61.34000 1.820
61.36000 1.198
61.38000 -0.522
61.40000 1.418
61.42000 2.133
61.44000 3.990
61.46000 5.981
61.48000 1.965
61.50000 -2.351
61.52000 -0.942
61.54000 0.030
61.56000 0.567
61.58000 5.763
61.60000 6.935
61.62000 2.100
61.64000 2.293
61.66000 -0.448
61.68000 0.712
61.70000 2.366
61.72000 2.621
61.74000 3.489
61.76000 3.719
61.78000 1.536
61.80000 2.588
61.82000 -0.533
61.84000 -0.024
61.86000 4.947
61.88000 4.907
61.90000 3.392
61.92000 3.546
61.94000 3.940
61.96000 3.138
61.98000 3.653
62.00000 2.548
62.02000 1.397
62.04000 3.070
62.06000 2.681
62.08000 -0.803
62.10000 0.475
62.12000 1.218
62.14000 2.129
62.16000 3.607
62.18000 2.908
62.20000 1.925
62.22000 1.147
62.24000 0.880
62.26000 2.505
62.28000 1.813
62.30000 -0.787
62.32000 0.498
62.34000 1.701
62.36000 -0.632
62.38000 -1.724
62.40000 -1.739
62.42000 -2.214
62.44000 0.779
62.46000 -0.133
62.48000 -0.108
62.50000 2.552
62.52000 3.391
62.54000 0.540
62.56000 3.055
62.58000 2.177
62.60000 2.301
62.62000 3.133
62.64000 2.554
62.66000 1.565
62.68000 -1.371
62.70000 0.276
62.72000 1.042
62.74000 5.404
62.76000 5.753
62.78000 4.566
62.80000 3.326
62.82000 2.043
62.84000 -0.413
62.86000 1.246
62.88000 2.133
62.90000 -0.318
62.92000 0.873
62.94000 -2.366
62.96000 -0.494
62.98000 -0.077
63.00000 1.097
63.02000 -0.574
63.04000 2.199
63.06000 2.630
63.08000 1.117
63.10000 3.848
63.12000 0.408
63.14000 -0.152
63.16000 -0.047
63.18000 -0.178
63.20000 -0.892
63.22000 2.618
63.24000 3.347
63.26000 -0.030
63.28000 -1.276
63.30000 -0.247
63.32000 0.063
63.34000 -0.037
63.36000 3.040
63.38000 0.936
63.40000 4.250
63.42000 2.621
63.44000 3.010
63.46000 3.776
63.48000 4.585
63.50000 2.906
63.52000 0.236
63.54000 2.816
63.56000 1.004
63.58000 -0.355
63.60000 0.688
63.62000 2.533
63.64000 4.198
63.66000 1.379
63.68000 1.482
63.70000 2.369
63.72000 2.173
63.74000 3.089
63.76000 5.639
63.78000 3.486
63.80000 -0.546
63.82000 -0.765
63.84000 0.491
63.86000 0.042
63.88000 2.292
63.90000 2.297
63.92000 -0.299
63.94000 0.202
63.96000 4.253
63.98000 5.800
64.00000 2.306
64.02000 3.339
64.04000 0.974
64.06000 3.074
64.08000 4.344
64.10000 2.225
64.12000 1.343
64.14000 -2.347
64.16000 3.069
64.18000 4.257
64.20000 2.585
64.22000 1.001
64.24000 4.571
64.26000 2.185
64.28000 2.176
64.30000 2.946
64.32000 2.460
64.34000 3.194
64.36000 3.468
64.38000 4.298
64.40000 1.313
64.42000 2.393
64.44000 1.038
64.46000 3.983
64.48000 3.264
64.50000 0.490
64.52000 -0.374
64.54000 3.546
64.56000 3.556
64.58000 1.242
64.60000 0.512
64.62000 -0.499
64.64000 -0.495
64.66000 1.754
64.68000 0.309
64.70000 -0.448
64.72000 2.720
64.74000 1.007
64.76000 1.009
64.78000 -0.941
64.80000 -0.131
64.82000 2.383
64.84000 4.767
64.86000 4.037
64.88000 3.950
64.90000 0.096
64.92000 -1.014
64.94000 -0.261
64.96000 0.154
64.98000 3.444
65.00000 5.317
65.02000 4.453
65.04000 0.646
65.06000 -1.149
65.08000 0.553
65.10000 2.776
65.12000 4.404
65.14000 1.186
65.16000 0.035
65.18000 -2.405
65.20000 0.495
65.22000 1.752
65.24000 5.187
65.26000 3.396
65.28000 0.675
65.30000 -0.079
65.32000 -1.343
65.34000 -0.659
65.36000 2.175
65.38000 1.415
65.40000 -0.274
65.42000 0.032
65.44000 1.567
65.46000 3.607
65.48000 -0.642
65.50000 0.770
65.52000 0.775
65.54000 -0.547
65.56000 -2.426
65.58000 -0.079
65.60000 1.134
65.62000 2.166
65.64000 1.570
65.66000 0.445
65.68000 -0.472
65.70000 -2.262
65.72000 -1.114
65.74000 2.027
65.76000 3.165
65.78000 1.304
65.80000 -2.014
65.82000 -2.325
65.84000 -1.279
65.86000 -2.438
65.88000 1.069
65.90000 1.689
65.92000 0.856
65.94000 0.616
65.96000 0.007
65.98000 0.025
66.00000 -0.392
66.02000 0.643
66.04000 1.776
66.06000 0.818
66.08000 -1.412
66.10000 1.077
66.12000 0.936
66.14000 1.834
66.16000 3.406
66.18000 2.663
66.20000 0.575
66.22000 3.473
66.24000 3.584
66.26000 -1.109
66.28000 -1.836
66.30000 -0.523
66.32000 0.665
66.34000 2.633
66.36000 1.188
66.38000 0.441
66.40000 -0.732
66.42000 -0.328
66.44000 0.941
66.46000 -0.494
66.48000 0.380
66.50000 -0.110
66.52000 1.553
66.54000 -2.484
66.56000 0.504
66.58000 1.538
66.60000 3.895
66.62000 0.856
66.64000 0.414
66.66000 2.305
66.68000 1.140
66.70000 0.477
66.72000 -1.643
66.74000 -2.118
66.76000 0.097
66.78000 -0.174
66.80000 3.247
66.82000 6.483
66.84000 0.744
66.86000 0.471
66.88000 -0.029
66.90000 3.852
66.92000 6.505
66.94000 7.352
66.96000 2.560
66.98000 2.665
67.00000 2.880
67.02000 3.210
67.04000 2.579
67.06000 2.690
67.08000 0.342
67.10000 1.095
67.12000 0.961
67.14000 4.913
67.16000 6.388
67.18000 2.178
67.20000 1.730
67.22000 5.560
67.24000 5.202
67.26000 4.062
67.28000 5.574
67.30000 11.864
67.32000 11.224
67.34000 7.602
67.36000 11.563
67.38000 11.619
67.40000 7.267
67.42000 6.039
67.44000 7.213
67.46000 8.583
67.48000 8.293
67.50000 6.758
67.52000 9.187
67.54000 9.207
67.56000 9.616
67.58000 9.392
67.60000 14.439
67.62000 16.671
67.64000 16.596
67.66000 11.618
67.68000 12.201
67.70000 10.836
67.72000 12.277
67.74000 15.027
67.76000 13.813
67.78000 17.114
67.80000 20.416
67.82000 19.530
67.84000 17.024
67.86000 17.357
67.88000 18.879
67.90000 20.091
67.92000 21.724
67.94000 20.319
67.96000 20.739
67.98000 19.242
68.00000 20.330
68.02000 22.490
68.04000 24.688
68.06000 23.121
68.08000 28.305
68.10000 28.022
68.12000 29.248
68.14000 29.311
68.16000 32.094
68.18000 28.321
68.20000 28.708
68.22000 27.941
68.24000 29.607
68.26000 28.209
68.28000 29.616
68.30000 34.313
68.32000 35.798
68.34000 29.223
68.36000 27.853
68.38000 26.689
68.40000 27.475
68.42000 30.576
68.44000 30.135
68.46000 30.918
68.48000 31.539
68.50000 34.296
68.52000 30.503
68.54000 30.004
68.56000 29.678
68.58000 28.745
68.60000 23.879
68.62000 23.996
68.64000 25.437
68.66000 23.525
68.68000 22.906
68.70000 22.077
68.72000 22.783
68.74000 25.166
68.76000 22.514
68.78000 23.094
68.80000 19.137
68.82000 22.884
68.84000 21.801
68.86000 20.006
68.88000 21.477
68.90000 23.314
68.92000 22.254
68.94000 22.233
68.96000 18.987
68.98000 19.908
69.00000 19.362
69.02000 15.805
69.04000 12.061
69.06000 9.669
69.08000 13.632
69.10000 13.204
69.12000 10.913
69.14000 8.654
69.16000 9.310
69.18000 11.041
69.20000 10.013
69.22000 9.015
69.24000 11.445
69.26000 10.018
69.28000 3.426
69.30000 3.585
69.32000 4.178
69.34000 2.487
69.36000 3.376
69.38000 6.755
69.40000 3.968
69.42000 2.073
69.44000 1.506
69.46000 1.084
69.48000 2.522
69.50000 0.765
69.52000 -0.308
69.54000 0.805
69.56000 3.665
69.58000 0.961
69.60000 -1.704
69.62000 0.071
69.64000 1.176
69.66000 2.438
69.68000 0.671
69.70000 0.027
69.72000 -1.328
69.74000 0.398
69.76000 2.459
69.78000 1.742
69.80000 1.659
69.82000 3.468
69.84000 0.647
69.86000 2.156
69.88000 1.746
69.90000 1.656
69.92000 5.254
69.94000 1.160
69.96000 2.024
69.98000 1.480
70.00000 1.999
70.02000 -0.669
70.04000 0.931
70.06000 -0.057
70.08000 2.854
70.10000 2.875
70.12000 4.393
70.14000 5.526
70.16000 4.892
70.18000 3.668
70.20000 0.870
70.22000 -1.507
70.24000 -0.658
70.26000 2.683
70.28000 1.757
70.30000 1.875
70.32000 3.412
70.34000 5.502
70.36000 -1.480
70.38000 -2.273
70.40000 1.559
70.42000 5.461
70.44000 4.241
70.46000 0.658
70.48000 -0.129
70.50000 2.089
70.52000 3.818
70.54000 4.754
70.56000 1.444
70.58000 2.985
70.60000 3.489
70.62000 4.458
70.64000 4.808
70.66000 1.432
70.68000 -0.288
70.70000 1.271
70.72000 0.877
70.74000 -0.430
70.76000 3.480
70.78000 2.801
70.80000 1.486
70.82000 4.618
70.84000 5.710
70.86000 4.719
70.88000 5.123
70.90000 1.954
70.92000 1.772
70.94000 4.740
70.96000 4.842
70.98000 4.047
71.00000 2.926
71.02000 0.896
71.04000 2.321
71.06000 6.456
71.08000 3.882
71.10000 6.576
71.12000 5.703
71.14000 4.157
71.16000 4.652
71.18000 1.387
71.20000 -0.491
71.22000 2.782
71.24000 1.267
71.26000 1.148
71.28000 4.607
71.30000 4.722
71.32000 5.040
71.34000 4.910
71.36000 3.850
71.38000 2.072
71.40000 4.726
71.42000 4.008
71.44000 5.429
71.46000 3.223
71.48000 0.496
71.50000 3.724
71.52000 8.054
71.54000 5.671
71.56000 0.948
71.58000 2.377
71.60000 7.922
71.62000 7.831
71.64000 4.101
71.66000 1.983
71.68000 4.053
71.70000 2.652
71.72000 6.736
71.74000 7.200
71.76000 6.356
71.78000 3.758
71.80000 -2.198
71.82000 0.602
71.84000 3.229
71.86000 4.443
71.88000 3.367
71.90000 4.385
71.92000 1.940
71.94000 2.056
71.96000 0.867
71.98000 3.814
72.00000 6.432
72.02000 3.257
72.04000 4.537
72.06000 0.741
72.08000 3.582
72.10000 4.528
72.12000 3.483
72.14000 3.900
72.16000 5.699
72.18000 1.680
72.20000 0.874
72.22000 1.358
72.24000 3.970
72.26000 6.926
72.28000 2.778
72.30000 1.983
72.32000 2.801
72.34000 0.681
72.36000 1.506
72.38000 2.841
72.40000 3.944
72.42000 5.575
72.44000 1.937
72.46000 -0.322
72.48000 2.244
72.50000 3.428
72.52000 4.185
72.54000 7.105
72.56000 3.130
72.58000 -0.328
72.60000 -2.217
72.62000 -0.202
72.64000 -0.231
72.66000 1.123
72.68000 1.711
72.70000 0.758
72.72000 -0.579
72.74000 0.024
72.76000 2.158
72.78000 0.158
72.80000 1.325
72.82000 -0.813
72.84000 0.679
72.86000 -0.514
72.88000 2.175
72.90000 2.304
72.92000 -1.738
72.94000 2.481
72.96000 3.146
72.98000 1.222
73.00000 1.884
73.02000 -0.114
73.04000 0.294
73.06000 -1.418
73.08000 0.512
73.10000 0.760
73.12000 0.427
73.14000 1.710
73.16000 0.662
73.18000 1.066
73.20000 4.850
73.22000 2.986
73.24000 1.872
73.26000 2.585
73.28000 2.948
73.30000 2.348
73.32000 0.020
73.34000 -0.288
73.36000 1.387
73.38000 3.497
73.40000 1.407
73.42000 -0.260
73.44000 3.180
73.46000 4.608
73.48000 2.413
73.50000 2.518
73.52000 2.669
73.54000 1.409
73.56000 0.519
73.58000 1.907
73.60000 -0.720
73.62000 1.802
73.64000 1.866
73.66000 -1.565
73.68000 -0.214
73.70000 -1.270
73.72000 -2.085
73.74000 0.372
73.76000 3.879
73.78000 8.902
73.80000 5.036
73.82000 2.434
73.84000 2.351
73.86000 1.215
73.88000 -2.180
73.90000 -1.617
73.92000 0.991
73.94000 5.553
73.96000 2.031
73.98000 3.089
74.00000 3.906
74.02000 1.201
74.04000 1.855
74.06000 2.919
74.08000 1.878
74.10000 2.716
74.12000 3.979
74.14000 0.462
74.16000 3.255
74.18000 4.474
74.20000 3.674
74.22000 2.658
74.24000 1.655
74.26000 7.308
74.28000 4.739
74.30000 4.503
74.32000 0.293
74.34000 1.982
74.36000 1.859
74.38000 2.479
74.40000 -0.456
74.42000 -0.589
74.44000 -2.174
74.46000 0.717
74.48000 0.038
74.50000 4.578
74.52000 3.391
74.54000 -0.882
74.56000 1.683
74.58000 3.900
74.60000 4.695
74.62000 2.255
74.64000 3.513
74.66000 3.409
74.68000 0.415
74.70000 -0.265
74.72000 -1.101
74.74000 3.439
74.76000 0.987
74.78000 0.116
74.80000 6.005
74.82000 7.433
74.84000 4.534
74.86000 -1.945
74.88000 -0.367
74.90000 -1.137
74.92000 1.236
74.94000 2.670
74.96000 0.871
74.98000 2.755
75.00000 1.394
75.02000 5.048
75.04000 7.057
75.06000 -0.152
75.08000 -2.175
75.10000 -0.081
75.12000 0.578
75.14000 4.844
75.16000 5.904
75.18000 3.760
75.20000 2.407
75.22000 0.223
75.24000 1.501
75.26000 1.608
75.28000 1.466
75.30000 0.217
75.32000 1.706
75.34000 0.494
75.36000 -1.494
75.38000 0.371
75.40000 4.524
75.42000 -1.735
75.44000 -2.093
75.46000 1.047
75.48000 1.020
75.50000 2.170
75.52000 4.863
75.54000 4.881
75.56000 2.415
75.58000 4.428
75.60000 3.136
75.62000 4.218
75.64000 1.872
75.66000 2.903
75.68000 0.179
75.70000 -1.285
75.72000 0.585
75.74000 4.383
75.76000 2.318
75.78000 -0.110
75.80000 3.740
75.82000 5.527
75.84000 5.033
75.86000 0.545
75.88000 0.780
75.90000 4.229
75.92000 5.644
75.94000 1.610
75.96000 -1.329
75.98000 -1.555
76.00000 0.327
76.02000 0.869
76.04000 1.974
76.06000 1.103
76.08000 2.908
76.10000 1.579
76.12000 2.413
76.14000 5.648
76.16000 3.884
76.18000 2.583
76.20000 3.651
76.22000 3.598
76.24000 0.474
76.26000 -1.162
76.28000 3.858
76.30000 5.737
76.32000 5.263
76.34000 2.326
76.36000 2.172
76.38000 3.190
76.40000 5.146
76.42000 3.102
76.44000 4.561
76.46000 6.055
76.48000 3.772
76.50000 -1.053
76.52000 0.385
76.54000 2.013
76.56000 -0.155
76.58000 2.759
76.60000 7.479
76.62000 5.628
76.64000 0.504
76.66000 -0.009
76.68000 2.143
76.70000 2.280
76.72000 1.123
76.74000 0.281
76.76000 2.368
76.78000 2.692
76.80000 3.480
76.82000 2.067
76.84000 5.379
76.86000 2.900
76.88000 -2.203
76.90000 2.054
76.92000 -2.038
76.94000 1.957
76.96000 1.724
76.98000 6.986
77.00000 2.836
77.02000 1.433
77.04000 4.247
77.06000 2.610
77.08000 4.002
77.10000 -0.513
77.12000 -0.787
77.14000 -1.504
77.16000 5.403
77.18000 6.169
77.20000 5.467
77.22000 1.625
77.24000 4.651
77.26000 1.821
77.28000 1.301
77.30000 -1.742
77.32000 -0.628
77.34000 1.328
77.36000 5.397
77.38000 4.800
77.40000 2.937
77.42000 2.664
77.44000 -0.739
77.46000 1.282
77.48000 -1.246
77.50000 -0.146
77.52000 6.634
77.54000 5.052
77.56000 3.541
77.58000 0.762
77.60000 0.642
77.62000 3.114
77.64000 4.359
77.66000 0.610
77.68000 0.279
77.70000 2.546
77.72000 3.531
77.74000 5.947
77.76000 3.443
77.78000 0.405
77.80000 -1.615
77.82000 0.758
77.84000 0.053
77.86000 -2.237
77.88000 1.402
77.90000 1.774
77.92000 2.810
77.94000 3.932
77.96000 1.226
77.98000 1.581
78.00000 5.199
78.02000 6.195
78.04000 3.958
78.06000 4.323
78.08000 1.822
78.10000 2.371
78.12000 2.852
78.14000 3.337
78.16000 4.320
78.18000 2.999
78.20000 0.772
78.22000 2.130
78.24000 4.489
78.26000 3.539
78.28000 1.925
78.30000 3.194
78.32000 3.515
78.34000 -0.775
78.36000 -0.675
78.38000 2.135
78.40000 3.060
78.42000 6.195
78.44000 5.754
78.46000 1.508
78.48000 1.561
78.50000 2.309
78.52000 0.679
78.54000 2.484
78.56000 -2.232
78.58000 -0.492
78.60000 1.327
78.62000 2.063
78.64000 1.712
78.66000 2.661
78.68000 5.251
78.70000 3.090
78.72000 0.303
78.74000 0.780
78.76000 4.308
78.78000 4.859
78.80000 7.493
78.82000 3.914
78.84000 2.388
78.86000 2.892
78.88000 1.357
78.90000 0.881
78.92000 3.140
78.94000 3.654
78.96000 6.873
78.98000 3.466
79.00000 -0.197
79.02000 4.074
79.04000 6.083
79.06000 9.100
79.08000 5.076
79.10000 4.342
79.12000 1.517
79.14000 -2.243
79.16000 0.654
79.18000 3.953
79.20000 5.990
79.22000 8.986
79.24000 6.464
79.26000 4.931
79.28000 6.217
79.30000 6.235
79.32000 4.975
79.34000 5.812
79.36000 -0.184
79.38000 1.028
79.40000 4.520
79.42000 6.889
79.44000 0.899
79.46000 1.748
79.48000 3.732
79.50000 1.300
79.52000 3.214
79.54000 2.273
79.56000 2.912
79.58000 2.319
79.60000 1.600
79.62000 4.124
79.64000 4.772
79.66000 6.576
79.68000 4.955
79.70000 5.730
79.72000 6.428
79.74000 3.348
79.76000 2.049
79.78000 1.181
79.80000 -0.326
79.82000 -2.301
79.84000 -0.696
79.86000 6.476
79.88000 5.437
79.90000 5.144
79.92000 3.772
79.94000 2.987
79.96000 2.623
79.98000 6.134
80.00000 3.743
80.02000 3.202
80.04000 2.302
80.06000 0.064
80.08000 3.741
80.10000 4.856
80.12000 4.658
80.14000 2.564
80.16000 2.862
80.18000 4.178
80.20000 4.286
80.22000 3.030
80.24000 7.031
80.26000 0.998
80.28000 0.622
80.30000 1.532
80.32000 5.355
80.34000 9.339
80.36000 4.406
80.38000 -0.403
80.40000 1.103
80.42000 2.705
80.44000 2.030
80.46000 -2.404
80.48000 -1.899
80.50000 0.368
80.52000 2.437
80.54000 3.725
80.56000 3.343
80.58000 2.366
80.60000 -0.658
80.62000 2.137
80.64000 1.110
80.66000 5.875
80.68000 2.835
80.70000 1.510
80.72000 3.396
80.74000 6.618
80.76000 6.114
80.78000 4.648
80.80000 4.354
80.82000 4.147
80.84000 4.394
80.86000 2.901
80.88000 5.305
80.90000 3.554
80.92000 1.411
80.94000 5.047
80.96000 3.570
80.98000 4.080
81.00000 4.781
81.02000 6.326
81.04000 6.819
81.06000 6.466
81.08000 6.844
81.10000 6.908
81.12000 5.853
81.14000 5.086
81.16000 9.057
81.18000 11.825
81.20000 10.675
81.22000 8.285
81.24000 8.748
81.26000 6.138
81.28000 6.188
81.30000 4.390
81.32000 4.195
81.34000 10.505
81.36000 6.667
81.38000 7.652
81.40000 9.325
81.42000 13.215
81.44000 7.642
81.46000 6.771
81.48000 8.664
81.50000 9.605
81.52000 15.422
81.54000 14.687
81.56000 18.319
81.58000 10.309
81.60000 12.680
81.62000 16.028
81.64000 16.028
81.66000 18.232
81.68000 17.568
81.70000 15.713
81.72000 17.628
81.74000 17.906
81.76000 20.985
81.78000 20.797
81.80000 18.848
81.82000 22.164
81.84000 23.979
81.86000 24.493
81.88000 26.572
81.90000 21.633
81.92000 21.880
81.94000 23.978
81.96000 24.450
81.98000 22.475
82.00000 21.037
82.02000 19.018
82.04000 23.037
82.06000 26.389
82.08000 29.787
82.10000 35.609
82.12000 34.788
82.14000 28.963
82.16000 27.476
82.18000 28.668
82.20000 28.794
82.22000 33.590
82.24000 36.125
82.26000 31.339
82.28000 31.686
82.30000 25.373
82.32000 29.317
82.34000 29.116
82.36000 35.950
82.38000 42.310
82.40000 37.763
82.42000 32.725
82.44000 36.050
82.46000 39.776
82.48000 37.167
82.50000 36.897
82.52000 38.661
82.54000 33.611
82.56000 38.165
82.58000 41.192
82.60000 42.108
82.62000 39.729
82.64000 37.431
82.66000 33.923
82.68000 31.923
82.70000 35.326
82.72000 33.204
82.74000 35.459
82.76000 38.368
82.78000 39.714
82.80000 37.292
82.82000 32.825
82.84000 30.313
82.86000 30.038
82.88000 30.567
82.90000 30.824
82.92000 30.501
82.94000 31.568
82.96000 33.596
82.98000 32.125
83.00000 25.385
83.02000 24.285
83.04000 23.454
83.06000 25.184
83.08000 22.342
83.10000 23.507
83.12000 23.519
83.14000 24.305
83.16000 17.857
83.18000 19.623
83.20000 23.121
83.22000 23.649
83.24000 22.011
83.26000 20.646
83.28000 16.138
83.30000 14.279
83.32000 14.227
83.34000 13.996
83.36000 15.276
83.38000 13.594
83.40000 18.573
83.42000 18.176
83.44000 17.166
83.46000 11.872
83.48000 9.763
83.50000 11.063
83.52000 11.803
83.54000 8.694
83.56000 7.242
83.58000 8.138
83.60000 5.242
83.62000 5.358
83.64000 5.104
83.66000 1.592
83.68000 1.080
83.70000 4.212
83.72000 6.005
83.74000 11.338
83.76000 9.602
83.78000 10.318
83.80000 2.402
83.82000 0.702
83.84000 2.712
83.86000 6.227
83.88000 9.708
83.90000 11.042
83.92000 7.643
83.94000 1.755
83.96000 -1.528
83.98000 2.703
84.00000 3.487
84.02000 4.737
84.04000 1.635
84.06000 2.616
84.08000 4.020
84.10000 1.787
84.12000 -0.509
84.14000 -0.813
84.16000 1.462
84.18000 2.291
84.20000 3.116
84.22000 3.814
84.24000 2.565
84.26000 1.406
84.28000 6.745
84.30000 0.806
84.32000 -0.356
84.34000 3.190
84.36000 3.673
84.38000 3.691
84.40000 2.250
84.42000 2.827
84.44000 4.876
84.46000 2.193
84.48000 0.687
84.50000 1.777
84.52000 1.412
84.54000 1.380
84.56000 -2.302
84.58000 0.807
84.60000 0.445
84.62000 4.637
84.64000 7.769
84.66000 4.471
84.68000 0.338
84.70000 2.339
84.72000 2.338
84.74000 2.837
84.76000 5.356
84.78000 2.473
84.80000 5.138
84.82000 4.864
84.84000 2.161
84.86000 5.957
84.88000 4.908
84.90000 3.222
84.92000 7.118
84.94000 6.135
84.96000 4.083
84.98000 2.690
85.00000 8.458
85.02000 7.695
85.04000 3.098
85.06000 0.737
85.08000 2.919
85.10000 1.991
85.12000 4.048
85.14000 -2.308
85.16000 -1.050
85.18000 -1.728
85.20000 1.189
85.22000 0.046
85.24000 -0.171
85.26000 0.783
85.28000 3.681
85.30000 0.619
85.32000 0.359
85.34000 0.178
85.36000 8.251
85.38000 4.027
85.40000 1.253
85.42000 6.637
85.44000 7.942
85.46000 7.464
85.48000 4.316
85.50000 6.880
85.52000 5.373
85.54000 3.797
85.56000 6.446
85.58000 3.720
85.60000 -0.979
85.62000 2.762
85.64000 3.369
85.66000 4.344
85.68000 2.446
85.70000 2.121
85.72000 5.555
85.74000 8.009
85.76000 6.061
85.78000 6.874
85.80000 12.591
85.82000 11.530
85.84000 7.041
85.86000 8.006
85.88000 5.775
85.90000 4.201
85.92000 7.252
85.94000 11.321
85.96000 8.685
85.98000 7.482
86.00000 10.596
86.02000 11.944
86.04000 13.363
86.06000 14.627
86.08000 14.322
86.10000 12.628
86.12000 16.961
86.14000 14.795
86.16000 13.855
86.18000 17.548
86.20000 18.313
86.22000 16.653
86.24000 12.420
86.26000 14.666
86.28000 18.153
86.30000 15.954
86.32000 20.949
86.34000 18.415
86.36000 16.096
86.38000 17.143
86.40000 17.668
86.42000 20.337
86.44000 25.689
86.46000 21.273
86.48000 19.731
86.50000 20.115
86.52000 25.153
86.54000 23.555
86.56000 26.180
86.58000 25.312
86.60000 28.043
86.62000 31.219
86.64000 27.671
86.66000 25.841
86.68000 27.872
86.70000 26.914
86.72000 24.261
86.74000 24.880
86.76000 23.472
86.78000 21.638
86.80000 22.830
86.82000 27.139
86.84000 28.932
86.86000 27.630
86.88000 27.223
86.90000 28.107
86.92000 22.942
86.94000 21.905
86.96000 22.126
86.98000 24.307
87.00000 26.856
87.02000 20.908
87.04000 25.814
87.06000 22.222
87.08000 19.727
87.10000 22.330
87.12000 18.267
87.14000 17.566
87.16000 20.032
87.18000 16.187
87.20000 17.254
87.22000 17.835
87.24000 16.580
87.26000 16.428
87.28000 14.140
87.30000 14.932
87.32000 13.802
87.34000 16.364
87.36000 14.386
87.38000 16.623
87.40000 10.794
87.42000 11.475
87.44000 10.113
87.46000 10.244
87.48000 6.732
87.50000 1.229
87.52000 5.463
87.54000 7.476
87.56000 6.994
87.58000 9.675
87.60000 8.862
87.62000 7.768
87.64000 5.532
87.66000 7.428
87.68000 9.595
87.70000 1.569
87.72000 2.217
87.74000 5.196
87.76000 6.159
87.78000 7.460
87.80000 6.872
87.82000 3.888
87.84000 6.571
87.86000 7.095
87.88000 4.920
87.90000 4.758
87.92000 5.977
87.94000 4.527
87.96000 3.619
87.98000 2.751
88.00000 2.318
88.02000 0.644
88.04000 1.805
88.06000 5.704
88.08000 9.172
88.10000 5.096
88.12000 4.498
88.14000 3.062
88.16000 2.371
88.18000 -2.213
88.20000 3.411
88.22000 2.545
88.24000 2.836
88.26000 2.495
88.28000 0.835
88.30000 -0.895
88.32000 1.750
88.34000 1.166
88.36000 -0.171
88.38000 -0.491
88.40000 -0.828
88.42000 1.962
88.44000 1.690
88.46000 6.357
88.48000 4.165
88.50000 4.472
88.52000 3.554
88.54000 6.099
88.56000 9.618
88.58000 1.966
88.60000 0.990
88.62000 3.214
88.64000 5.087
88.66000 5.527
88.68000 6.804
88.70000 6.397
88.72000 4.027
88.74000 3.928
88.76000 3.159
88.78000 3.369
88.80000 0.450
88.82000 2.826
88.84000 4.859
88.86000 5.152
88.88000 1.842
88.90000 -2.071
88.92000 1.896
88.94000 2.019
88.96000 0.607
88.98000 4.018
89.00000 7.056
89.02000 4.875
89.04000 5.198
89.06000 7.771
89.08000 7.577
89.10000 4.061
89.12000 3.200
89.14000 4.517
89.16000 1.499
89.18000 4.046
89.20000 5.542
89.22000 5.530
89.24000 1.754
89.26000 4.026
89.28000 6.115
89.30000 4.451
89.32000 3.739
89.34000 1.706
89.36000 2.391
89.38000 3.417
89.40000 6.229
89.42000 5.950
89.44000 1.127
89.46000 0.312
89.48000 0.184
89.50000 0.506
89.52000 -0.055
89.54000 0.618
89.56000 3.384
89.58000 4.839
89.60000 3.476
89.62000 8.103
89.64000 3.344
89.66000 2.720
89.68000 2.039
89.70000 4.706
89.72000 4.329
89.74000 0.005
89.76000 1.001
89.78000 6.835
89.80000 4.887
89.82000 8.002
89.84000 6.538
89.86000 2.790
89.88000 6.421
89.90000 3.510
89.92000 3.233
89.94000 4.881
89.96000 6.068
89.98000 4.909
90.00000 3.005
90.02000 0.889
90.04000 -2.042
90.06000 0.371
90.08000 4.367
90.10000 4.092
90.12000 6.336
90.14000 3.866
90.16000 4.828
90.18000 2.400
90.20000 2.441
90.22000 0.525
90.24000 2.483
90.26000 3.011
90.28000 5.791
90.30000 2.963
90.32000 6.295
90.34000 4.162
90.36000 1.288
90.38000 1.668
90.40000 3.756
90.42000 1.022
90.44000 -2.056
90.46000 3.203
90.48000 5.254
90.50000 8.621
90.52000 5.275
90.54000 3.997
90.56000 5.629
90.58000 2.078
90.60000 -1.474
90.62000 3.012
90.64000 3.879
90.66000 1.957
90.68000 0.888
90.70000 2.970
90.72000 2.998
90.74000 1.345
90.76000 3.204
90.78000 2.174
90.80000 1.290
90.82000 5.549
90.84000 0.095
90.86000 2.500
90.88000 4.745
90.90000 2.405
90.92000 0.195
90.94000 -0.262
90.96000 3.569
90.98000 10.816
91.00000 10.463
91.02000 6.585
91.04000 5.096
91.06000 6.588
91.08000 4.178
91.10000 2.669
91.12000 1.902
91.14000 4.986
91.16000 3.913
91.18000 6.807
91.20000 7.203
91.22000 0.623
91.24000 -2.059
91.26000 2.373
91.28000 2.533
91.30000 2.787
91.32000 -0.318
91.34000 0.137
91.36000 1.442
91.38000 1.649
91.40000 -0.375
91.42000 -0.056
91.44000 0.262
91.46000 -1.502
91.48000 3.735
91.50000 3.448
91.52000 4.658
91.54000 4.767
91.56000 4.840
91.58000 2.996
91.60000 -1.154
91.62000 2.928
91.64000 8.171
91.66000 12.171
91.68000 7.921
91.70000 1.209
91.72000 0.803
91.74000 2.241
91.76000 4.599
91.78000 5.241
91.80000 5.425
91.82000 1.131
91.84000 6.161
91.86000 6.531
91.88000 4.664
91.90000 2.340
91.92000 0.111
91.94000 -2.042
91.96000 -0.734
91.98000 2.682
92.00000 3.661
92.02000 2.901
92.04000 4.852
92.06000 5.597
92.08000 5.599
92.10000 1.487
92.12000 -1.560
92.14000 2.304
92.16000 2.856
92.18000 2.658
92.20000 6.029
92.22000 3.706
92.24000 2.626
92.26000 2.251
92.28000 5.827
92.30000 5.115
92.32000 5.178
92.34000 2.943
92.36000 4.595
92.38000 3.537
92.40000 4.375
92.42000 4.075
92.44000 4.870
92.46000 4.048
92.48000 6.859
92.50000 7.319
92.52000 4.877
92.54000 6.226
92.56000 6.063
92.58000 -1.014
92.60000 1.149
92.62000 3.684
92.64000 1.424
92.66000 1.555
92.68000 3.960
92.70000 6.036
92.72000 5.121
92.74000 2.148
92.76000 2.293
92.78000 5.088
92.80000 -0.944
92.82000 1.389
92.84000 4.486
92.86000 3.474
92.88000 6.356
92.90000 7.466
92.92000 6.917
92.94000 4.451
92.96000 3.885
92.98000 0.546
93.00000 1.811
93.02000 3.045
93.04000 3.919
93.06000 5.665
93.08000 4.503
93.10000 5.224
93.12000 8.367
93.14000 2.478
93.16000 2.842
93.18000 3.926
93.20000 1.183
93.22000 7.623
93.24000 5.162
93.26000 4.166
93.28000 2.480
93.30000 -0.234
93.32000 -2.058
93.34000 -0.860
93.36000 -0.462
93.38000 0.712
93.40000 0.354
93.42000 0.238
93.44000 0.614
93.46000 4.659
93.48000 4.720
93.50000 5.022
93.52000 3.085
93.54000 0.896
93.56000 5.555
93.58000 6.463
93.60000 6.999
93.62000 5.024
93.64000 3.611
93.66000 1.312
93.68000 3.469
93.70000 2.556
93.72000 0.386
93.74000 5.072
93.76000 4.902
93.78000 0.698
93.80000 3.699
93.82000 3.589
93.84000 4.098
93.86000 7.221
93.88000 1.980
93.90000 2.407
93.92000 4.135
93.94000 8.368
93.96000 8.412
93.98000 11.687
94.00000 8.853
94.02000 2.604
94.04000 3.883
94.06000 6.929
94.08000 4.815
94.10000 3.474
94.12000 0.148
94.14000 0.709
94.16000 4.264
94.18000 2.347
94.20000 1.619
94.22000 0.019
94.24000 0.301
94.26000 1.853
94.28000 5.709
94.30000 4.220
94.32000 3.716
94.34000 -0.110
94.36000 0.302
94.38000 3.468
94.40000 3.033
94.42000 1.653
94.44000 0.563
94.46000 2.546
94.48000 2.934
94.50000 2.354
94.52000 3.623
94.54000 3.202
94.56000 4.756
94.58000 0.997
94.60000 0.662
94.62000 1.852
94.64000 1.305
94.66000 1.221
94.68000 0.632
94.70000 3.405
94.72000 7.915
94.74000 4.705
94.76000 0.208
94.78000 2.988
94.80000 2.538
94.82000 1.518
94.84000 -2.078
94.86000 1.344
94.88000 6.485
94.90000 5.509
94.92000 2.245
94.94000 1.078
94.96000 4.526
94.98000 5.921
95.00000 4.755
95.02000 5.550
95.04000 3.841
95.06000 -2.082
95.08000 -1.149
95.10000 2.894
95.12000 2.133
95.14000 2.184
95.16000 2.488
95.18000 4.842
95.20000 4.071
95.22000 4.939
95.24000 3.076
95.26000 6.117
95.28000 3.094
95.30000 5.543
95.32000 2.422
95.34000 7.754
95.36000 2.721
95.38000 0.225
95.40000 2.866
95.42000 8.796
95.44000 3.247
95.46000 0.908
95.48000 0.543
95.50000 5.117
95.52000 3.642
95.54000 2.811
95.56000 -0.984
95.58000 1.030
95.60000 0.938
95.62000 -0.123
95.64000 -0.297
95.66000 4.773
95.68000 4.568
95.70000 -1.138
95.72000 -2.091
95.74000 0.080
95.76000 -0.767
95.78000 4.918
95.80000 3.069
95.82000 -1.541
95.84000 -0.854
95.86000 7.383
95.88000 8.629
95.90000 7.638
95.92000 2.509
95.94000 2.658
95.96000 6.563
95.98000 3.544
96.00000 0.586
96.02000 5.051
96.04000 5.363
96.06000 1.894
96.08000 4.394
96.10000 8.321
96.12000 3.101
96.14000 4.805
96.16000 4.922
96.18000 10.207
96.20000 8.132
96.22000 4.193
96.24000 0.558
96.26000 4.335
96.28000 2.859
96.30000 3.470
96.32000 1.174
96.34000 4.868
96.36000 6.359
96.38000 5.078
96.40000 -0.800
96.42000 -2.069
96.44000 4.559
96.46000 1.427
96.48000 -0.921
96.50000 2.488
96.52000 5.161
96.54000 8.613
96.56000 5.277
96.58000 5.976
96.60000 5.738
96.62000 2.129
96.64000 1.654
96.66000 0.421
96.68000 -1.734
96.70000 1.173
96.72000 2.849
96.74000 3.660
96.76000 2.006
96.78000 2.598
96.80000 1.257
96.82000 -0.815
96.84000 1.484
96.86000 3.263
96.88000 5.065
96.90000 -1.588
96.92000 0.881
96.94000 7.194
96.96000 6.836
96.98000 2.504
97.00000 4.413
97.02000 4.628
97.04000 1.182
97.06000 3.248
97.08000 0.759
97.10000 -0.283
97.12000 -2.093
97.14000 0.084
97.16000 4.323
97.18000 3.426
97.20000 3.296
97.22000 2.967
97.24000 3.776
97.26000 2.957
97.28000 5.591
97.30000 9.275
97.32000 4.140
97.34000 3.008
97.36000 3.251
97.38000 2.763
97.40000 2.282
97.42000 2.153
97.44000 -0.767
97.46000 2.618
97.48000 5.907
97.50000 4.383
97.52000 4.416
97.54000 -0.682
97.56000 -1.177
97.58000 1.522
97.60000 2.008
97.62000 1.456
97.64000 4.035
97.66000 4.144
97.68000 2.194
97.70000 2.469
97.72000 2.142
97.74000 6.618
97.76000 6.198
97.78000 5.970
97.80000 0.990
97.82000 2.982
97.84000 -1.461
97.86000 -0.488
97.88000 0.323
97.90000 3.177
97.92000 5.622
97.94000 -2.088
97.96000 -1.142
97.98000 0.273
98.00000 5.794
98.02000 6.051
98.04000 2.579
98.06000 2.883
98.08000 3.942
98.10000 0.882
98.12000 2.406
98.14000 -1.878
98.16000 0.179
98.18000 0.178
98.20000 0.609
98.22000 -0.946
98.24000 0.543
98.26000 4.107
98.28000 3.755
98.30000 3.729
98.32000 4.545
98.34000 4.397
98.36000 8.655
98.38000 6.131
98.40000 3.069
98.42000 4.765
98.44000 7.271
98.46000 5.764
98.48000 5.071
98.50000 1.525
98.52000 10.714
98.54000 9.177
98.56000 8.363
98.58000 -0.546
98.60000 -0.693
98.62000 4.686
98.64000 7.727
98.66000 7.240
98.68000 6.046
98.70000 1.193
98.72000 1.470
98.74000 4.773
98.76000 2.755
98.78000 10.855
98.80000 4.745
98.82000 5.595
98.84000 7.763
98.86000 6.699
98.88000 10.348
98.90000 6.009
98.92000 3.639
98.94000 7.150
98.96000 4.940
98.98000 -0.133
99.00000 0.914
99.02000 8.130
99.04000 11.680
99.06000 2.476
99.08000 -2.008
99.10000 6.868
99.12000 5.311
99.14000 3.461
99.16000 5.276
99.18000 1.878
99.20000 -2.014
99.22000 4.782
99.24000 11.479
99.26000 6.149
99.28000 2.953
99.30000 8.915
99.32000 6.725
99.34000 1.936
99.36000 3.004
99.38000 -0.097
99.40000 0.974
99.42000 4.277
99.44000 2.131
99.46000 13.748
99.48000 5.755
99.50000 9.053
99.52000 4.261
99.54000 -0.846
99.56000 11.602
99.58000 5.717
99.60000 3.325
99.62000 9.997
99.64000 -2.935
99.66000 1.470
99.68000 6.696
99.70000 -3.347
99.72000 5.537
99.74000 7.106
99.76000 13.410
99.78000 11.316
99.80000 6.223
99.82000 6.931
99.84000 -2.081
99.86000 -0.440
99.88000 5.472
99.90000 9.814
99.92000 14.583
99.94000 16.108
99.96000 5.154
99.98000 0.000
