'Id: "0011389" Comment: "Integrate frame 0011389_Au-Ir-Rh_Au-Rich_XRD_Mapping-150-0000.gfrmwith cursor Wedge Cursor #5" Operator: "B?rgel" Anode: "Cu" Wavelength: "1.5406" Scantype: "2Theta (TwoTheta)" TimePerStep: "1" X: "18" Y: "-4.5" Z: "5.95" 
10.00000 0.000
10.02000 12.870
10.04000 19.573
10.06000 10.436
10.08000 13.076
10.10000 11.029
10.12000 27.709
10.14000 26.294
10.16000 26.296
10.18000 26.530
10.20000 10.126
10.22000 14.736
10.24000 10.088
10.26000 10.320
10.28000 12.870
10.30000 11.932
10.32000 29.830
10.34000 15.881
10.36000 20.350
10.38000 24.701
10.40000 20.120
10.42000 15.210
10.44000 13.915
10.46000 17.062
10.48000 28.893
10.50000 24.105
10.52000 21.502
10.54000 4.899
10.56000 16.563
10.58000 18.946
10.60000 13.818
10.62000 20.240
10.64000 28.906
10.66000 17.693
10.68000 12.204
10.70000 9.095
10.72000 20.132
10.74000 17.284
10.76000 20.450
10.78000 21.912
10.80000 23.553
10.82000 10.727
10.84000 9.719
10.86000 11.112
10.88000 16.536
10.90000 19.079
10.92000 27.516
10.94000 32.143
10.96000 17.920
10.98000 6.729
11.00000 12.216
11.02000 31.488
11.04000 33.635
11.06000 28.399
11.08000 28.708
11.10000 12.898
11.12000 5.650
11.14000 -3.956
11.16000 13.663
11.18000 21.299
11.20000 25.579
11.22000 20.441
11.24000 15.639
11.26000 20.623
11.28000 23.210
11.30000 13.730
11.32000 11.134
11.34000 13.794
11.36000 14.530
11.38000 15.262
11.40000 22.930
11.42000 30.344
11.44000 16.841
11.46000 15.289
11.48000 21.048
11.50000 23.689
11.52000 15.165
11.54000 24.472
11.56000 30.711
11.58000 23.583
11.60000 26.696
11.62000 30.208
11.64000 24.677
11.66000 23.579
11.68000 21.437
11.70000 22.192
11.72000 26.168
11.74000 16.946
11.76000 16.157
11.78000 16.151
11.80000 17.779
11.82000 15.853
11.84000 16.221
11.86000 26.060
11.88000 29.790
11.90000 28.404
11.92000 22.803
11.94000 11.258
11.96000 6.511
11.98000 18.727
12.00000 20.092
12.02000 21.967
12.04000 46.293
12.06000 40.677
12.08000 30.617
12.10000 31.975
12.12000 20.772
12.14000 26.945
12.16000 22.059
12.18000 27.505
12.20000 18.735
12.22000 21.077
12.24000 27.196
12.26000 28.315
12.28000 23.328
12.30000 27.338
12.32000 34.648
12.34000 34.271
12.36000 25.043
12.38000 25.079
12.40000 18.091
12.42000 30.521
12.44000 39.544
12.46000 38.214
12.48000 39.470
12.50000 29.065
12.52000 20.865
12.54000 21.700
12.56000 31.512
12.58000 37.603
12.60000 35.230
12.62000 31.725
12.64000 19.432
12.66000 26.922
12.68000 30.403
12.70000 30.615
12.72000 36.655
12.74000 34.340
12.76000 31.861
12.78000 32.306
12.80000 33.548
12.82000 23.531
12.84000 21.537
12.86000 25.589
12.88000 33.197
12.90000 28.777
12.92000 24.608
12.94000 13.612
12.96000 23.156
12.98000 26.816
13.00000 34.201
13.02000 28.869
13.04000 27.633
13.06000 26.225
13.08000 24.541
13.10000 22.710
13.12000 17.249
13.14000 21.060
13.16000 25.464
13.18000 31.442
13.20000 28.273
13.22000 12.894
13.24000 17.316
13.26000 25.571
13.28000 27.045
13.30000 25.813
13.32000 28.211
13.34000 24.428
13.36000 17.970
13.38000 23.698
13.40000 27.245
13.42000 30.491
13.44000 32.896
13.46000 25.870
13.48000 12.822
13.50000 22.811
13.52000 23.989
13.54000 21.227
13.56000 17.095
13.58000 22.636
13.60000 18.664
13.62000 16.985
13.64000 12.311
13.66000 29.599
13.68000 34.738
13.70000 27.897
13.72000 24.348
13.74000 16.686
13.76000 12.908
13.78000 19.024
13.80000 28.043
13.82000 23.431
13.84000 30.238
13.86000 38.085
13.88000 38.374
13.90000 14.260
13.92000 5.030
13.94000 9.346
13.96000 17.932
13.98000 21.195
14.00000 27.421
14.02000 24.172
14.04000 17.180
14.06000 19.146
14.08000 6.835
14.10000 9.074
14.12000 23.844
14.14000 27.723
14.16000 17.504
14.18000 21.219
14.20000 19.255
14.22000 15.671
14.24000 15.394
14.26000 12.378
14.28000 13.021
14.30000 24.533
14.32000 22.167
14.34000 20.925
14.36000 22.266
14.38000 19.464
14.40000 14.918
14.42000 17.253
14.44000 20.660
14.46000 19.311
14.48000 18.451
14.50000 18.834
14.52000 14.542
14.54000 11.606
14.56000 13.344
14.58000 24.293
14.60000 14.803
14.62000 11.671
14.64000 16.210
14.66000 6.967
14.68000 11.247
14.70000 13.775
14.72000 13.598
14.74000 15.643
14.76000 11.231
14.78000 3.042
14.80000 7.886
14.82000 17.800
14.84000 9.816
14.86000 10.705
14.88000 21.522
14.90000 19.522
14.92000 17.842
14.94000 20.892
14.96000 23.006
14.98000 18.520
15.00000 17.518
15.02000 2.978
15.04000 0.965
15.06000 7.939
15.08000 17.097
15.10000 14.456
15.12000 22.064
15.14000 25.617
15.16000 10.558
15.18000 11.877
15.20000 20.735
15.22000 20.026
15.24000 15.040
15.26000 9.994
15.28000 10.671
15.30000 11.411
15.32000 16.428
15.34000 7.189
15.36000 16.701
15.38000 19.063
15.40000 21.802
15.42000 14.844
15.44000 8.212
15.46000 8.573
15.48000 10.475
15.50000 12.894
15.52000 4.019
15.54000 7.821
15.56000 15.321
15.58000 5.786
15.60000 0.708
15.62000 -0.426
15.64000 3.967
15.66000 7.986
15.68000 1.825
15.70000 6.051
15.72000 12.847
15.74000 13.888
15.76000 7.516
15.78000 9.415
15.80000 14.318
15.82000 16.791
15.84000 6.836
15.86000 9.920
15.88000 11.519
15.90000 9.253
15.92000 2.355
15.94000 3.680
15.96000 6.621
15.98000 13.156
16.00000 14.690
16.02000 19.726
16.04000 9.180
16.06000 7.752
16.08000 13.446
16.10000 17.145
16.12000 14.783
16.14000 12.007
16.16000 14.962
16.18000 10.388
16.20000 5.810
16.22000 5.641
16.24000 8.192
16.26000 3.627
16.28000 2.792
16.30000 6.424
16.32000 9.070
16.34000 14.471
16.36000 4.763
16.38000 12.083
16.40000 12.515
16.42000 6.568
16.44000 3.306
16.46000 2.752
16.48000 8.897
16.50000 17.393
16.52000 13.486
16.54000 5.993
16.56000 3.862
16.58000 -4.417
16.60000 2.462
16.62000 17.037
16.64000 12.526
16.66000 4.407
16.68000 0.579
16.70000 4.346
16.72000 4.227
16.74000 5.683
16.76000 4.734
16.78000 3.667
16.80000 12.454
16.82000 11.643
16.84000 4.420
16.86000 10.216
16.88000 6.050
16.90000 -0.379
16.92000 -2.983
16.94000 -1.331
16.96000 2.306
16.98000 -0.850
17.00000 -0.462
17.02000 8.130
17.04000 10.430
17.06000 7.162
17.08000 4.966
17.10000 4.842
17.12000 -1.685
17.14000 5.513
17.16000 4.865
17.18000 4.158
17.20000 2.627
17.22000 3.424
17.24000 4.233
17.26000 6.033
17.28000 4.460
17.30000 8.383
17.32000 13.359
17.34000 6.932
17.36000 -1.651
17.38000 2.642
17.40000 7.059
17.42000 3.963
17.44000 8.845
17.46000 18.311
17.48000 18.268
17.50000 11.935
17.52000 4.462
17.54000 4.286
17.56000 1.976
17.58000 3.230
17.60000 8.843
17.62000 9.811
17.64000 0.664
17.66000 6.794
17.68000 11.569
17.70000 10.802
17.72000 3.231
17.74000 5.660
17.76000 5.022
17.78000 8.414
17.80000 12.019
17.82000 6.863
17.84000 5.817
17.86000 4.424
17.88000 4.388
17.90000 -1.219
17.92000 -3.493
17.94000 -0.859
17.96000 -0.958
17.98000 5.001
18.00000 4.701
18.02000 6.202
18.04000 6.997
18.06000 -0.646
18.08000 4.069
18.10000 8.806
18.12000 2.886
18.14000 4.864
18.16000 -4.323
18.18000 -1.801
18.20000 9.878
18.22000 9.463
18.24000 9.302
18.26000 12.109
18.28000 16.312
18.30000 10.670
18.32000 -1.036
18.34000 -3.645
18.36000 -0.597
18.38000 2.065
18.40000 7.364
18.42000 8.127
18.44000 4.809
18.46000 9.809
18.48000 10.769
18.50000 11.379
18.52000 9.293
18.54000 9.736
18.56000 7.352
18.58000 2.216
18.60000 -2.005
18.62000 3.499
18.64000 8.137
18.66000 4.555
18.68000 6.870
18.70000 2.900
18.72000 1.854
18.74000 -4.280
18.76000 -0.180
18.78000 1.100
18.80000 3.114
18.82000 2.438
18.84000 4.432
18.86000 8.181
18.88000 7.423
18.90000 3.689
18.92000 7.362
18.94000 6.009
18.96000 2.881
18.98000 8.060
19.00000 8.900
19.02000 1.240
19.04000 -4.272
19.06000 0.720
19.08000 8.313
19.10000 6.893
19.12000 3.783
19.14000 3.772
19.16000 7.323
19.18000 3.292
19.20000 1.228
19.22000 0.401
19.24000 -0.376
19.26000 3.676
19.28000 7.380
19.30000 10.453
19.32000 8.675
19.34000 -0.843
19.36000 -2.951
19.38000 8.536
19.40000 10.948
19.42000 4.865
19.44000 1.519
19.46000 5.639
19.48000 0.719
19.50000 -4.262
19.52000 -0.075
19.54000 8.620
19.56000 12.907
19.58000 5.532
19.60000 6.429
19.62000 -0.474
19.64000 1.895
19.66000 4.595
19.68000 4.339
19.70000 7.452
19.72000 5.518
19.74000 2.499
19.76000 4.230
19.78000 3.254
19.80000 2.852
19.82000 1.945
19.84000 -3.273
19.86000 4.475
19.88000 7.632
19.90000 5.673
19.92000 7.254
19.94000 9.228
19.96000 6.881
19.98000 9.155
20.00000 6.346
20.02000 2.613
20.04000 2.853
20.06000 6.451
20.08000 4.548
20.10000 4.967
20.12000 5.548
20.14000 6.487
20.16000 -1.166
20.18000 1.555
20.20000 5.421
20.22000 3.420
20.24000 3.691
20.26000 10.105
20.28000 11.002
20.30000 2.934
20.32000 -0.226
20.34000 -3.127
20.36000 0.251
20.38000 4.433
20.40000 10.311
20.42000 14.021
20.44000 9.180
20.46000 7.492
20.48000 7.987
20.50000 1.006
20.52000 -0.507
20.54000 -2.743
20.56000 -1.460
20.58000 0.371
20.60000 2.009
20.62000 0.920
20.64000 -1.783
20.66000 -4.073
20.68000 5.060
20.70000 4.021
20.72000 0.419
20.74000 5.397
20.76000 5.780
20.78000 10.318
20.80000 8.472
20.82000 -0.135
20.84000 -0.498
20.86000 2.129
20.88000 -3.443
20.90000 3.775
20.92000 8.277
20.94000 11.793
20.96000 9.117
20.98000 10.622
21.00000 5.947
21.02000 8.444
21.04000 7.528
21.06000 0.899
21.08000 6.214
21.10000 2.434
21.12000 -3.078
21.14000 -1.145
21.16000 -3.648
21.18000 0.545
21.20000 1.995
21.22000 8.887
21.24000 12.544
21.26000 10.287
21.28000 3.391
21.30000 -4.154
21.32000 5.336
21.34000 10.867
21.36000 6.547
21.38000 4.434
21.40000 8.932
21.42000 5.424
21.44000 10.231
21.46000 1.181
21.48000 9.400
21.50000 6.039
21.52000 6.391
21.54000 2.717
21.56000 3.224
21.58000 5.787
21.60000 1.261
21.62000 -4.142
21.64000 1.294
21.66000 7.902
21.68000 8.769
21.70000 6.604
21.72000 5.003
21.74000 1.543
21.76000 1.791
21.78000 4.561
21.80000 6.323
21.82000 1.959
21.84000 -0.194
21.86000 -4.130
21.88000 6.120
21.90000 11.191
21.92000 4.429
21.94000 5.594
21.96000 -0.408
21.98000 3.083
22.00000 7.284
22.02000 4.181
22.04000 0.010
22.06000 1.661
22.08000 2.172
22.10000 -1.032
22.12000 -0.481
22.14000 5.851
22.16000 6.878
22.18000 6.391
22.20000 6.955
22.22000 5.641
22.24000 0.532
22.26000 -0.054
22.28000 4.385
22.30000 4.779
22.32000 3.864
22.34000 5.954
22.36000 2.806
22.38000 5.780
22.40000 11.998
22.42000 8.680
22.44000 0.073
22.46000 -1.513
22.48000 0.571
22.50000 6.585
22.52000 7.268
22.54000 3.725
22.56000 4.220
22.58000 8.443
22.60000 9.684
22.62000 6.586
22.64000 5.392
22.66000 2.479
22.68000 7.251
22.70000 -0.880
22.72000 -0.345
22.74000 2.711
22.76000 9.162
22.78000 7.071
22.80000 1.288
22.82000 1.674
22.84000 7.698
22.86000 9.642
22.88000 6.334
22.90000 -1.148
22.92000 4.454
22.94000 1.475
22.96000 3.647
22.98000 2.791
23.00000 4.747
23.02000 0.633
23.04000 5.027
23.06000 11.279
23.08000 3.704
23.10000 6.232
23.12000 6.662
23.14000 3.649
23.16000 1.723
23.18000 4.394
23.20000 3.723
23.22000 8.085
23.24000 5.584
23.26000 8.236
23.28000 10.022
23.30000 8.201
23.32000 7.254
23.34000 8.337
23.36000 6.304
23.38000 6.533
23.40000 2.333
23.42000 9.108
23.44000 10.983
23.46000 5.754
23.48000 8.176
23.50000 9.308
23.52000 9.390
23.54000 13.197
23.56000 5.396
23.58000 1.426
23.60000 -4.000
23.62000 3.992
23.64000 7.326
23.66000 6.095
23.68000 8.663
23.70000 6.390
23.72000 3.758
23.74000 5.876
23.76000 7.500
23.78000 5.554
23.80000 11.682
23.82000 18.302
23.84000 10.509
23.86000 13.116
23.88000 8.756
23.90000 1.671
23.92000 1.266
23.94000 4.238
23.96000 11.226
23.98000 7.928
24.00000 6.104
24.02000 3.576
24.04000 2.723
24.06000 4.272
24.08000 12.081
24.10000 8.995
24.12000 3.878
24.14000 5.079
24.16000 5.463
24.18000 8.890
24.20000 3.419
24.22000 7.853
24.24000 10.524
24.26000 7.619
24.28000 8.421
24.30000 6.114
24.32000 4.618
24.34000 4.808
24.36000 8.124
24.38000 3.438
24.40000 5.442
24.42000 4.652
24.44000 4.246
24.46000 0.519
24.48000 -3.985
24.50000 -0.348
24.52000 3.890
24.54000 2.307
24.56000 3.027
24.58000 3.998
24.60000 1.205
24.62000 1.939
24.64000 4.585
24.66000 1.938
24.68000 6.720
24.70000 3.937
24.72000 0.092
24.74000 -1.071
24.76000 2.173
24.78000 5.621
24.80000 0.562
24.82000 1.164
24.84000 -0.190
24.86000 0.225
24.88000 2.038
24.90000 1.751
24.92000 1.090
24.94000 4.974
24.96000 2.257
24.98000 2.227
25.00000 4.794
25.02000 5.807
25.04000 5.438
25.06000 4.881
25.08000 0.563
25.10000 -2.295
25.12000 -1.656
25.14000 1.708
25.16000 1.558
25.18000 -0.350
25.20000 3.195
25.22000 3.459
25.24000 3.536
25.26000 0.085
25.28000 1.039
25.30000 3.729
25.32000 0.274
25.34000 -3.575
25.36000 -1.678
25.38000 0.615
25.40000 -0.406
25.42000 -3.953
25.44000 1.185
25.46000 3.850
25.48000 4.237
25.50000 5.668
25.52000 4.411
25.54000 6.027
25.56000 3.622
25.58000 -0.576
25.60000 -0.947
25.62000 0.596
25.64000 0.287
25.66000 5.312
25.68000 1.709
25.70000 -3.120
25.72000 -0.734
25.74000 3.817
25.76000 3.290
25.78000 5.387
25.80000 9.607
25.82000 3.258
25.84000 0.685
25.86000 5.747
25.88000 6.406
25.90000 1.692
25.92000 -0.115
25.94000 2.840
25.96000 -1.325
25.98000 2.495
26.00000 1.926
26.02000 2.136
26.04000 2.989
26.06000 -0.545
26.08000 3.964
26.10000 -0.707
26.12000 0.418
26.14000 5.858
26.16000 2.358
26.18000 1.588
26.20000 1.822
26.22000 0.696
26.24000 1.275
26.26000 1.068
26.28000 -0.789
26.30000 -3.893
26.32000 0.181
26.34000 1.441
26.36000 -1.171
26.38000 7.474
26.40000 6.720
26.42000 6.732
26.44000 1.839
26.46000 4.735
26.48000 2.564
26.50000 5.067
26.52000 7.135
26.54000 4.725
26.56000 1.342
26.58000 -2.274
26.60000 1.535
26.62000 0.978
26.64000 2.137
26.66000 4.649
26.68000 2.996
26.70000 1.632
26.72000 6.679
26.74000 12.183
26.76000 7.295
26.78000 6.988
26.80000 10.984
26.82000 4.912
26.84000 -3.853
26.86000 1.379
26.88000 1.996
26.90000 -0.579
26.92000 1.411
26.94000 3.290
26.96000 5.817
26.98000 4.331
27.00000 8.797
27.02000 16.031
27.04000 9.323
27.06000 -3.057
27.08000 1.841
27.10000 1.640
27.12000 6.446
27.14000 5.965
27.16000 8.355
27.18000 2.492
27.20000 2.295
27.22000 5.296
27.24000 2.895
27.26000 0.717
27.28000 8.637
27.30000 5.460
27.32000 3.263
27.34000 3.423
27.36000 4.933
27.38000 1.570
27.40000 -1.729
27.42000 -0.217
27.44000 -3.826
27.46000 -3.344
27.48000 -2.988
27.50000 4.946
27.52000 3.148
27.54000 -3.835
27.56000 -1.265
27.58000 5.481
27.60000 3.089
27.62000 7.353
27.64000 4.084
27.66000 4.320
27.68000 1.863
27.70000 -0.640
27.72000 -0.068
27.74000 -0.942
27.76000 -0.134
27.78000 4.494
27.80000 7.231
27.82000 4.710
27.84000 4.515
27.86000 2.540
27.88000 -1.277
27.90000 -1.549
27.92000 1.912
27.94000 3.388
27.96000 3.488
27.98000 1.015
28.00000 1.399
28.02000 3.371
28.04000 5.406
28.06000 0.900
28.08000 -2.767
28.10000 -1.162
28.12000 2.551
28.14000 2.470
28.16000 3.949
28.18000 3.384
28.20000 -3.125
28.22000 -0.081
28.24000 2.313
28.26000 -0.170
28.28000 -1.559
28.30000 -1.044
28.32000 -1.809
28.34000 2.332
28.36000 2.800
28.38000 1.256
28.40000 0.487
28.42000 -3.113
28.44000 -1.967
28.46000 3.406
28.48000 3.763
28.50000 4.750
28.52000 5.073
28.54000 0.156
28.56000 0.668
28.58000 2.311
28.60000 4.895
28.62000 7.020
28.64000 4.714
28.66000 1.200
28.68000 1.006
28.70000 2.573
28.72000 0.550
28.74000 -3.773
28.76000 0.390
28.78000 5.409
28.80000 4.864
28.82000 7.657
28.84000 4.046
28.86000 1.927
28.88000 1.006
28.90000 -0.196
28.92000 -1.390
28.94000 3.511
28.96000 0.002
28.98000 -1.147
29.00000 2.966
29.02000 2.736
29.04000 -1.179
29.06000 -3.757
29.08000 2.813
29.10000 2.890
29.12000 6.767
29.14000 5.929
29.16000 3.718
29.18000 9.621
29.20000 6.242
29.22000 2.191
29.24000 1.177
29.26000 6.520
29.28000 7.550
29.30000 7.131
29.32000 11.222
29.34000 8.448
29.36000 8.346
29.38000 4.776
29.40000 6.137
29.42000 3.028
29.44000 -1.308
29.46000 5.513
29.48000 1.028
29.50000 4.874
29.52000 7.256
29.54000 -1.364
29.56000 -1.306
29.58000 1.690
29.60000 0.387
29.62000 2.653
29.64000 1.199
29.66000 3.680
29.68000 1.394
29.70000 2.971
29.72000 5.602
29.74000 3.504
29.76000 8.411
29.78000 2.790
29.80000 1.589
29.82000 0.417
29.84000 2.722
29.86000 5.755
29.88000 3.196
29.90000 -0.904
29.92000 -0.765
29.94000 1.269
29.96000 2.898
29.98000 4.022
30.00000 8.825
30.02000 9.566
30.04000 5.514
30.06000 7.235
30.08000 4.361
30.10000 3.899
30.12000 7.096
30.14000 1.105
30.16000 -3.681
30.18000 1.836
30.20000 5.257
30.22000 0.276
30.24000 0.494
30.26000 5.473
30.28000 5.064
30.30000 5.983
30.32000 2.970
30.34000 3.460
30.36000 4.295
30.38000 7.583
30.40000 3.668
30.42000 4.363
30.44000 -0.981
30.46000 3.003
30.48000 4.080
30.50000 -0.231
30.52000 5.166
30.54000 6.285
30.56000 0.022
30.58000 0.326
30.60000 5.560
30.62000 7.817
30.64000 -2.415
30.66000 -3.258
30.68000 1.818
30.70000 5.818
30.72000 11.737
30.74000 6.893
30.76000 4.425
30.78000 2.447
30.80000 -0.500
30.82000 8.629
30.84000 11.130
30.86000 7.362
30.88000 9.146
30.90000 9.647
30.92000 2.029
30.94000 10.366
30.96000 10.917
30.98000 5.910
31.00000 2.373
31.02000 4.051
31.04000 0.554
31.06000 -3.651
31.08000 0.070
31.10000 4.056
31.12000 5.283
31.14000 7.217
31.16000 6.029
31.18000 7.849
31.20000 4.209
31.22000 5.550
31.24000 0.189
31.26000 -0.436
31.28000 -2.380
31.30000 -1.868
31.32000 1.032
31.34000 1.877
31.36000 0.414
31.38000 -1.997
31.40000 -1.381
31.42000 0.376
31.44000 3.391
31.46000 3.585
31.48000 4.291
31.50000 1.780
31.52000 0.423
31.54000 0.893
31.56000 2.548
31.58000 1.029
31.60000 0.026
31.62000 3.869
31.64000 5.830
31.66000 0.442
31.68000 -0.333
31.70000 2.794
31.72000 6.878
31.74000 4.125
31.76000 1.960
31.78000 -0.283
31.80000 0.803
31.82000 1.546
31.84000 4.010
31.86000 1.005
31.88000 6.705
31.90000 -0.346
31.92000 3.990
31.94000 3.883
31.96000 5.629
31.98000 3.614
32.00000 3.494
32.02000 4.625
32.04000 3.784
32.06000 2.857
32.08000 7.781
32.10000 6.975
32.12000 4.112
32.14000 0.841
32.16000 2.243
32.18000 6.774
32.20000 5.976
32.22000 5.339
32.24000 0.162
32.26000 0.143
32.28000 2.208
32.30000 4.497
32.32000 1.122
32.34000 -1.062
32.36000 0.150
32.38000 -2.079
32.40000 -0.347
32.42000 1.081
32.44000 6.612
32.46000 6.159
32.48000 7.872
32.50000 4.394
32.52000 2.613
32.54000 1.887
32.56000 1.265
32.58000 3.958
32.60000 -0.475
32.62000 -0.226
32.64000 8.096
32.66000 7.954
32.68000 3.531
32.70000 5.758
32.72000 5.500
32.74000 -1.473
32.76000 -1.115
32.78000 -0.607
32.80000 6.497
32.82000 5.785
32.84000 3.673
32.86000 2.588
32.88000 2.665
32.90000 0.387
32.92000 -2.059
32.94000 -3.586
32.96000 -0.006
32.98000 4.920
33.00000 6.986
33.02000 1.975
33.04000 -2.055
33.06000 2.443
33.08000 8.279
33.10000 3.837
33.12000 2.668
33.14000 5.853
33.16000 3.824
33.18000 5.264
33.20000 5.959
33.22000 6.570
33.24000 4.355
33.26000 5.261
33.28000 5.451
33.30000 3.608
33.32000 5.674
33.34000 5.494
33.36000 4.746
33.38000 -0.211
33.40000 1.943
33.42000 2.128
33.44000 3.224
33.46000 0.247
33.48000 1.131
33.50000 0.853
33.52000 2.709
33.54000 8.033
33.56000 5.699
33.58000 5.212
33.60000 2.258
33.62000 4.461
33.64000 3.015
33.66000 6.669
33.68000 6.242
33.70000 7.359
33.72000 4.356
33.74000 0.928
33.76000 6.229
33.78000 8.928
33.80000 9.143
33.82000 3.895
33.84000 1.776
33.86000 5.523
33.88000 7.841
33.90000 7.405
33.92000 2.285
33.94000 5.643
33.96000 6.989
33.98000 4.298
34.00000 4.392
34.02000 4.509
34.04000 9.469
34.06000 9.250
34.08000 3.367
34.10000 -0.189
34.12000 1.990
34.14000 5.878
34.16000 9.759
34.18000 7.643
34.20000 9.165
34.22000 5.891
34.24000 7.033
34.26000 8.673
34.28000 4.055
34.30000 2.739
34.32000 2.877
34.34000 3.270
34.36000 6.193
34.38000 9.215
34.40000 4.672
34.42000 2.578
34.44000 0.435
34.46000 0.147
34.48000 3.464
34.50000 2.183
34.52000 0.437
34.54000 -1.299
34.56000 -3.575
34.58000 -1.390
34.60000 6.052
34.62000 8.162
34.64000 7.090
34.66000 4.264
34.68000 0.356
34.70000 3.268
34.72000 3.874
34.74000 0.764
34.76000 4.754
34.78000 7.727
34.80000 3.770
34.82000 3.333
34.84000 2.279
34.86000 1.055
34.88000 4.520
34.90000 6.322
34.92000 6.174
34.94000 3.024
34.96000 5.947
34.98000 4.750
35.00000 1.679
35.02000 -1.127
35.04000 3.105
35.06000 1.044
35.08000 -0.079
35.10000 1.332
35.12000 2.186
35.14000 -2.024
35.16000 -2.687
35.18000 -2.268
35.20000 0.502
35.22000 1.196
35.24000 -3.063
35.26000 1.087
35.28000 -3.590
35.30000 1.576
35.32000 2.212
35.34000 6.300
35.36000 7.428
35.38000 4.694
35.40000 5.056
35.42000 5.119
35.44000 4.731
35.46000 0.117
35.48000 -2.969
35.50000 2.669
35.52000 -0.708
35.54000 -2.089
35.56000 1.028
35.58000 4.511
35.60000 0.814
35.62000 0.887
35.64000 2.730
35.66000 -1.446
35.68000 1.675
35.70000 0.314
35.72000 6.244
35.74000 2.436
35.76000 -1.412
35.78000 1.496
35.80000 9.418
35.82000 1.266
35.84000 1.381
35.86000 -0.494
35.88000 0.827
35.90000 4.695
35.92000 1.809
35.94000 -3.598
35.96000 -3.314
35.98000 3.664
36.00000 2.679
36.02000 2.020
36.04000 -1.508
36.06000 -1.120
36.08000 0.088
36.10000 1.107
36.12000 0.590
36.14000 5.183
36.16000 6.177
36.18000 5.537
36.20000 4.208
36.22000 5.141
36.24000 1.054
36.26000 -0.453
36.28000 9.454
36.30000 5.386
36.32000 7.477
36.34000 2.379
36.36000 -3.608
36.38000 -1.867
36.40000 0.644
36.42000 0.158
36.44000 -1.797
36.46000 -0.794
36.48000 4.195
36.50000 5.007
36.52000 2.459
36.54000 10.999
36.56000 5.559
36.58000 4.417
36.60000 1.157
36.62000 0.314
36.64000 -0.075
36.66000 4.269
36.68000 5.197
36.70000 3.201
36.72000 2.232
36.74000 5.106
36.76000 1.928
36.78000 4.499
36.80000 4.309
36.82000 2.158
36.84000 3.617
36.86000 6.593
36.88000 5.999
36.90000 4.635
36.92000 2.486
36.94000 -0.403
36.96000 -0.312
36.98000 3.978
37.00000 6.655
37.02000 2.121
37.04000 8.073
37.06000 7.695
37.08000 5.875
37.10000 3.269
37.12000 5.525
37.14000 9.427
37.16000 8.163
37.18000 5.120
37.20000 7.565
37.22000 4.000
37.24000 2.157
37.26000 4.345
37.28000 7.861
37.30000 2.042
37.32000 4.532
37.34000 7.276
37.36000 10.356
37.38000 7.751
37.40000 5.435
37.42000 3.159
37.44000 3.659
37.46000 8.751
37.48000 8.308
37.50000 7.187
37.52000 5.193
37.54000 7.273
37.56000 8.708
37.58000 12.051
37.60000 14.903
37.62000 15.683
37.64000 16.638
37.66000 18.015
37.68000 15.964
37.70000 13.571
37.72000 15.043
37.74000 11.032
37.76000 13.852
37.78000 13.065
37.80000 19.829
37.82000 21.335
37.84000 15.832
37.86000 17.889
37.88000 18.071
37.90000 14.667
37.92000 16.287
37.94000 17.047
37.96000 18.205
37.98000 18.612
38.00000 20.678
38.02000 21.064
38.04000 17.087
38.06000 16.183
38.08000 19.147
38.10000 20.565
38.12000 23.677
38.14000 24.812
38.16000 28.626
38.18000 27.917
38.20000 28.997
38.22000 36.068
38.24000 33.169
38.26000 38.536
38.28000 42.999
38.30000 40.890
38.32000 38.870
38.34000 35.211
38.36000 38.298
38.38000 41.923
38.40000 52.141
38.42000 50.998
38.44000 45.580
38.46000 47.810
38.48000 52.443
38.50000 56.869
38.52000 58.343
38.54000 63.452
38.56000 63.400
38.58000 65.571
38.60000 65.199
38.62000 66.579
38.64000 72.501
38.66000 73.375
38.68000 82.311
38.70000 84.759
38.72000 94.244
38.74000 94.388
38.76000 94.189
38.78000 97.523
38.80000 102.600
38.82000 111.271
38.84000 114.318
38.86000 121.868
38.88000 128.695
38.90000 135.354
38.92000 142.383
38.94000 154.383
38.96000 165.615
38.98000 169.401
39.00000 178.236
39.02000 189.722
39.04000 198.656
39.06000 207.617
39.08000 220.960
39.10000 234.071
39.12000 245.652
39.14000 265.878
39.16000 281.214
39.18000 297.108
39.20000 320.442
39.22000 335.785
39.24000 353.080
39.26000 369.761
39.28000 389.818
39.30000 405.878
39.32000 428.442
39.34000 443.896
39.36000 462.784
39.38000 481.903
39.40000 503.253
39.42000 516.479
39.44000 535.201
39.46000 554.680
39.48000 573.073
39.50000 588.346
39.52000 604.754
39.54000 605.749
39.56000 617.047
39.58000 613.175
39.60000 623.968
39.62000 615.608
39.64000 607.340
39.66000 595.518
39.68000 588.885
39.70000 590.061
39.72000 570.886
39.74000 562.522
39.76000 546.158
39.78000 535.720
39.80000 520.585
39.82000 499.820
39.84000 477.187
39.86000 458.553
39.88000 440.041
39.90000 417.235
39.92000 400.146
39.94000 387.106
39.96000 355.958
39.98000 334.700
40.00000 324.598
40.02000 309.542
40.04000 293.525
40.06000 277.238
40.08000 254.723
40.10000 239.263
40.12000 219.625
40.14000 206.740
40.16000 188.402
40.18000 180.093
40.20000 175.136
40.22000 167.721
40.24000 152.334
40.26000 142.279
40.28000 135.481
40.30000 127.424
40.32000 120.920
40.34000 106.862
40.36000 101.041
40.38000 96.965
40.40000 94.684
40.42000 89.873
40.44000 79.328
40.46000 73.199
40.48000 71.722
40.50000 70.819
40.52000 63.754
40.54000 64.565
40.56000 64.248
40.58000 55.925
40.60000 51.654
40.62000 44.843
40.64000 45.185
40.66000 45.817
40.68000 42.409
40.70000 37.023
40.72000 33.676
40.74000 36.514
40.76000 34.160
40.78000 24.034
40.80000 25.368
40.82000 27.422
40.84000 25.703
40.86000 24.694
40.88000 24.628
40.90000 23.442
40.92000 23.707
40.94000 21.384
40.96000 16.778
40.98000 18.181
41.00000 17.989
41.02000 19.167
41.04000 14.912
41.06000 12.240
41.08000 13.084
41.10000 11.028
41.12000 13.460
41.14000 11.593
41.16000 11.543
41.18000 14.597
41.20000 12.667
41.22000 11.776
41.24000 12.335
41.26000 8.918
41.28000 11.208
41.30000 6.792
41.32000 5.228
41.34000 8.050
41.36000 6.236
41.38000 5.351
41.40000 4.807
41.42000 7.733
41.44000 7.703
41.46000 8.280
41.48000 8.271
41.50000 6.490
41.52000 6.756
41.54000 4.377
41.56000 4.581
41.58000 5.562
41.60000 4.297
41.62000 0.459
41.64000 3.833
41.66000 6.036
41.68000 4.755
41.70000 2.861
41.72000 4.566
41.74000 4.094
41.76000 4.305
41.78000 3.938
41.80000 0.928
41.82000 2.283
41.84000 4.920
41.86000 1.957
41.88000 3.216
41.90000 2.681
41.92000 1.717
41.94000 5.550
41.96000 4.935
41.98000 3.797
42.00000 1.383
42.02000 4.206
42.04000 1.187
42.06000 -0.642
42.08000 1.473
42.10000 1.942
42.12000 -0.479
42.14000 -0.665
42.16000 -2.495
42.18000 0.030
42.20000 2.505
42.22000 0.155
42.24000 1.896
42.26000 -1.645
42.28000 0.693
42.30000 4.803
42.32000 7.093
42.34000 0.869
42.36000 -3.288
42.38000 1.691
42.40000 1.894
42.42000 4.383
42.44000 3.047
42.46000 -0.235
42.48000 -1.128
42.50000 1.762
42.52000 2.783
42.54000 0.704
42.56000 -0.178
42.58000 2.324
42.60000 2.370
42.62000 2.490
42.64000 2.478
42.66000 3.207
42.68000 2.602
42.70000 1.566
42.72000 -0.392
42.74000 -0.474
42.76000 -1.071
42.78000 0.374
42.80000 3.520
42.82000 3.039
42.84000 2.708
42.86000 2.662
42.88000 2.864
42.90000 6.004
42.92000 0.052
42.94000 0.166
42.96000 0.671
42.98000 0.110
43.00000 -0.419
43.02000 0.626
43.04000 2.278
43.06000 2.460
43.08000 1.500
43.10000 -3.208
43.12000 -0.939
43.14000 5.771
43.16000 1.152
43.18000 -2.116
43.20000 -0.520
43.22000 -1.959
43.24000 -0.866
43.26000 1.253
43.28000 -0.926
43.30000 -0.617
43.32000 2.091
43.34000 3.537
43.36000 -2.678
43.38000 -3.093
43.40000 2.493
43.42000 3.022
43.44000 1.111
43.46000 -1.617
43.48000 -0.045
43.50000 4.332
43.52000 1.068
43.54000 -1.124
43.56000 -0.486
43.58000 2.692
43.60000 -1.130
43.62000 -1.405
43.64000 -3.159
43.66000 -3.147
43.68000 2.588
43.70000 0.119
43.72000 -0.106
43.74000 1.757
43.76000 -0.845
43.78000 0.620
43.80000 2.782
43.82000 1.519
43.84000 -1.110
43.86000 0.426
43.88000 2.891
43.90000 2.156
43.92000 1.701
43.94000 1.402
43.96000 2.388
43.98000 2.868
44.00000 2.049
44.02000 4.452
44.04000 5.239
44.06000 0.589
44.08000 1.295
44.10000 3.376
44.12000 3.304
44.14000 2.813
44.16000 3.100
44.18000 1.375
44.20000 1.985
44.22000 -0.881
44.24000 -2.230
44.26000 -0.032
44.28000 1.475
44.30000 -3.102
44.32000 -3.107
44.34000 2.474
44.36000 6.729
44.38000 6.619
44.40000 2.972
44.42000 0.431
44.44000 0.333
44.46000 2.699
44.48000 3.400
44.50000 4.233
44.52000 0.207
44.54000 3.980
44.56000 -0.938
44.58000 0.322
44.60000 2.225
44.62000 -0.038
44.64000 3.345
44.66000 5.597
44.68000 3.532
44.70000 -0.222
44.72000 0.835
44.74000 3.687
44.76000 5.676
44.78000 5.280
44.80000 5.721
44.82000 5.555
44.84000 5.352
44.86000 5.315
44.88000 4.655
44.90000 4.638
44.92000 5.672
44.94000 4.280
44.96000 9.321
44.98000 7.888
45.00000 8.476
45.02000 5.896
45.04000 6.347
45.06000 7.730
45.08000 9.480
45.10000 10.303
45.12000 8.183
45.14000 4.271
45.16000 5.948
45.18000 9.115
45.20000 12.474
45.22000 10.006
45.24000 11.733
45.26000 10.313
45.28000 10.077
45.30000 12.045
45.32000 14.119
45.34000 11.287
45.36000 9.054
45.38000 12.830
45.40000 14.542
45.42000 12.371
45.44000 15.245
45.46000 17.643
45.48000 19.615
45.50000 20.624
45.52000 22.628
45.54000 26.074
45.56000 21.520
45.58000 25.302
45.60000 24.415
45.62000 23.787
45.64000 22.588
45.66000 23.204
45.68000 29.956
45.70000 28.371
45.72000 31.117
45.74000 29.840
45.76000 32.984
45.78000 36.008
45.80000 36.944
45.82000 34.032
45.84000 33.700
45.86000 36.067
45.88000 39.006
45.90000 38.756
45.92000 37.357
45.94000 41.432
45.96000 46.072
45.98000 49.159
46.00000 48.374
46.02000 46.843
46.04000 46.846
46.06000 47.084
46.08000 50.300
46.10000 52.754
46.12000 50.543
46.14000 55.098
46.16000 59.218
46.18000 58.063
46.20000 56.406
46.22000 52.539
46.24000 54.571
46.26000 60.626
46.28000 59.909
46.30000 60.077
46.32000 58.694
46.34000 59.828
46.36000 58.952
46.38000 55.213
46.40000 58.476
46.42000 57.637
46.44000 55.604
46.46000 54.933
46.48000 55.426
46.50000 54.601
46.52000 50.525
46.54000 48.065
46.56000 40.379
46.58000 43.035
46.60000 45.688
46.62000 45.140
46.64000 42.676
46.66000 37.772
46.68000 40.354
46.70000 40.190
46.72000 37.442
46.74000 35.010
46.76000 29.645
46.78000 35.916
46.80000 31.933
46.82000 25.676
46.84000 25.333
46.86000 27.771
46.88000 26.132
46.90000 24.998
46.92000 21.362
46.94000 23.418
46.96000 23.866
46.98000 19.174
47.00000 18.773
47.02000 17.495
47.04000 17.823
47.06000 14.858
47.08000 16.860
47.10000 12.293
47.12000 8.657
47.14000 7.918
47.16000 9.099
47.18000 11.077
47.20000 13.636
47.22000 13.149
47.24000 8.028
47.26000 7.358
47.28000 9.724
47.30000 7.844
47.32000 7.251
47.34000 3.707
47.36000 4.534
47.38000 4.145
47.40000 1.897
47.42000 2.134
47.44000 5.865
47.46000 3.845
47.48000 4.323
47.50000 0.656
47.52000 0.963
47.54000 0.990
47.56000 2.858
47.58000 2.926
47.60000 1.070
47.62000 -0.020
47.64000 0.680
47.66000 0.761
47.68000 1.106
47.70000 0.065
47.72000 0.930
47.74000 -1.781
47.76000 -1.969
47.78000 2.753
47.80000 0.990
47.82000 2.199
47.84000 -0.477
47.86000 0.870
47.88000 4.531
47.90000 4.668
47.92000 5.759
47.94000 -0.174
47.96000 -0.158
47.98000 -0.776
48.00000 -0.796
48.02000 0.525
48.04000 1.072
48.06000 0.059
48.08000 2.605
48.10000 3.676
48.12000 4.084
48.14000 3.599
48.16000 4.880
48.18000 1.721
48.20000 3.362
48.22000 3.064
48.24000 1.976
48.26000 2.089
48.28000 4.212
48.30000 0.470
48.32000 -2.643
48.34000 2.632
48.36000 3.244
48.38000 1.432
48.40000 1.177
48.42000 2.233
48.44000 -0.151
48.46000 1.226
48.48000 4.821
48.50000 5.229
48.52000 3.094
48.54000 3.669
48.56000 0.801
48.58000 2.167
48.60000 4.615
48.62000 0.943
48.64000 -2.613
48.66000 -1.637
48.68000 -0.550
48.70000 0.085
48.72000 7.361
48.74000 7.527
48.76000 7.762
48.78000 4.444
48.80000 2.649
48.82000 0.636
48.84000 0.443
48.86000 -1.834
48.88000 2.811
48.90000 6.041
48.92000 1.336
48.94000 -0.411
48.96000 1.392
48.98000 0.234
49.00000 2.022
49.02000 5.500
49.04000 2.991
49.06000 -2.012
49.08000 -0.080
49.10000 2.231
49.12000 6.081
49.14000 6.558
49.16000 7.309
49.18000 4.565
49.20000 0.136
49.22000 2.721
49.24000 4.477
49.26000 5.020
49.28000 2.724
49.30000 4.763
49.32000 2.092
49.34000 0.874
49.36000 1.466
49.38000 2.872
49.40000 4.659
49.42000 3.933
49.44000 3.044
49.46000 9.443
49.48000 8.175
49.50000 5.174
49.52000 3.331
49.54000 2.066
49.56000 4.728
49.58000 2.509
49.60000 2.883
49.62000 3.729
49.64000 4.809
49.66000 5.687
49.68000 0.557
49.70000 2.651
49.72000 6.312
49.74000 6.839
49.76000 4.719
49.78000 6.810
49.80000 2.669
49.82000 -2.520
49.84000 1.434
49.86000 4.042
49.88000 2.517
49.90000 -1.033
49.92000 3.905
49.94000 4.585
49.96000 5.151
49.98000 6.021
50.00000 7.235
50.02000 4.069
50.04000 4.321
50.06000 5.655
50.08000 3.238
50.10000 1.763
50.12000 4.606
50.14000 9.004
50.16000 6.436
50.18000 4.336
50.20000 5.115
50.22000 5.697
50.24000 6.000
50.26000 6.906
50.28000 7.943
50.30000 7.387
50.32000 7.676
50.34000 4.082
50.36000 2.528
50.38000 -0.360
50.40000 0.764
50.42000 3.874
50.44000 8.057
50.46000 6.970
50.48000 1.440
50.50000 1.842
50.52000 0.483
50.54000 -1.526
50.56000 1.016
50.58000 4.251
50.60000 4.398
50.62000 0.532
50.64000 1.537
50.66000 4.431
50.68000 2.885
50.70000 1.108
50.72000 1.057
50.74000 2.402
50.76000 4.258
50.78000 6.266
50.80000 2.238
50.82000 2.284
50.84000 1.176
50.86000 3.085
50.88000 0.960
50.90000 3.634
50.92000 2.529
50.94000 0.128
50.96000 2.533
50.98000 2.174
51.00000 2.145
51.02000 3.548
51.04000 -0.178
51.06000 -0.964
51.08000 2.327
51.10000 5.908
51.12000 5.022
51.14000 2.234
51.16000 1.344
51.18000 -0.963
51.20000 -2.284
51.22000 0.106
51.24000 3.982
51.26000 5.560
51.28000 3.116
51.30000 2.179
51.32000 3.291
51.34000 1.911
51.36000 1.553
51.38000 1.547
51.40000 3.260
51.42000 8.384
51.44000 6.119
51.46000 3.484
51.48000 7.540
51.50000 5.116
51.52000 -2.470
51.54000 -0.110
51.56000 2.357
51.58000 4.198
51.60000 5.765
51.62000 6.431
51.64000 4.757
51.66000 6.740
51.68000 1.986
51.70000 0.892
51.72000 3.817
51.74000 2.606
51.76000 5.618
51.78000 3.666
51.80000 1.307
51.82000 1.452
51.84000 2.232
51.86000 5.363
51.88000 0.918
51.90000 0.357
51.92000 2.128
51.94000 5.600
51.96000 6.480
51.98000 4.284
52.00000 3.599
52.02000 3.640
52.04000 -0.353
52.06000 5.427
52.08000 6.323
52.10000 8.475
52.12000 1.724
52.14000 -2.453
52.16000 1.433
52.18000 3.972
52.20000 6.404
52.22000 4.628
52.24000 1.411
52.26000 3.293
52.28000 1.992
52.30000 1.943
52.32000 0.762
52.34000 3.978
52.36000 0.938
52.38000 6.039
52.40000 3.010
52.42000 1.628
52.44000 2.132
52.46000 0.179
52.48000 0.203
52.50000 1.126
52.52000 3.631
52.54000 1.567
52.56000 3.661
52.58000 5.723
52.60000 5.023
52.62000 -0.073
52.64000 1.948
52.66000 1.806
52.68000 3.465
52.70000 2.380
52.72000 2.138
52.74000 6.145
52.76000 4.659
52.78000 1.960
52.80000 3.841
52.82000 3.732
52.84000 3.108
52.86000 2.394
52.88000 0.913
52.90000 0.213
52.92000 -0.040
52.94000 1.760
52.96000 4.321
52.98000 5.096
53.00000 5.132
53.02000 1.480
53.04000 0.720
53.06000 -2.457
53.08000 1.143
53.10000 3.158
53.12000 3.597
53.14000 2.394
53.16000 2.515
53.18000 0.198
53.20000 0.498
53.22000 1.076
53.24000 1.468
53.26000 1.985
53.28000 -0.459
53.30000 -2.390
53.32000 0.805
53.34000 2.695
53.36000 2.810
53.38000 -1.171
53.40000 0.066
53.42000 1.253
53.44000 1.275
53.46000 4.028
53.48000 4.559
53.50000 5.993
53.52000 3.810
53.54000 0.229
53.56000 1.124
53.58000 3.069
53.60000 0.537
53.62000 0.380
53.64000 1.400
53.66000 -1.570
53.68000 0.115
53.70000 0.793
53.72000 1.350
53.74000 0.274
53.76000 1.765
53.78000 0.621
53.80000 -1.016
53.82000 -0.263
53.84000 1.553
53.86000 2.304
53.88000 4.502
53.90000 -0.407
53.92000 -0.496
53.94000 -1.398
53.96000 0.155
53.98000 -0.493
54.00000 2.091
54.02000 0.291
54.04000 0.361
54.06000 0.551
54.08000 -0.780
54.10000 5.401
54.12000 5.253
54.14000 2.933
54.16000 0.119
54.18000 3.195
54.20000 5.464
54.22000 3.565
54.24000 0.820
54.26000 2.061
54.28000 2.954
54.30000 2.284
54.32000 2.351
54.34000 0.117
54.36000 4.559
54.38000 6.941
54.40000 1.989
54.42000 3.391
54.44000 4.203
54.46000 4.358
54.48000 2.809
54.50000 4.893
54.52000 3.830
54.54000 1.215
54.56000 3.458
54.58000 1.589
54.60000 -0.552
54.62000 3.108
54.64000 3.855
54.66000 1.367
54.68000 0.382
54.70000 4.996
54.72000 5.767
54.74000 8.842
54.76000 6.661
54.78000 4.742
54.80000 0.062
54.82000 2.834
54.84000 2.667
54.86000 5.811
54.88000 3.857
54.90000 3.206
54.92000 5.311
54.94000 4.830
54.96000 0.023
54.98000 -2.350
55.00000 0.863
55.02000 4.023
55.04000 4.790
55.06000 6.882
55.08000 3.638
55.10000 2.344
55.12000 4.221
55.14000 8.504
55.16000 5.791
55.18000 8.634
55.20000 7.110
55.22000 5.099
55.24000 2.645
55.26000 1.655
55.28000 -0.074
55.30000 2.084
55.32000 2.097
55.34000 3.034
55.36000 4.963
55.38000 5.274
55.40000 6.134
55.42000 3.560
55.44000 2.483
55.46000 1.430
55.48000 3.156
55.50000 8.193
55.52000 6.139
55.54000 3.836
55.56000 2.169
55.58000 2.695
55.60000 5.594
55.62000 5.081
55.64000 1.918
55.66000 -0.678
55.68000 -1.623
55.70000 1.161
55.72000 3.202
55.74000 5.455
55.76000 5.445
55.78000 3.922
55.80000 1.825
55.82000 0.000
55.84000 2.833
55.86000 2.143
55.88000 0.513
55.90000 2.746
55.92000 2.128
55.94000 3.960
55.96000 5.536
55.98000 2.340
56.00000 6.587
56.02000 2.788
56.04000 1.097
56.06000 2.045
56.08000 2.379
56.10000 1.323
56.12000 2.750
56.14000 2.203
56.16000 -0.191
56.18000 3.650
56.20000 -1.119
56.22000 -0.287
56.24000 2.905
56.26000 0.535
56.28000 2.816
56.30000 2.647
56.32000 0.881
56.34000 2.246
56.36000 0.696
56.38000 2.795
56.40000 2.791
56.42000 0.309
56.44000 -1.611
56.46000 1.506
56.48000 2.761
56.50000 2.637
56.52000 4.165
56.54000 2.332
56.56000 0.886
56.58000 -0.631
56.60000 3.502
56.62000 3.005
56.64000 4.978
56.66000 4.435
56.68000 1.855
56.70000 -0.643
56.72000 -2.343
56.74000 2.683
56.76000 2.203
56.78000 -0.309
56.80000 1.410
56.82000 0.447
56.84000 -0.523
56.86000 -0.021
56.88000 -0.067
56.90000 -0.170
56.92000 2.344
56.94000 2.197
56.96000 2.626
56.98000 0.913
57.00000 -1.827
57.02000 -2.372
57.04000 -2.050
57.06000 1.137
57.08000 2.983
57.10000 -0.125
57.12000 0.658
57.14000 1.548
57.16000 -1.040
57.18000 -1.008
57.20000 1.030
57.22000 2.273
57.24000 4.885
57.26000 3.563
57.28000 4.911
57.30000 2.510
57.32000 -0.454
57.34000 -2.357
57.36000 -1.563
57.38000 3.258
57.40000 1.224
57.42000 2.913
57.44000 2.728
57.46000 3.037
57.48000 1.725
57.50000 2.735
57.52000 1.011
57.54000 1.263
57.56000 3.178
57.58000 4.497
57.60000 3.221
57.62000 0.058
57.64000 -0.042
57.66000 4.925
57.68000 2.369
57.70000 2.056
57.72000 -0.548
57.74000 0.738
57.76000 2.406
57.78000 -0.754
57.80000 -2.351
57.82000 -1.491
57.84000 -0.333
57.86000 1.381
57.88000 3.416
57.90000 3.259
57.92000 2.519
57.94000 -2.028
57.96000 -2.347
57.98000 -0.973
58.00000 0.338
58.02000 1.499
58.04000 0.153
58.06000 -2.344
58.08000 -1.140
58.10000 2.541
58.12000 3.568
58.14000 3.200
58.16000 2.355
58.18000 3.948
58.20000 2.936
58.22000 2.453
58.24000 0.735
58.26000 1.796
58.28000 -1.148
58.30000 -0.015
58.32000 3.048
58.34000 0.252
58.36000 -1.667
58.38000 -1.561
58.40000 -1.522
58.42000 -0.488
58.44000 1.215
58.46000 -0.077
58.48000 0.929
58.50000 4.461
58.52000 1.787
58.54000 0.387
58.56000 0.357
58.58000 2.487
58.60000 5.176
58.62000 5.394
58.64000 3.848
58.66000 2.778
58.68000 0.318
58.70000 1.193
58.72000 2.254
58.74000 5.310
58.76000 1.546
58.78000 2.051
58.80000 2.000
58.82000 1.558
58.84000 0.748
58.86000 1.981
58.88000 0.840
58.90000 -1.123
58.92000 -1.527
58.94000 -2.292
58.96000 -1.606
58.98000 1.063
59.00000 2.289
59.02000 3.005
59.04000 4.731
59.06000 1.770
59.08000 0.458
59.10000 1.510
59.12000 1.485
59.14000 0.820
59.16000 1.385
59.18000 3.691
59.20000 4.148
59.22000 6.205
59.24000 1.976
59.26000 2.392
59.28000 2.351
59.30000 0.709
59.32000 3.601
59.34000 4.636
59.36000 6.226
59.38000 1.818
59.40000 2.102
59.42000 3.719
59.44000 1.008
59.46000 0.371
59.48000 -0.277
59.50000 3.567
59.52000 2.155
59.54000 1.775
59.56000 0.228
59.58000 -1.174
59.60000 -1.643
59.62000 1.699
59.64000 -1.648
59.66000 0.299
59.68000 3.508
59.70000 4.154
59.72000 3.299
59.74000 1.113
59.76000 3.684
59.78000 1.293
59.80000 -0.534
59.82000 1.356
59.84000 4.776
59.86000 3.813
59.88000 3.596
59.90000 2.710
59.92000 6.466
59.94000 6.402
59.96000 4.325
59.98000 5.707
60.00000 5.458
60.02000 0.570
60.04000 0.893
60.06000 1.053
60.08000 2.609
60.10000 0.020
60.12000 -1.373
60.14000 -0.187
60.16000 -2.285
60.18000 -0.629
60.20000 3.192
60.22000 4.017
60.24000 0.811
60.26000 1.829
60.28000 1.371
60.30000 1.780
60.32000 1.596
60.34000 0.918
60.36000 -0.221
60.38000 1.381
60.40000 1.954
60.42000 -1.060
60.44000 0.718
60.46000 2.755
60.48000 1.530
60.50000 0.490
60.52000 -2.123
60.54000 1.839
60.56000 1.308
60.58000 -0.076
60.60000 0.609
60.62000 2.881
60.64000 2.593
60.66000 1.096
60.68000 2.453
60.70000 2.380
60.72000 3.747
60.74000 4.468
60.76000 3.178
60.78000 1.968
60.80000 1.381
60.82000 -1.474
60.84000 0.959
60.86000 0.734
60.88000 0.141
60.90000 1.060
60.92000 -0.196
60.94000 -1.585
60.96000 0.934
60.98000 -2.252
61.00000 -2.244
61.02000 -0.439
61.04000 0.771
61.06000 3.072
61.08000 3.335
61.10000 2.330
61.12000 2.639
61.14000 1.106
61.16000 -0.181
61.18000 -2.192
61.20000 0.124
61.22000 2.869
61.24000 3.803
61.26000 3.549
61.28000 -0.158
61.30000 -0.441
61.32000 1.160
61.34000 2.576
61.36000 0.588
61.38000 0.900
61.40000 -0.474
61.42000 0.491
61.44000 1.525
61.46000 2.867
61.48000 3.363
61.50000 0.214
61.52000 -2.219
61.54000 -1.318
61.56000 2.973
61.58000 1.531
61.60000 1.196
61.62000 -0.353
61.64000 3.221
61.66000 3.783
61.68000 4.954
61.70000 5.071
61.72000 -0.767
61.74000 -1.206
61.76000 1.127
61.78000 2.735
61.80000 2.293
61.82000 0.390
61.84000 -1.710
61.86000 1.166
61.88000 4.656
61.90000 3.283
61.92000 3.153
61.94000 6.496
61.96000 4.572
61.98000 1.717
62.00000 -0.197
62.02000 -0.141
62.04000 1.308
62.06000 1.514
62.08000 0.489
62.10000 1.247
62.12000 3.576
62.14000 2.913
62.16000 -0.778
62.18000 -2.210
62.20000 -1.184
62.22000 1.884
62.24000 1.326
62.26000 1.247
62.28000 1.862
62.30000 4.311
62.32000 4.960
62.34000 2.361
62.36000 -0.048
62.38000 -0.545
62.40000 -0.604
62.42000 1.131
62.44000 1.195
62.46000 2.984
62.48000 2.687
62.50000 3.317
62.52000 1.764
62.54000 6.506
62.56000 1.321
62.58000 6.937
62.60000 5.997
62.62000 1.307
62.64000 1.658
62.66000 2.436
62.68000 0.726
62.70000 -0.392
62.72000 1.202
62.74000 2.028
62.76000 2.554
62.78000 4.558
62.80000 2.150
62.82000 1.355
62.84000 0.469
62.86000 -1.679
62.88000 2.030
62.90000 3.328
62.92000 2.742
62.94000 2.936
62.96000 1.227
62.98000 1.168
63.00000 1.743
63.02000 1.869
63.04000 3.190
63.06000 5.592
63.08000 5.368
63.10000 3.399
63.12000 1.692
63.14000 1.072
63.16000 1.764
63.18000 2.523
63.20000 -2.181
63.22000 0.425
63.24000 3.417
63.26000 3.529
63.28000 1.886
63.30000 3.174
63.32000 5.923
63.34000 1.283
63.36000 2.564
63.38000 2.483
63.40000 2.614
63.42000 4.366
63.44000 2.827
63.46000 -0.066
63.48000 -2.191
63.50000 1.465
63.52000 1.751
63.54000 -0.019
63.56000 3.391
63.58000 -0.155
63.60000 -1.235
63.62000 0.314
63.64000 1.579
63.66000 2.757
63.68000 2.627
63.70000 2.161
63.72000 4.122
63.74000 2.464
63.76000 0.035
63.78000 3.338
63.80000 2.572
63.82000 2.291
63.84000 1.495
63.86000 1.777
63.88000 1.241
63.90000 1.982
63.92000 -0.339
63.94000 -2.193
63.96000 2.028
63.98000 1.063
64.00000 0.745
64.02000 -0.203
64.04000 -0.136
64.06000 -0.635
64.08000 1.533
64.10000 1.858
64.12000 0.463
64.14000 1.757
64.16000 3.848
64.18000 4.785
64.20000 3.049
64.22000 3.502
64.24000 2.977
64.26000 0.775
64.28000 0.700
64.30000 0.327
64.32000 1.189
64.34000 -0.267
64.36000 0.659
64.38000 0.064
64.40000 -2.164
64.42000 1.623
64.44000 1.919
64.46000 3.338
64.48000 -0.467
64.50000 -0.430
64.52000 0.990
64.54000 1.120
64.56000 3.562
64.58000 3.118
64.60000 2.039
64.62000 2.002
64.64000 0.854
64.66000 0.473
64.68000 -0.584
64.70000 -0.109
64.72000 -0.168
64.74000 0.589
64.76000 1.219
64.78000 2.339
64.80000 -0.471
64.82000 2.401
64.84000 -0.191
64.86000 -0.675
64.88000 0.827
64.90000 1.799
64.92000 3.558
64.94000 0.312
64.96000 -0.094
64.98000 1.803
65.00000 3.225
65.02000 2.106
65.04000 -0.163
65.06000 0.388
65.08000 -2.002
65.10000 -0.131
65.12000 2.710
65.14000 3.229
65.16000 0.046
65.18000 0.464
65.20000 -0.427
65.22000 0.348
65.24000 0.774
65.26000 1.713
65.28000 1.147
65.30000 3.067
65.32000 -1.582
65.34000 -1.269
65.36000 0.468
65.38000 -2.196
65.40000 -0.177
65.42000 2.860
65.44000 1.035
65.46000 1.855
65.48000 0.599
65.50000 -0.918
65.52000 -1.936
65.54000 -1.284
65.56000 1.638
65.58000 2.985
65.60000 2.231
65.62000 3.047
65.64000 0.498
65.66000 -2.207
65.68000 -1.436
65.70000 -1.368
65.72000 1.451
65.74000 1.661
65.76000 0.730
65.78000 4.370
65.80000 5.019
65.82000 3.484
65.84000 0.227
65.86000 1.157
65.88000 -1.062
65.90000 0.422
65.92000 1.159
65.94000 3.430
65.96000 1.155
65.98000 1.689
66.00000 -1.579
66.02000 -0.340
66.04000 0.687
66.06000 1.511
66.08000 2.009
66.10000 1.793
66.12000 -0.973
66.14000 -2.217
66.16000 1.167
66.18000 3.178
66.20000 1.940
66.22000 0.225
66.24000 0.208
66.26000 1.615
66.28000 2.542
66.30000 2.403
66.32000 2.900
66.34000 2.384
66.36000 2.551
66.38000 -0.141
66.40000 1.190
66.42000 0.074
66.44000 1.461
66.46000 -0.287
66.48000 3.661
66.50000 4.864
66.52000 5.586
66.54000 2.045
66.56000 2.129
66.58000 2.814
66.60000 1.618
66.62000 1.640
66.64000 1.707
66.66000 3.095
66.68000 -0.434
66.70000 0.919
66.72000 0.592
66.74000 2.570
66.76000 2.957
66.78000 4.585
66.80000 6.015
66.82000 6.677
66.84000 7.193
66.86000 6.851
66.88000 6.703
66.90000 5.769
66.92000 5.352
66.94000 7.312
66.96000 5.331
66.98000 9.796
67.00000 9.213
67.02000 9.478
67.04000 11.342
67.06000 10.028
67.08000 9.590
67.10000 8.088
67.12000 5.810
67.14000 7.296
67.16000 6.347
67.18000 8.233
67.20000 9.392
67.22000 13.528
67.24000 12.589
67.26000 12.273
67.28000 10.849
67.30000 11.281
67.32000 10.812
67.34000 9.353
67.36000 12.420
67.38000 10.205
67.40000 11.314
67.42000 11.437
67.44000 10.835
67.46000 9.396
67.48000 10.485
67.50000 9.448
67.52000 8.449
67.54000 8.038
67.56000 8.844
67.58000 9.781
67.60000 10.652
67.62000 9.534
67.64000 7.951
67.66000 9.214
67.68000 6.871
67.70000 6.226
67.72000 7.699
67.74000 9.859
67.76000 10.076
67.78000 7.742
67.80000 7.778
67.82000 6.646
67.84000 6.725
67.86000 6.956
67.88000 6.269
67.90000 5.225
67.92000 4.884
67.94000 4.266
67.96000 5.265
67.98000 5.453
68.00000 4.608
68.02000 2.966
68.04000 3.144
68.06000 5.357
68.08000 3.828
68.10000 0.444
68.12000 4.309
68.14000 3.547
68.16000 2.747
68.18000 2.976
68.20000 3.737
68.22000 3.126
68.24000 1.758
68.26000 0.522
68.28000 1.564
68.30000 1.332
68.32000 1.731
68.34000 2.975
68.36000 2.176
68.38000 -0.429
68.40000 1.879
68.42000 1.457
68.44000 -0.243
68.46000 -0.771
68.48000 0.627
68.50000 1.838
68.52000 1.423
68.54000 0.263
68.56000 -0.033
68.58000 1.068
68.60000 0.109
68.62000 -1.519
68.64000 -2.115
68.66000 -1.296
68.68000 0.740
68.70000 1.230
68.72000 0.170
68.74000 2.958
68.76000 2.977
68.78000 1.617
68.80000 2.076
68.82000 -1.750
68.84000 1.409
68.86000 3.289
68.88000 1.151
68.90000 2.294
68.92000 1.071
68.94000 -0.408
68.96000 -1.207
68.98000 -0.169
69.00000 0.152
69.02000 -0.215
69.04000 0.051
69.06000 1.553
69.08000 2.908
69.10000 5.583
69.12000 3.729
69.14000 0.065
69.16000 -1.702
69.18000 -2.045
69.20000 0.599
69.22000 4.242
69.24000 6.145
69.26000 4.873
69.28000 1.790
69.30000 0.683
69.32000 0.225
69.34000 -0.188
69.36000 -0.855
69.38000 1.360
69.40000 2.094
69.42000 2.000
69.44000 2.722
69.46000 2.705
69.48000 3.575
69.50000 1.117
69.52000 -0.696
69.54000 -0.739
69.56000 -1.120
69.58000 -0.527
69.60000 -0.995
69.62000 -0.372
69.64000 1.156
69.66000 2.894
69.68000 1.624
69.70000 1.038
69.72000 -0.130
69.74000 2.382
69.76000 6.263
69.78000 4.396
69.80000 3.003
69.82000 3.087
69.84000 0.181
69.86000 0.179
69.88000 0.870
69.90000 0.054
69.92000 1.223
69.94000 2.704
69.96000 1.497
69.98000 2.431
70.00000 2.095
70.02000 -1.156
70.04000 -1.663
70.06000 -2.013
70.08000 0.297
70.10000 1.750
70.12000 3.755
70.14000 1.208
70.16000 -0.395
70.18000 1.695
70.20000 0.746
70.22000 -1.203
70.24000 -0.663
70.26000 0.720
70.28000 2.240
70.30000 -0.295
70.32000 -1.231
70.34000 -1.109
70.36000 2.100
70.38000 2.136
70.40000 3.196
70.42000 0.755
70.44000 0.030
70.46000 0.159
70.48000 -1.443
70.50000 -1.020
70.52000 2.940
70.54000 -0.005
70.56000 -0.392
70.58000 -1.158
70.60000 1.826
70.62000 1.639
70.64000 -0.863
70.66000 -0.588
70.68000 0.459
70.70000 -0.358
70.72000 -0.046
70.74000 1.160
70.76000 1.161
70.78000 -1.239
70.80000 -0.799
70.82000 -0.906
70.84000 -0.221
70.86000 0.633
70.88000 0.648
70.90000 1.098
70.92000 0.869
70.94000 0.843
70.96000 -0.968
70.98000 0.811
71.00000 1.412
71.02000 0.718
71.04000 -1.461
71.06000 0.490
71.08000 -0.363
71.10000 -2.000
71.12000 -0.590
71.14000 2.628
71.16000 2.286
71.18000 1.347
71.20000 1.116
71.22000 2.362
71.24000 1.945
71.26000 -0.738
71.28000 -1.203
71.30000 -0.367
71.32000 -0.384
71.34000 1.601
71.36000 1.543
71.38000 0.282
71.40000 1.664
71.42000 1.053
71.44000 -1.412
71.46000 -0.450
71.48000 1.864
71.50000 1.491
71.52000 1.464
71.54000 0.772
71.56000 2.245
71.58000 1.956
71.60000 0.027
71.62000 -0.084
71.64000 0.841
71.66000 0.476
71.68000 1.208
71.70000 2.943
71.72000 1.970
71.74000 1.979
71.76000 0.520
71.78000 0.401
71.80000 0.813
71.82000 0.962
71.84000 1.888
71.86000 3.085
71.88000 1.675
71.90000 1.166
71.92000 -0.876
71.94000 0.083
71.96000 0.581
71.98000 -1.938
72.00000 0.045
72.02000 -0.120
72.04000 1.516
72.06000 0.150
72.08000 -0.603
72.10000 -0.500
72.12000 -0.061
72.14000 -0.046
72.16000 -1.301
72.18000 1.880
72.20000 1.796
72.22000 1.477
72.24000 2.392
72.26000 0.152
72.28000 3.847
72.30000 4.159
72.32000 3.293
72.34000 2.219
72.36000 4.151
72.38000 8.307
72.40000 5.529
72.42000 4.374
72.44000 3.808
72.46000 3.153
72.48000 -1.350
72.50000 -1.868
72.52000 -1.566
72.54000 2.791
72.56000 6.969
72.58000 4.208
72.60000 2.493
72.62000 0.545
72.64000 2.242
72.66000 3.540
72.68000 5.056
72.70000 2.856
72.72000 2.870
72.74000 1.869
72.76000 3.475
72.78000 6.126
72.80000 4.928
72.82000 1.771
72.84000 0.421
72.86000 2.908
72.88000 2.973
72.90000 3.190
72.92000 4.217
72.94000 1.414
72.96000 -0.475
72.98000 1.973
73.00000 1.211
73.02000 2.493
73.04000 1.914
73.06000 4.098
73.08000 3.965
73.10000 0.787
73.12000 1.176
73.14000 0.734
73.16000 -0.141
73.18000 -0.199
73.20000 1.001
73.22000 0.873
73.24000 0.787
73.26000 -0.146
73.28000 -0.238
73.30000 -0.897
73.32000 -1.705
73.34000 -0.802
73.36000 0.086
73.38000 -1.035
73.40000 2.692
73.42000 4.032
73.44000 3.079
73.46000 0.544
73.48000 1.738
73.50000 3.377
73.52000 2.058
73.54000 2.443
73.56000 1.025
73.58000 2.019
73.60000 5.648
73.62000 3.720
73.64000 3.164
73.66000 0.110
73.68000 -1.193
73.70000 -1.726
73.72000 0.268
73.74000 -0.222
73.76000 2.222
73.78000 2.050
73.80000 2.788
73.82000 4.245
73.84000 0.316
73.86000 0.950
73.88000 2.204
73.90000 1.437
73.92000 -1.294
73.94000 -0.655
73.96000 0.914
73.98000 1.651
74.00000 0.994
74.02000 2.320
74.04000 2.388
74.06000 -0.083
74.08000 2.073
74.10000 1.012
74.12000 1.576
74.14000 2.848
74.16000 4.347
74.18000 2.663
74.20000 1.799
74.22000 4.404
74.24000 2.378
74.26000 0.224
74.28000 1.525
74.30000 2.707
74.32000 5.827
74.34000 2.432
74.36000 0.959
74.38000 0.810
74.40000 -1.868
74.42000 1.824
74.44000 4.373
74.46000 6.770
74.48000 3.285
74.50000 2.038
74.52000 1.959
74.54000 2.158
74.56000 2.593
74.58000 3.321
74.60000 3.896
74.62000 0.834
74.64000 2.115
74.66000 1.794
74.68000 0.461
74.70000 4.048
74.72000 5.110
74.74000 2.778
74.76000 2.146
74.78000 1.144
74.80000 -0.293
74.82000 -0.210
74.84000 0.417
74.86000 0.636
74.88000 2.711
74.90000 2.899
74.92000 1.707
74.94000 2.028
74.96000 1.157
74.98000 1.864
75.00000 2.941
75.02000 4.060
75.04000 3.411
75.06000 1.944
75.08000 0.098
75.10000 0.615
75.12000 1.379
75.14000 2.573
75.16000 4.452
75.18000 1.075
75.20000 -0.204
75.22000 -0.166
75.24000 0.260
75.26000 1.296
75.28000 0.235
75.30000 2.374
75.32000 1.609
75.34000 5.664
75.36000 4.018
75.38000 2.290
75.40000 0.274
75.42000 1.326
75.44000 -0.519
75.46000 -1.147
75.48000 -1.897
75.50000 -1.043
75.52000 0.190
75.54000 2.139
75.56000 0.169
75.58000 2.859
75.60000 1.815
75.62000 0.312
75.64000 2.868
75.66000 3.297
75.68000 -0.562
75.70000 -0.300
75.72000 1.558
75.74000 4.388
75.76000 3.494
75.78000 1.041
75.80000 1.189
75.82000 1.167
75.84000 -0.781
75.86000 2.009
75.88000 3.714
75.90000 2.568
75.92000 2.025
75.94000 -0.130
75.96000 0.571
75.98000 0.826
76.00000 -1.886
76.02000 -1.758
76.04000 -0.790
76.06000 0.478
76.08000 0.371
76.10000 3.992
76.12000 2.079
76.14000 -0.249
76.16000 -1.509
76.18000 0.133
76.20000 1.035
76.22000 3.394
76.24000 7.266
76.26000 6.426
76.28000 5.856
76.30000 5.729
76.32000 2.415
76.34000 1.379
76.36000 1.817
76.38000 2.385
76.40000 0.550
76.42000 -1.587
76.44000 2.526
76.46000 2.715
76.48000 1.510
76.50000 1.690
76.52000 3.682
76.54000 3.703
76.56000 1.243
76.58000 3.450
76.60000 2.293
76.62000 3.346
76.64000 4.361
76.66000 3.041
76.68000 1.880
76.70000 2.929
76.72000 1.657
76.74000 1.352
76.76000 2.111
76.78000 1.242
76.80000 0.156
76.82000 1.426
76.84000 0.535
76.86000 -0.227
76.88000 -0.697
76.90000 2.035
76.92000 3.581
76.94000 2.396
76.96000 0.444
76.98000 -0.981
77.00000 0.524
77.02000 2.400
77.04000 0.350
77.06000 0.440
77.08000 0.798
77.10000 3.198
77.12000 1.814
77.14000 1.536
77.16000 0.093
77.18000 -0.615
77.20000 0.667
77.22000 -0.969
77.24000 -1.302
77.26000 -1.914
77.28000 0.619
77.30000 2.004
77.32000 4.030
77.34000 4.201
77.36000 2.870
77.38000 2.334
77.40000 0.418
77.42000 0.316
77.44000 4.688
77.46000 2.936
77.48000 1.599
77.50000 1.944
77.52000 0.786
77.54000 1.170
77.56000 1.270
77.58000 1.580
77.60000 0.586
77.62000 4.253
77.64000 5.716
77.66000 3.306
77.68000 0.065
77.70000 -0.846
77.72000 -0.267
77.74000 0.173
77.76000 0.899
77.78000 0.842
77.80000 2.455
77.82000 1.770
77.84000 1.646
77.86000 2.410
77.88000 3.129
77.90000 2.782
77.92000 -1.119
77.94000 -0.484
77.96000 -0.092
77.98000 2.323
78.00000 4.786
78.02000 2.916
78.04000 0.734
78.06000 1.475
78.08000 1.993
78.10000 -0.135
78.12000 2.457
78.14000 2.877
78.16000 0.864
78.18000 0.603
78.20000 -1.966
78.22000 -0.492
78.24000 1.923
78.26000 2.438
78.28000 1.281
78.30000 -1.133
78.32000 1.019
78.34000 2.821
78.36000 4.187
78.38000 3.862
78.40000 2.466
78.42000 1.275
78.44000 2.409
78.46000 1.636
78.48000 0.005
78.50000 1.303
78.52000 3.507
78.54000 1.787
78.56000 -0.383
78.58000 -0.419
78.60000 1.515
78.62000 -0.883
78.64000 1.888
78.66000 4.543
78.68000 4.108
78.70000 3.243
78.72000 5.067
78.74000 2.960
78.76000 0.715
78.78000 2.666
78.80000 4.306
78.82000 3.484
78.84000 4.676
78.86000 1.983
78.88000 0.163
78.90000 1.947
78.92000 -0.503
78.94000 -1.973
78.96000 0.255
78.98000 2.320
79.00000 4.532
79.02000 4.215
79.04000 3.310
79.06000 0.929
79.08000 1.390
79.10000 2.622
79.12000 2.808
79.14000 2.019
79.16000 2.684
79.18000 0.792
79.20000 2.506
79.22000 4.821
79.24000 3.585
79.26000 1.303
79.28000 0.766
79.30000 0.127
79.32000 1.457
79.34000 3.154
79.36000 2.142
79.38000 3.476
79.40000 2.767
79.42000 2.062
79.44000 -0.646
79.46000 4.483
79.48000 1.814
79.50000 0.189
79.52000 1.355
79.54000 4.952
79.56000 4.361
79.58000 1.102
79.60000 2.730
79.62000 0.679
79.64000 -0.018
79.66000 -2.056
79.68000 -0.216
79.70000 3.337
79.72000 3.485
79.74000 3.457
79.76000 4.314
79.78000 4.537
79.80000 3.428
79.82000 0.847
79.84000 1.037
79.86000 1.590
79.88000 3.206
79.90000 1.888
79.92000 1.524
79.94000 1.748
79.96000 0.946
79.98000 0.337
80.00000 2.679
80.02000 7.352
80.04000 4.639
80.06000 4.878
80.08000 2.335
80.10000 2.007
80.12000 3.688
80.14000 4.511
80.16000 3.375
80.18000 5.600
80.20000 4.660
80.22000 7.792
80.24000 5.891
80.26000 4.447
80.28000 4.667
80.30000 4.449
80.32000 3.033
80.34000 3.802
80.36000 3.098
80.38000 4.805
80.40000 8.440
80.42000 7.655
80.44000 5.812
80.46000 4.494
80.48000 8.424
80.50000 6.735
80.52000 9.241
80.54000 9.631
80.56000 12.690
80.58000 13.550
80.60000 7.159
80.62000 5.108
80.64000 8.257
80.66000 9.445
80.68000 7.479
80.70000 8.345
80.72000 11.665
80.74000 13.200
80.76000 10.924
80.78000 13.020
80.80000 10.157
80.82000 9.270
80.84000 13.113
80.86000 16.148
80.88000 17.398
80.90000 14.809
80.92000 15.114
80.94000 12.605
80.96000 14.930
80.98000 12.580
81.00000 11.424
81.02000 12.723
81.04000 14.493
81.06000 14.594
81.08000 14.307
81.10000 16.676
81.12000 19.125
81.14000 18.050
81.16000 14.262
81.18000 16.104
81.20000 18.363
81.22000 20.177
81.24000 17.657
81.26000 16.804
81.28000 16.437
81.30000 16.177
81.32000 17.760
81.34000 17.119
81.36000 18.764
81.38000 19.424
81.40000 16.124
81.42000 18.921
81.44000 15.417
81.46000 18.280
81.48000 19.420
81.50000 16.118
81.52000 15.973
81.54000 17.706
81.56000 17.554
81.58000 14.541
81.60000 13.832
81.62000 13.570
81.64000 13.019
81.66000 12.671
81.68000 11.016
81.70000 11.255
81.72000 10.268
81.74000 11.239
81.76000 11.618
81.78000 12.166
81.80000 14.544
81.82000 14.949
81.84000 16.814
81.86000 11.840
81.88000 11.035
81.90000 9.905
81.92000 8.815
81.94000 10.222
81.96000 14.390
81.98000 13.412
82.00000 11.186
82.02000 6.192
82.04000 7.147
82.06000 8.110
82.08000 8.411
82.10000 6.333
82.12000 3.838
82.14000 3.026
82.16000 3.753
82.18000 6.841
82.20000 7.651
82.22000 8.183
82.24000 8.984
82.26000 6.338
82.28000 2.515
82.30000 2.332
82.32000 3.051
82.34000 1.884
82.36000 4.252
82.38000 7.137
82.40000 6.983
82.42000 2.294
82.44000 3.886
82.46000 6.043
82.48000 4.723
82.50000 4.281
82.52000 2.483
82.54000 0.365
82.56000 1.070
82.58000 2.379
82.60000 3.249
82.62000 0.433
82.64000 -0.990
82.66000 2.728
82.68000 2.914
82.70000 2.963
82.72000 3.428
82.74000 0.016
82.76000 1.322
82.78000 0.913
82.80000 0.299
82.82000 1.196
82.84000 -0.690
82.86000 -2.075
82.88000 0.718
82.90000 0.946
82.92000 2.087
82.94000 4.042
82.96000 1.653
82.98000 -1.506
83.00000 -0.441
83.02000 1.789
83.04000 1.853
83.06000 1.524
83.08000 -0.222
83.10000 -2.055
83.12000 -1.216
83.14000 0.305
83.16000 0.345
83.18000 0.132
83.20000 0.091
83.22000 0.639
83.24000 2.413
83.26000 4.150
83.28000 0.795
83.30000 -1.646
83.32000 2.238
83.34000 0.962
83.36000 -1.299
83.38000 -1.098
83.40000 1.485
83.42000 -0.515
83.44000 -2.068
83.46000 1.265
83.48000 3.656
83.50000 1.652
83.52000 -1.368
83.54000 -1.699
83.56000 -0.953
83.58000 -1.893
83.60000 -2.071
83.62000 -0.396
83.64000 -0.016
83.66000 1.326
83.68000 0.793
83.70000 -0.468
83.72000 -2.072
83.74000 -1.180
83.76000 1.436
83.78000 3.664
83.80000 3.485
83.82000 5.095
83.84000 6.381
83.86000 3.055
83.88000 0.393
83.90000 1.749
83.92000 3.514
83.94000 0.461
83.96000 2.783
83.98000 2.607
84.00000 0.227
84.02000 -1.355
84.04000 1.407
84.06000 2.871
84.08000 0.452
84.10000 1.032
84.12000 0.556
84.14000 3.555
84.16000 3.729
84.18000 4.179
84.20000 1.980
84.22000 2.261
84.24000 1.417
84.26000 6.185
84.28000 7.907
84.30000 5.909
84.32000 7.402
84.34000 5.925
84.36000 9.356
84.38000 3.444
84.40000 3.397
84.42000 5.556
84.44000 7.757
84.46000 4.617
84.48000 5.386
84.50000 7.629
84.52000 9.464
84.54000 7.570
84.56000 9.208
84.58000 9.133
84.60000 6.310
84.62000 6.785
84.64000 5.783
84.66000 8.753
84.68000 7.352
84.70000 9.947
84.72000 9.057
84.74000 10.096
84.76000 9.470
84.78000 12.321
84.80000 13.730
84.82000 16.393
84.84000 16.636
84.86000 15.598
84.88000 13.442
84.90000 12.304
84.92000 14.007
84.94000 15.506
84.96000 15.297
84.98000 12.269
85.00000 13.936
85.02000 14.566
85.04000 18.368
85.06000 15.911
85.08000 13.319
85.10000 14.105
85.12000 14.347
85.14000 14.169
85.16000 16.509
85.18000 18.573
85.20000 18.345
85.22000 17.420
85.24000 15.968
85.26000 12.987
85.28000 16.419
85.30000 18.542
85.32000 16.191
85.34000 16.716
85.36000 17.963
85.38000 16.013
85.40000 15.479
85.42000 15.837
85.44000 17.255
85.46000 17.754
85.48000 18.152
85.50000 15.811
85.52000 11.050
85.54000 12.089
85.56000 14.363
85.58000 14.052
85.60000 13.416
85.62000 16.484
85.64000 14.522
85.66000 12.348
85.68000 10.896
85.70000 10.803
85.72000 10.738
85.74000 8.277
85.76000 12.059
85.78000 15.253
85.80000 15.032
85.82000 11.295
85.84000 11.510
85.86000 8.838
85.88000 9.641
85.90000 8.970
85.92000 7.400
85.94000 6.651
85.96000 7.367
85.98000 8.145
86.00000 6.983
86.02000 6.010
86.04000 4.822
86.06000 6.094
86.08000 8.044
86.10000 7.993
86.12000 4.600
86.14000 2.248
86.16000 1.432
86.18000 3.273
86.20000 1.638
86.22000 3.675
86.24000 3.722
86.26000 1.877
86.28000 3.647
86.30000 0.586
86.32000 0.818
86.34000 1.639
86.36000 3.808
86.38000 2.425
86.40000 1.818
86.42000 -0.875
86.44000 0.374
86.46000 2.087
86.48000 1.001
86.50000 -0.028
86.52000 1.068
86.54000 0.548
86.56000 1.978
86.58000 2.299
86.60000 0.901
86.62000 -1.064
86.64000 -1.048
86.66000 -1.297
86.68000 -1.917
86.70000 -0.809
86.72000 -1.570
86.74000 -0.573
86.76000 1.577
86.78000 0.097
86.80000 -1.292
86.82000 -1.893
86.84000 -1.127
86.86000 1.483
86.88000 3.797
86.90000 3.140
86.92000 1.812
86.94000 2.813
86.96000 4.162
86.98000 1.802
87.00000 0.378
87.02000 0.548
87.04000 -0.384
87.06000 0.939
87.08000 0.630
87.10000 3.264
87.12000 3.621
87.14000 0.029
87.16000 1.617
87.18000 0.858
87.20000 2.516
87.22000 0.956
87.24000 -1.834
87.26000 1.400
87.28000 0.502
87.30000 -1.831
87.32000 -1.562
87.34000 1.382
87.36000 0.556
87.38000 -0.823
87.40000 -0.599
87.42000 0.682
87.44000 1.330
87.46000 1.735
87.48000 0.666
87.50000 0.612
87.52000 0.083
87.54000 2.115
87.56000 1.616
87.58000 -0.543
87.60000 0.482
87.62000 0.270
87.64000 -0.559
87.66000 0.683
87.68000 -0.001
87.70000 0.429
87.72000 0.621
87.74000 3.533
87.76000 2.541
87.78000 2.371
87.80000 1.058
87.82000 0.194
87.84000 1.006
87.86000 2.018
87.88000 0.095
87.90000 1.022
87.92000 -0.206
87.94000 1.142
87.96000 2.254
87.98000 0.382
88.00000 -0.285
88.02000 1.378
88.04000 0.948
88.06000 0.316
88.08000 1.293
88.10000 1.652
88.12000 0.352
88.14000 3.397
88.16000 1.957
88.18000 4.885
88.20000 1.650
88.22000 -1.765
88.24000 0.117
88.26000 2.402
88.28000 0.847
88.30000 1.682
88.32000 1.105
88.34000 0.939
88.36000 0.639
88.38000 5.264
88.40000 3.928
88.42000 3.898
88.44000 -0.078
88.46000 1.676
88.48000 4.949
88.50000 6.387
88.52000 4.251
88.54000 1.554
88.56000 2.655
88.58000 3.641
88.60000 -0.654
88.62000 0.589
88.64000 2.130
88.66000 2.461
88.68000 3.604
88.70000 3.188
88.72000 0.432
88.74000 -1.765
88.76000 -0.026
88.78000 3.985
88.80000 4.586
88.82000 1.366
88.84000 0.593
88.86000 5.735
88.88000 3.438
88.90000 3.349
88.92000 3.960
88.94000 5.170
88.96000 0.900
88.98000 0.520
89.00000 -0.209
89.02000 -1.549
89.04000 0.682
89.06000 2.521
89.08000 3.214
89.10000 1.477
89.12000 -0.140
89.14000 0.888
89.16000 4.606
89.18000 4.112
89.20000 -0.378
89.22000 -1.566
89.24000 -0.601
89.26000 1.419
89.28000 2.540
89.30000 0.219
89.32000 -0.346
89.34000 -0.272
89.36000 2.409
89.38000 3.807
89.40000 3.765
89.42000 4.318
89.44000 2.930
89.46000 2.707
89.48000 2.864
89.50000 2.633
89.52000 2.296
89.54000 -1.777
89.56000 1.975
89.58000 4.872
89.60000 5.791
89.62000 2.318
89.64000 -0.383
89.66000 0.743
89.68000 -0.254
89.70000 2.379
89.72000 3.845
89.74000 2.557
89.76000 1.794
89.78000 1.830
89.80000 1.206
89.82000 0.152
89.84000 2.341
89.86000 0.881
89.88000 0.616
89.90000 4.116
89.92000 3.164
89.94000 1.968
89.96000 1.077
89.98000 0.283
90.00000 1.824
90.02000 3.242
90.04000 2.174
90.06000 0.618
90.08000 1.212
90.10000 5.914
90.12000 3.788
90.14000 3.558
90.16000 -1.755
90.18000 1.407
90.20000 4.265
90.22000 1.087
90.24000 1.471
90.26000 -0.476
90.28000 -0.221
90.30000 2.330
90.32000 2.908
90.34000 5.060
90.36000 3.642
90.38000 -0.690
90.40000 1.351
90.42000 -1.669
90.44000 1.838
90.46000 2.882
90.48000 1.793
90.50000 1.779
90.52000 2.242
90.54000 2.800
90.56000 1.996
90.58000 1.376
90.60000 0.351
90.62000 1.320
90.64000 3.158
90.66000 4.069
90.68000 0.591
90.70000 2.234
90.72000 1.097
90.74000 0.325
90.76000 -0.200
90.78000 0.515
90.80000 0.568
90.82000 0.497
90.84000 0.634
90.86000 1.484
90.88000 1.516
90.90000 2.329
90.92000 2.952
90.94000 1.240
90.96000 2.621
90.98000 2.073
91.00000 1.758
91.02000 4.370
91.04000 3.242
91.06000 2.289
91.08000 0.814
91.10000 0.160
91.12000 2.126
91.14000 2.672
91.16000 1.118
91.18000 0.264
91.20000 -0.967
91.22000 -0.984
91.24000 1.090
91.26000 3.747
91.28000 1.109
91.30000 -0.966
91.32000 0.818
91.34000 1.435
91.36000 3.670
91.38000 2.425
91.40000 2.305
91.42000 2.246
91.44000 3.940
91.46000 2.355
91.48000 1.332
91.50000 1.767
91.52000 3.434
91.54000 2.981
91.56000 1.230
91.58000 -0.620
91.60000 0.948
91.62000 2.332
91.64000 -0.268
91.66000 -1.745
91.68000 2.340
91.70000 1.841
91.72000 0.173
91.74000 2.161
91.76000 2.806
91.78000 1.213
91.80000 0.223
91.82000 4.223
91.84000 1.826
91.86000 3.753
91.88000 5.949
91.90000 5.561
91.92000 2.546
91.94000 3.934
91.96000 2.192
91.98000 1.327
92.00000 2.638
92.02000 3.291
92.04000 4.799
92.06000 3.414
92.08000 1.351
92.10000 1.210
92.12000 -0.960
92.14000 0.348
92.16000 2.833
92.18000 -0.543
92.20000 -0.511
92.22000 -0.466
92.24000 -1.398
92.26000 1.980
92.28000 3.825
92.30000 2.500
92.32000 1.060
92.34000 0.079
92.36000 0.578
92.38000 4.631
92.40000 0.515
92.42000 1.562
92.44000 1.448
92.46000 2.487
92.48000 -1.785
92.50000 -0.373
92.52000 1.960
92.54000 3.841
92.56000 3.878
92.58000 2.530
92.60000 2.944
92.62000 3.513
92.64000 1.447
92.66000 0.954
92.68000 2.353
92.70000 2.574
92.72000 1.477
92.74000 2.378
92.76000 2.543
92.78000 4.741
92.80000 3.447
92.82000 -0.181
92.84000 -0.571
92.86000 -1.302
92.88000 -1.803
92.90000 0.133
92.92000 2.234
92.94000 2.116
92.96000 1.375
92.98000 -0.224
93.00000 -0.603
93.02000 0.999
93.04000 3.170
93.06000 4.523
93.08000 2.751
93.10000 -0.477
93.12000 1.538
93.14000 -1.059
93.16000 -1.808
93.18000 1.709
93.20000 2.038
93.22000 1.560
93.24000 0.803
93.26000 -1.646
93.28000 0.010
93.30000 2.617
93.32000 1.225
93.34000 1.666
93.36000 5.238
93.38000 6.203
93.40000 2.374
93.42000 -0.474
93.44000 -0.961
93.46000 0.685
93.48000 1.881
93.50000 4.205
93.52000 5.733
93.54000 1.488
93.56000 -0.497
93.58000 1.139
93.60000 1.235
93.62000 5.128
93.64000 2.259
93.66000 0.599
93.68000 -1.065
93.70000 2.696
93.72000 1.519
93.74000 2.187
93.76000 -0.312
93.78000 -1.729
93.80000 -0.242
93.82000 0.856
93.84000 1.235
93.86000 2.627
93.88000 4.555
93.90000 2.890
93.92000 4.103
93.94000 3.891
93.96000 1.953
93.98000 0.344
94.00000 1.477
94.02000 2.009
94.04000 3.361
94.06000 7.283
94.08000 3.733
94.10000 0.517
94.12000 2.323
94.14000 3.206
94.16000 2.950
94.18000 3.118
94.20000 -0.235
94.22000 -1.771
94.24000 1.109
94.26000 4.284
94.28000 4.361
94.30000 1.485
94.32000 3.691
94.34000 5.982
94.36000 4.235
94.38000 2.269
94.40000 -0.355
94.42000 0.899
94.44000 5.141
94.46000 4.377
94.48000 4.744
94.50000 5.041
94.52000 3.811
94.54000 4.554
94.56000 4.008
94.58000 2.001
94.60000 -0.847
94.62000 1.361
94.64000 3.069
94.66000 1.079
94.68000 2.614
94.70000 1.368
94.72000 2.092
94.74000 0.353
94.76000 3.102
94.78000 2.381
94.80000 3.367
94.82000 3.331
94.84000 2.631
94.86000 2.931
94.88000 -1.232
94.90000 -1.781
94.92000 0.529
94.94000 4.243
94.96000 2.338
94.98000 1.692
95.00000 4.071
95.02000 2.872
95.04000 -0.249
95.06000 3.964
95.08000 3.036
95.10000 1.425
95.12000 1.598
95.14000 0.336
95.16000 2.499
95.18000 2.592
95.20000 3.536
95.22000 2.452
95.24000 3.264
95.26000 -0.484
95.28000 3.019
95.30000 3.634
95.32000 3.639
95.34000 6.126
95.36000 5.059
95.38000 0.912
95.40000 0.435
95.42000 1.240
95.44000 3.030
95.46000 3.548
95.48000 2.132
95.50000 1.404
95.52000 0.995
95.54000 -0.001
95.56000 1.445
95.58000 2.910
95.60000 2.173
95.62000 4.433
95.64000 -0.556
95.66000 0.260
95.68000 5.530
95.70000 5.427
95.72000 3.509
95.74000 2.409
95.76000 1.196
95.78000 1.457
95.80000 0.434
95.82000 3.368
95.84000 4.884
95.86000 -1.133
95.88000 0.565
95.90000 2.343
95.92000 4.382
95.94000 4.316
95.96000 2.981
95.98000 2.328
96.00000 2.245
96.02000 2.154
96.04000 2.442
96.06000 1.707
96.08000 -0.760
96.10000 -1.809
96.12000 -0.554
96.14000 -0.123
96.16000 3.317
96.18000 2.077
96.20000 3.851
96.22000 4.202
96.24000 4.320
96.26000 5.197
96.28000 2.371
96.30000 0.163
96.32000 0.446
96.34000 -1.740
96.36000 -1.035
96.38000 6.391
96.40000 2.750
96.42000 0.928
96.44000 4.401
96.46000 1.800
96.48000 -0.894
96.50000 0.455
96.52000 0.365
96.54000 3.518
96.56000 2.626
96.58000 4.478
96.60000 3.533
96.62000 0.506
96.64000 -1.793
96.66000 1.644
96.68000 3.004
96.70000 4.867
96.72000 5.284
96.74000 7.138
96.76000 7.615
96.78000 6.025
96.80000 4.856
96.82000 4.802
96.84000 8.918
96.86000 8.706
96.88000 4.046
96.90000 2.501
96.92000 7.544
96.94000 3.387
96.96000 0.718
96.98000 0.897
97.00000 5.949
97.02000 4.626
97.04000 5.029
97.06000 1.737
97.08000 -0.999
97.10000 1.834
97.12000 2.663
97.14000 2.199
97.16000 -0.018
97.18000 1.971
97.20000 -0.364
97.22000 0.786
97.24000 1.412
97.26000 -1.069
97.28000 0.393
97.30000 4.242
97.32000 1.469
97.34000 5.153
97.36000 5.013
97.38000 0.634
97.40000 -0.001
97.42000 1.853
97.44000 2.566
97.46000 -0.457
97.48000 1.636
97.50000 5.159
97.52000 6.039
97.54000 4.411
97.56000 1.897
97.58000 -0.128
97.60000 -1.740
97.62000 -1.219
97.64000 2.081
97.66000 3.470
97.68000 2.685
97.70000 3.011
97.72000 6.128
97.74000 8.402
97.76000 3.496
97.78000 4.427
97.80000 5.789
97.82000 3.011
97.84000 0.432
97.86000 0.755
97.88000 4.897
97.90000 4.662
97.92000 5.379
97.94000 2.867
97.96000 -0.302
97.98000 1.034
98.00000 -0.555
98.02000 4.370
98.04000 5.491
98.06000 2.510
98.08000 2.948
98.10000 5.094
98.12000 1.548
98.14000 0.175
98.16000 5.186
98.18000 9.301
98.20000 5.456
98.22000 5.270
98.24000 1.221
98.26000 0.005
98.28000 3.331
98.30000 7.430
98.32000 6.890
98.34000 5.478
98.36000 -1.528
98.38000 2.618
98.40000 1.464
98.42000 3.852
98.44000 5.467
98.46000 -0.543
98.48000 3.241
98.50000 -1.737
98.52000 2.858
98.54000 7.565
98.56000 8.874
98.58000 3.976
98.60000 4.372
98.62000 5.147
98.64000 9.017
98.66000 4.173
98.68000 4.066
98.70000 3.806
98.72000 1.256
98.74000 4.992
98.76000 4.770
98.78000 1.547
98.80000 5.114
98.82000 6.775
98.84000 4.641
98.86000 2.547
98.88000 3.349
98.90000 1.425
98.92000 2.274
98.94000 -1.190
98.96000 8.863
98.98000 8.014
99.00000 9.244
99.02000 8.673
99.04000 7.132
99.06000 7.730
99.08000 2.273
99.10000 3.855
99.12000 3.935
99.14000 6.454
99.16000 9.972
99.18000 7.575
99.20000 8.426
99.22000 7.625
99.24000 5.562
99.26000 10.872
99.28000 7.111
99.30000 2.778
99.32000 5.161
99.34000 6.784
99.36000 6.260
99.38000 8.817
99.40000 2.200
99.42000 5.283
99.44000 8.959
99.46000 6.513
99.48000 1.903
99.50000 2.765
99.52000 10.693
99.54000 6.057
99.56000 7.755
99.58000 10.334
99.60000 6.586
99.62000 11.898
99.64000 12.098
99.66000 -0.102
99.68000 -1.945
99.70000 8.269
99.72000 5.441
99.74000 9.572
99.76000 8.958
99.78000 5.335
99.80000 8.476
99.82000 2.612
99.84000 6.323
99.86000 3.137
99.88000 -1.788
99.90000 -0.695
99.92000 1.805
99.94000 2.110
99.96000 2.850
99.98000 0.000
