'Id: "0011387" Comment: "Integrate frame 0011387_Au-Ir-Rh_Rh-rich_XRD-Mapping-090-0000.gfrmwith cursor Wedge Cursor #5" Operator: "B?rgel" Anode: "Cu" Wavelength: "1.5406" Scantype: "2Theta (TwoTheta)" TimePerStep: "1" X: "27" Y: "-18" Z: "5.95" 
10.00000 0.000
10.02000 1.359
10.04000 -3.593
10.06000 -3.589
10.08000 1.971
10.10000 15.620
10.12000 19.664
10.14000 14.674
10.16000 8.473
10.18000 -3.580
10.20000 0.554
10.22000 -3.578
10.24000 0.653
10.26000 1.481
10.28000 0.200
10.30000 19.397
10.32000 8.676
10.34000 14.506
10.36000 16.113
10.38000 17.442
10.40000 17.380
10.42000 18.927
10.44000 12.197
10.46000 20.134
10.48000 15.881
10.50000 19.059
10.52000 18.791
10.54000 7.664
10.56000 8.207
10.58000 15.035
10.60000 22.125
10.62000 28.318
10.64000 24.290
10.66000 19.216
10.68000 18.145
10.70000 15.716
10.72000 18.017
10.74000 19.506
10.76000 24.433
10.78000 11.680
10.80000 8.470
10.82000 9.017
10.84000 20.886
10.86000 28.411
10.88000 18.708
10.90000 11.295
10.92000 15.346
10.94000 28.867
10.96000 20.396
10.98000 18.077
11.00000 18.275
11.02000 16.397
11.04000 24.245
11.06000 24.640
11.08000 16.186
11.10000 17.755
11.12000 27.271
11.14000 28.489
11.16000 20.652
11.18000 12.718
11.20000 21.693
11.22000 33.129
11.24000 42.892
11.26000 28.982
11.28000 18.328
11.30000 20.981
11.32000 21.066
11.34000 15.808
11.36000 9.329
11.38000 25.970
11.40000 30.795
11.42000 28.359
11.44000 30.461
11.46000 28.589
11.48000 7.417
11.50000 7.778
11.52000 13.167
11.54000 28.595
11.56000 38.251
11.58000 32.028
11.60000 27.205
11.62000 22.445
11.64000 28.430
11.66000 37.401
11.68000 29.153
11.70000 27.593
11.72000 21.460
11.74000 17.241
11.76000 34.183
11.78000 41.807
11.80000 40.939
11.82000 22.857
11.84000 29.212
11.86000 23.478
11.88000 24.079
11.90000 26.723
11.92000 25.815
11.94000 33.558
11.96000 26.457
11.98000 26.215
12.00000 32.499
12.02000 32.071
12.04000 30.115
12.06000 36.494
12.08000 38.695
12.10000 27.939
12.12000 22.296
12.14000 24.450
12.16000 25.487
12.18000 17.003
12.20000 16.317
12.22000 32.773
12.24000 33.243
12.26000 21.694
12.28000 30.255
12.30000 35.977
12.32000 27.771
12.34000 21.973
12.36000 30.251
12.38000 33.589
12.40000 25.838
12.42000 36.838
12.44000 38.041
12.46000 32.816
12.48000 38.551
12.50000 37.411
12.52000 39.080
12.54000 35.329
12.56000 30.002
12.58000 40.524
12.60000 38.522
12.62000 38.801
12.64000 28.600
12.66000 20.213
12.68000 22.527
12.70000 29.181
12.72000 25.572
12.74000 23.722
12.76000 27.195
12.78000 27.071
12.80000 21.059
12.82000 35.151
12.84000 38.909
12.86000 38.264
12.88000 42.228
12.90000 30.200
12.92000 25.475
12.94000 32.898
12.96000 31.503
12.98000 27.118
13.00000 27.442
13.02000 22.461
13.04000 24.798
13.06000 32.482
13.08000 32.472
13.10000 33.765
13.12000 28.788
13.14000 17.644
13.16000 20.293
13.18000 22.202
13.20000 17.733
13.22000 21.208
13.24000 25.949
13.26000 24.975
13.28000 27.861
13.30000 30.997
13.32000 32.120
13.34000 36.119
13.36000 32.248
13.38000 28.722
13.40000 27.991
13.42000 24.693
13.44000 13.932
13.46000 16.740
13.48000 26.358
13.50000 35.689
13.52000 29.172
13.54000 30.068
13.56000 22.247
13.58000 24.986
13.60000 19.493
13.62000 22.538
13.64000 17.885
13.66000 22.203
13.68000 30.225
13.70000 30.037
13.72000 25.602
13.74000 33.225
13.76000 35.865
13.78000 31.231
13.80000 24.684
13.82000 32.532
13.84000 25.352
13.86000 21.624
13.88000 20.204
13.90000 22.551
13.92000 31.810
13.94000 32.709
13.96000 25.000
13.98000 13.904
14.00000 15.877
14.02000 21.441
14.04000 25.330
14.06000 27.836
14.08000 23.347
14.10000 22.146
14.12000 22.253
14.14000 20.919
14.16000 18.343
14.18000 22.416
14.20000 28.602
14.22000 21.872
14.24000 27.432
14.26000 26.658
14.28000 21.786
14.30000 25.652
14.32000 27.585
14.34000 27.964
14.36000 20.964
14.38000 20.311
14.40000 22.372
14.42000 24.785
14.44000 25.184
14.46000 32.472
14.48000 26.213
14.50000 25.435
14.52000 28.189
14.54000 22.936
14.56000 18.664
14.58000 21.724
14.60000 24.368
14.62000 18.790
14.64000 13.099
14.66000 12.061
14.68000 13.716
14.70000 13.585
14.72000 20.319
14.74000 10.149
14.76000 10.479
14.78000 21.913
14.80000 13.778
14.82000 7.038
14.84000 14.726
14.86000 22.460
14.88000 22.510
14.90000 24.438
14.92000 17.081
14.94000 14.305
14.96000 12.614
14.98000 9.853
15.00000 13.213
15.02000 12.306
15.04000 17.983
15.06000 18.098
15.08000 12.835
15.10000 8.273
15.12000 10.726
15.14000 13.843
15.16000 14.257
15.18000 15.562
15.20000 10.723
15.22000 10.483
15.24000 9.725
15.26000 10.674
15.28000 14.687
15.30000 19.865
15.32000 18.604
15.34000 14.723
15.36000 9.392
15.38000 19.299
15.40000 17.377
15.42000 13.794
15.44000 15.371
15.46000 10.556
15.48000 14.176
15.50000 17.396
15.52000 7.158
15.54000 8.763
15.56000 14.395
15.58000 14.282
15.60000 13.345
15.62000 20.646
15.64000 20.781
15.66000 17.923
15.68000 11.948
15.70000 15.069
15.72000 9.784
15.74000 3.434
15.76000 10.238
15.78000 5.212
15.80000 8.151
15.82000 7.533
15.84000 5.070
15.86000 16.061
15.88000 19.241
15.90000 7.940
15.92000 12.719
15.94000 16.696
15.96000 9.948
15.98000 10.280
16.00000 9.919
16.02000 7.136
16.04000 6.516
16.06000 10.597
16.08000 11.197
16.10000 9.644
16.12000 11.351
16.14000 18.550
16.16000 14.892
16.18000 11.690
16.20000 9.455
16.22000 15.364
16.24000 17.195
16.26000 8.393
16.28000 4.329
16.30000 3.148
16.32000 8.755
16.34000 9.438
16.36000 11.478
16.38000 9.501
16.40000 7.955
16.42000 7.803
16.44000 8.304
16.46000 12.237
16.48000 7.496
16.50000 12.337
16.52000 11.309
16.54000 0.771
16.56000 -0.473
16.58000 6.958
16.60000 7.118
16.62000 4.848
16.64000 -3.796
16.66000 -4.349
16.68000 2.894
16.70000 -1.540
16.72000 1.820
16.74000 2.107
16.76000 5.649
16.78000 1.043
16.80000 0.994
16.82000 3.699
16.84000 8.003
16.86000 4.519
16.88000 11.352
16.90000 16.559
16.92000 10.687
16.94000 4.988
16.96000 -2.008
16.98000 3.251
17.00000 3.108
17.02000 5.980
17.04000 5.019
17.06000 11.740
17.08000 6.898
17.10000 7.725
17.12000 5.049
17.14000 8.691
17.16000 11.404
17.18000 7.383
17.20000 9.275
17.22000 15.156
17.24000 18.257
17.26000 11.408
17.28000 1.682
17.30000 2.279
17.32000 11.099
17.34000 4.835
17.36000 3.193
17.38000 11.133
17.40000 14.214
17.42000 2.992
17.44000 4.253
17.46000 6.491
17.48000 8.007
17.50000 6.175
17.52000 -0.391
17.54000 0.237
17.56000 3.749
17.58000 8.748
17.60000 6.198
17.62000 3.184
17.64000 0.459
17.66000 2.126
17.68000 2.114
17.70000 0.985
17.72000 4.298
17.74000 7.428
17.76000 11.170
17.78000 7.176
17.80000 8.081
17.82000 8.379
17.84000 2.354
17.86000 -3.993
17.88000 1.181
17.90000 11.474
17.92000 9.982
17.94000 13.057
17.96000 4.891
17.98000 2.927
18.00000 -1.132
18.02000 1.466
18.04000 4.038
18.06000 12.047
18.08000 13.136
18.10000 6.242
18.12000 3.447
18.14000 -1.876
18.16000 5.526
18.18000 -0.927
18.20000 -3.990
18.22000 -0.712
18.24000 -0.851
18.26000 2.912
18.28000 3.723
18.30000 4.787
18.32000 8.881
18.34000 5.250
18.36000 3.241
18.38000 4.195
18.40000 5.978
18.42000 12.352
18.44000 16.593
18.46000 8.740
18.48000 6.154
18.50000 10.880
18.52000 3.706
18.54000 0.957
18.56000 7.883
18.58000 5.326
18.60000 1.655
18.62000 0.085
18.64000 2.031
18.66000 2.481
18.68000 2.032
18.70000 2.590
18.72000 1.753
18.74000 -0.850
18.76000 -0.857
18.78000 1.909
18.80000 6.245
18.82000 1.980
18.84000 10.215
18.86000 10.487
18.88000 5.342
18.90000 5.395
18.92000 2.999
18.94000 6.439
18.96000 8.976
18.98000 4.693
19.00000 7.039
19.02000 9.708
19.04000 6.144
19.06000 2.638
19.08000 4.467
19.10000 6.445
19.12000 9.471
19.14000 7.639
19.16000 7.147
19.18000 8.320
19.20000 2.213
19.22000 -0.344
19.24000 4.102
19.26000 9.639
19.28000 13.238
19.30000 13.942
19.32000 8.326
19.34000 10.771
19.36000 3.072
19.38000 0.889
19.40000 4.915
19.42000 9.204
19.44000 3.008
19.46000 2.825
19.48000 2.586
19.50000 -1.160
19.52000 8.865
19.54000 13.697
19.56000 7.251
19.58000 3.874
19.60000 5.852
19.62000 6.918
19.64000 7.946
19.66000 12.361
19.68000 4.708
19.70000 -4.162
19.72000 5.396
19.74000 10.922
19.76000 15.422
19.78000 16.560
19.80000 12.707
19.82000 9.219
19.84000 8.210
19.86000 10.663
19.88000 6.204
19.90000 8.085
19.92000 9.631
19.94000 12.234
19.96000 12.903
19.98000 8.873
20.00000 13.507
20.02000 9.009
20.04000 7.601
20.06000 -2.139
20.08000 -0.845
20.10000 -0.620
20.12000 7.862
20.14000 5.884
20.16000 2.678
20.18000 9.738
20.20000 9.726
20.22000 13.531
20.24000 5.410
20.26000 4.893
20.28000 2.874
20.30000 3.690
20.32000 7.327
20.34000 5.320
20.36000 0.732
20.38000 3.279
20.40000 2.316
20.42000 4.372
20.44000 7.461
20.46000 6.219
20.48000 5.245
20.50000 10.291
20.52000 4.406
20.54000 6.615
20.56000 -0.070
20.58000 -2.063
20.60000 4.277
20.62000 6.656
20.64000 5.000
20.66000 5.608
20.68000 -1.524
20.70000 -0.651
20.72000 3.589
20.74000 9.439
20.76000 11.297
20.78000 12.118
20.80000 9.452
20.82000 4.731
20.84000 6.810
20.86000 9.770
20.88000 4.926
20.90000 5.716
20.92000 4.194
20.94000 5.999
20.96000 13.414
20.98000 6.512
21.00000 -1.045
21.02000 -3.281
21.04000 -0.403
21.06000 3.602
21.08000 9.032
21.10000 9.432
21.12000 6.845
21.14000 8.175
21.16000 7.441
21.18000 3.584
21.20000 5.614
21.22000 -4.118
21.24000 -1.889
21.26000 8.722
21.28000 11.275
21.30000 5.219
21.32000 5.118
21.34000 1.125
21.36000 12.787
21.38000 8.914
21.40000 4.553
21.42000 12.148
21.44000 11.278
21.46000 6.131
21.48000 6.705
21.50000 8.477
21.52000 6.130
21.54000 3.476
21.56000 8.307
21.58000 11.734
21.60000 11.633
21.62000 -1.516
21.64000 -1.148
21.66000 9.091
21.68000 7.959
21.70000 4.779
21.72000 7.005
21.74000 0.737
21.76000 0.863
21.78000 5.846
21.80000 7.688
21.82000 5.840
21.84000 4.145
21.86000 -2.080
21.88000 1.660
21.90000 4.260
21.92000 -0.552
21.94000 -0.709
21.96000 5.412
21.98000 7.084
22.00000 2.572
22.02000 1.138
22.04000 -1.916
22.06000 4.902
22.08000 4.053
22.10000 6.004
22.12000 5.809
22.14000 8.021
22.16000 10.454
22.18000 2.935
22.20000 0.754
22.22000 1.076
22.24000 -2.982
22.26000 2.418
22.28000 0.410
22.30000 0.665
22.32000 -2.201
22.34000 -0.104
22.36000 0.955
22.38000 -4.084
22.40000 2.452
22.42000 8.998
22.44000 1.944
22.46000 -1.933
22.48000 -0.449
22.50000 5.301
22.52000 9.034
22.54000 8.767
22.56000 7.464
22.58000 3.745
22.60000 2.340
22.62000 4.406
22.64000 6.947
22.66000 0.850
22.68000 0.820
22.70000 -0.630
22.72000 -1.540
22.74000 6.290
22.76000 6.323
22.78000 -1.705
22.80000 1.524
22.82000 3.115
22.84000 0.820
22.86000 -0.053
22.88000 -1.367
22.90000 5.884
22.92000 5.776
22.94000 1.812
22.96000 0.866
22.98000 2.595
23.00000 3.514
23.02000 8.184
23.04000 3.528
23.06000 -0.407
23.08000 1.086
23.10000 0.975
23.12000 9.602
23.14000 12.421
23.16000 8.504
23.18000 4.266
23.20000 3.870
23.22000 2.447
23.24000 0.188
23.26000 5.785
23.28000 9.764
23.30000 4.906
23.32000 -0.101
23.34000 4.762
23.36000 7.858
23.38000 5.162
23.40000 4.911
23.42000 5.893
23.44000 8.304
23.46000 5.315
23.48000 2.104
23.50000 1.675
23.52000 -2.228
23.54000 -0.086
23.56000 6.664
23.58000 9.893
23.60000 7.796
23.62000 10.334
23.64000 3.349
23.66000 -2.729
23.68000 -3.988
23.70000 -1.129
23.72000 -2.694
23.74000 -3.582
23.76000 -3.493
23.78000 -0.629
23.80000 2.032
23.82000 0.913
23.84000 3.985
23.86000 0.530
23.88000 3.348
23.90000 8.142
23.92000 5.170
23.94000 4.865
23.96000 7.475
23.98000 7.485
24.00000 11.320
24.02000 14.441
24.04000 8.887
24.06000 3.718
24.08000 5.272
24.10000 2.037
24.12000 2.144
24.14000 7.139
24.16000 3.283
24.18000 3.360
24.20000 6.532
24.22000 7.109
24.24000 6.190
24.26000 7.235
24.28000 11.362
24.30000 10.698
24.32000 7.573
24.34000 3.711
24.36000 7.655
24.38000 7.467
24.40000 5.554
24.42000 -0.752
24.44000 -3.900
24.46000 0.888
24.48000 6.110
24.50000 9.514
24.52000 10.071
24.54000 2.278
24.56000 10.018
24.58000 13.082
24.60000 9.373
24.62000 3.730
24.64000 2.781
24.66000 -0.803
24.68000 3.145
24.70000 9.692
24.72000 11.637
24.74000 10.147
24.76000 4.007
24.78000 2.544
24.80000 4.748
24.82000 3.695
24.84000 5.584
24.86000 3.134
24.88000 4.996
24.90000 6.678
24.92000 6.614
24.94000 4.767
24.96000 0.246
24.98000 0.310
25.00000 2.760
25.02000 5.516
25.04000 7.147
25.06000 10.784
25.08000 10.568
25.10000 12.209
25.12000 9.246
25.14000 3.642
25.16000 0.385
25.18000 0.876
25.20000 -1.173
25.22000 -0.072
25.24000 1.703
25.26000 2.854
25.28000 3.440
25.30000 6.051
25.32000 3.423
25.34000 -2.219
25.36000 -1.392
25.38000 3.401
25.40000 7.146
25.42000 9.137
25.44000 12.803
25.46000 7.962
25.48000 6.478
25.50000 3.015
25.52000 0.419
25.54000 -0.203
25.56000 0.112
25.58000 -1.409
25.60000 3.762
25.62000 3.935
25.64000 1.013
25.66000 -1.021
25.68000 7.144
25.70000 5.321
25.72000 4.350
25.74000 8.653
25.76000 6.212
25.78000 9.782
25.80000 12.231
25.82000 9.051
25.84000 5.249
25.86000 0.465
25.88000 0.297
25.90000 8.177
25.92000 9.671
25.94000 10.557
25.96000 13.140
25.98000 4.274
26.00000 4.913
26.02000 5.930
26.04000 9.104
26.06000 3.449
26.08000 3.767
26.10000 2.823
26.12000 9.035
26.14000 9.977
26.16000 9.841
26.18000 5.890
26.20000 1.351
26.22000 1.772
26.24000 4.005
26.26000 3.524
26.28000 3.079
26.30000 2.068
26.32000 0.671
26.34000 10.676
26.36000 7.024
26.38000 9.458
26.40000 8.044
26.42000 9.433
26.44000 3.783
26.46000 -3.819
26.48000 7.100
26.50000 7.217
26.52000 2.321
26.54000 1.213
26.56000 3.921
26.58000 10.141
26.60000 7.087
26.62000 7.518
26.64000 7.561
26.66000 5.100
26.68000 3.891
26.70000 7.925
26.72000 11.817
26.74000 5.961
26.76000 2.205
26.78000 2.610
26.80000 2.527
26.82000 5.149
26.84000 3.725
26.86000 3.785
26.88000 6.909
26.90000 7.408
26.92000 9.007
26.94000 5.627
26.96000 3.295
26.98000 2.699
27.00000 7.014
27.02000 6.427
27.04000 3.684
27.06000 1.623
27.08000 -0.297
27.10000 3.426
27.12000 5.365
27.14000 4.983
27.16000 8.135
27.18000 7.750
27.20000 8.630
27.22000 1.190
27.24000 1.323
27.26000 0.801
27.28000 6.788
27.30000 9.649
27.32000 2.346
27.34000 3.028
27.36000 4.621
27.38000 3.080
27.40000 11.133
27.42000 4.491
27.44000 2.145
27.46000 3.666
27.48000 1.728
27.50000 3.755
27.52000 5.972
27.54000 6.198
27.56000 4.338
27.58000 -2.388
27.60000 1.005
27.62000 1.777
27.64000 -2.254
27.66000 -1.477
27.68000 -3.781
27.70000 -1.674
27.72000 -0.431
27.74000 0.805
27.76000 3.022
27.78000 1.848
27.80000 1.452
27.82000 2.763
27.84000 5.664
27.86000 6.510
27.88000 4.625
27.90000 2.515
27.92000 -3.402
27.94000 -0.531
27.96000 -0.793
27.98000 2.504
28.00000 2.840
28.02000 2.782
28.04000 0.589
28.06000 3.523
28.08000 6.132
28.10000 4.013
28.12000 4.962
28.14000 5.031
28.16000 2.039
28.18000 1.235
28.20000 8.323
28.22000 6.595
28.24000 6.105
28.26000 1.293
28.28000 -2.232
28.30000 0.501
28.32000 -0.281
28.34000 2.978
28.36000 1.469
28.38000 5.404
28.40000 5.741
28.42000 5.382
28.44000 6.330
28.46000 8.767
28.48000 9.337
28.50000 5.367
28.52000 5.162
28.54000 4.218
28.56000 3.874
28.58000 1.401
28.60000 4.908
28.62000 -3.724
28.64000 0.070
28.66000 5.123
28.68000 5.498
28.70000 7.137
28.72000 4.182
28.74000 7.086
28.76000 9.491
28.78000 4.890
28.80000 3.482
28.82000 4.810
28.84000 3.926
28.86000 3.556
28.88000 -1.690
28.90000 -2.139
28.92000 -1.832
28.94000 1.573
28.96000 3.093
28.98000 2.722
29.00000 -0.811
29.02000 1.857
29.04000 1.607
29.06000 1.928
29.08000 1.670
29.10000 4.274
29.12000 3.747
29.14000 2.900
29.16000 3.747
29.18000 4.326
29.20000 3.533
29.22000 2.649
29.24000 2.454
29.26000 0.013
29.28000 -3.366
29.30000 2.311
29.32000 5.442
29.34000 3.012
29.36000 4.743
29.38000 2.399
29.40000 -2.889
29.42000 -3.320
29.44000 -2.022
29.46000 -1.277
29.48000 0.809
29.50000 -3.691
29.52000 -1.097
29.54000 1.193
29.56000 3.874
29.58000 4.922
29.60000 0.579
29.62000 -1.360
29.64000 0.187
29.66000 5.799
29.68000 3.162
29.70000 3.208
29.72000 8.309
29.74000 3.400
29.76000 0.106
29.78000 1.667
29.80000 -1.395
29.82000 -3.377
29.84000 2.224
29.86000 5.962
29.88000 3.557
29.90000 1.175
29.92000 1.331
29.94000 -0.390
29.96000 -3.662
29.98000 0.084
30.00000 0.922
30.02000 3.697
30.04000 0.575
30.06000 1.689
30.08000 3.558
30.10000 3.793
30.12000 3.204
30.14000 0.073
30.16000 -0.381
30.18000 1.959
30.20000 7.484
30.22000 3.591
30.24000 4.652
30.26000 -0.371
30.28000 -3.645
30.30000 1.439
30.32000 1.464
30.34000 5.812
30.36000 3.338
30.38000 4.755
30.40000 7.684
30.42000 5.268
30.44000 3.246
30.46000 0.792
30.48000 0.358
30.50000 2.653
30.52000 1.774
30.54000 -0.095
30.56000 2.263
30.58000 6.439
30.60000 3.596
30.62000 4.139
30.64000 2.907
30.66000 3.822
30.68000 4.700
30.70000 1.107
30.72000 3.794
30.74000 4.699
30.76000 6.169
30.78000 5.810
30.80000 8.839
30.82000 5.597
30.84000 2.941
30.86000 1.802
30.88000 9.009
30.90000 12.381
30.92000 10.918
30.94000 9.356
30.96000 3.067
30.98000 -1.733
31.00000 -1.020
31.02000 5.059
31.04000 3.159
31.06000 0.458
31.08000 4.080
31.10000 5.767
31.12000 3.017
31.14000 3.671
31.16000 3.424
31.18000 3.705
31.20000 3.550
31.22000 -3.601
31.24000 3.985
31.26000 4.704
31.28000 6.531
31.30000 5.596
31.32000 2.978
31.34000 2.573
31.36000 4.330
31.38000 -2.125
31.40000 -2.922
31.42000 -0.223
31.44000 6.026
31.46000 6.292
31.48000 6.452
31.50000 5.374
31.52000 -0.333
31.54000 -3.591
31.56000 0.513
31.58000 2.082
31.60000 1.667
31.62000 4.454
31.64000 3.239
31.66000 4.608
31.68000 4.880
31.70000 4.219
31.72000 -2.017
31.74000 3.666
31.76000 5.670
31.78000 6.365
31.80000 5.182
31.82000 2.952
31.84000 1.802
31.86000 1.461
31.88000 3.058
31.90000 3.186
31.92000 5.983
31.94000 0.830
31.96000 -0.926
31.98000 -3.489
32.00000 -0.837
32.02000 2.630
32.04000 1.411
32.06000 -1.726
32.08000 -1.723
32.10000 -2.280
32.12000 -0.886
32.14000 0.003
32.16000 3.321
32.18000 0.220
32.20000 3.404
32.22000 7.445
32.24000 4.964
32.26000 4.882
32.28000 -1.056
32.30000 2.005
32.32000 5.124
32.34000 3.994
32.36000 2.722
32.38000 -3.566
32.40000 -2.705
32.42000 4.140
32.44000 5.626
32.46000 5.590
32.48000 3.302
32.50000 6.081
32.52000 4.812
32.54000 0.712
32.56000 -1.525
32.58000 1.340
32.60000 3.115
32.62000 4.498
32.64000 2.082
32.66000 1.658
32.68000 3.282
32.70000 -0.893
32.72000 -1.183
32.74000 0.975
32.76000 2.787
32.78000 8.271
32.80000 4.357
32.82000 7.672
32.84000 1.525
32.86000 4.839
32.88000 0.912
32.90000 4.741
32.92000 6.947
32.94000 0.808
32.96000 -3.527
32.98000 2.832
33.00000 1.921
33.02000 4.847
33.04000 5.815
33.06000 1.602
33.08000 11.013
33.10000 12.877
33.12000 4.361
33.14000 3.915
33.16000 4.848
33.18000 3.145
33.20000 5.266
33.22000 1.996
33.24000 0.699
33.26000 1.134
33.28000 -0.348
33.30000 4.994
33.32000 8.815
33.34000 8.146
33.36000 7.425
33.38000 3.775
33.40000 -0.954
33.42000 0.810
33.44000 3.861
33.46000 1.977
33.48000 3.969
33.50000 1.233
33.52000 2.206
33.54000 -3.507
33.56000 0.931
33.58000 3.792
33.60000 5.532
33.62000 3.605
33.64000 12.898
33.66000 14.935
33.68000 11.072
33.70000 4.213
33.72000 6.433
33.74000 12.093
33.76000 8.644
33.78000 1.689
33.80000 3.240
33.82000 1.802
33.84000 1.815
33.86000 8.496
33.88000 10.021
33.90000 9.571
33.92000 3.481
33.94000 1.319
33.96000 3.394
33.98000 7.130
34.00000 7.589
34.02000 7.428
34.04000 0.936
34.06000 3.945
34.08000 3.464
34.10000 3.513
34.12000 5.188
34.14000 5.668
34.16000 7.832
34.18000 11.021
34.20000 12.152
34.22000 6.043
34.24000 1.092
34.26000 7.605
34.28000 8.803
34.30000 5.348
34.32000 3.225
34.34000 7.679
34.36000 7.325
34.38000 7.479
34.40000 0.751
34.42000 -0.589
34.44000 2.432
34.46000 7.071
34.48000 5.496
34.50000 1.819
34.52000 3.044
34.54000 3.822
34.56000 -0.062
34.58000 0.505
34.60000 0.316
34.62000 4.546
34.64000 6.121
34.66000 2.779
34.68000 1.369
34.70000 5.923
34.72000 5.922
34.74000 7.419
34.76000 1.112
34.78000 1.367
34.80000 1.924
34.82000 6.212
34.84000 5.893
34.86000 4.911
34.88000 3.945
34.90000 6.150
34.92000 1.312
34.94000 7.039
34.96000 5.072
34.98000 3.521
35.00000 3.140
35.02000 3.702
35.04000 -0.752
35.06000 -0.340
35.08000 1.623
35.10000 3.164
35.12000 2.264
35.14000 4.188
35.16000 6.444
35.18000 10.239
35.20000 6.199
35.22000 4.629
35.24000 8.534
35.26000 6.355
35.28000 4.250
35.30000 3.438
35.32000 1.732
35.34000 3.426
35.36000 2.026
35.38000 -3.434
35.40000 2.305
35.42000 6.387
35.44000 6.573
35.46000 7.456
35.48000 4.574
35.50000 5.164
35.52000 10.327
35.54000 7.763
35.56000 10.839
35.58000 6.695
35.60000 4.887
35.62000 7.261
35.64000 7.000
35.66000 3.382
35.68000 2.437
35.70000 3.299
35.72000 6.815
35.74000 6.039
35.76000 1.160
35.78000 1.621
35.80000 2.223
35.82000 4.374
35.84000 1.970
35.86000 0.172
35.88000 1.120
35.90000 6.433
35.92000 4.199
35.94000 4.251
35.96000 5.619
35.98000 1.940
36.00000 -1.181
36.02000 -1.236
36.04000 -0.345
36.06000 -0.119
36.08000 1.130
36.10000 0.420
36.12000 3.084
36.14000 3.411
36.16000 1.422
36.18000 -0.139
36.20000 0.162
36.22000 0.076
36.24000 -0.830
36.26000 -3.468
36.28000 -0.478
36.30000 4.713
36.32000 5.481
36.34000 1.538
36.36000 -0.021
36.38000 2.877
36.40000 5.870
36.42000 1.424
36.44000 -0.696
36.46000 -0.622
36.48000 0.718
36.50000 -0.351
36.52000 -1.493
36.54000 -1.817
36.56000 0.624
36.58000 1.669
36.60000 3.056
36.62000 4.477
36.64000 2.974
36.66000 -1.361
36.68000 1.399
36.70000 2.506
36.72000 2.968
36.74000 3.384
36.76000 5.919
36.78000 1.797
36.80000 1.499
36.82000 3.518
36.84000 0.415
36.86000 -0.052
36.88000 2.825
36.90000 -1.962
36.92000 -2.925
36.94000 -3.155
36.96000 6.620
36.98000 4.023
37.00000 2.366
37.02000 -0.249
37.04000 0.241
37.06000 1.888
37.08000 -0.559
37.10000 -0.270
37.12000 -2.740
37.14000 0.887
37.16000 5.283
37.18000 4.894
37.20000 8.487
37.22000 4.606
37.24000 -0.952
37.26000 3.192
37.28000 0.088
37.30000 3.035
37.32000 4.328
37.34000 4.078
37.36000 3.934
37.38000 4.569
37.40000 4.119
37.42000 -0.679
37.44000 -3.140
37.46000 1.272
37.48000 3.965
37.50000 -0.728
37.52000 -3.501
37.54000 1.088
37.56000 6.431
37.58000 3.940
37.60000 1.243
37.62000 -0.109
37.64000 4.606
37.66000 4.391
37.68000 6.914
37.70000 4.092
37.72000 3.919
37.74000 5.899
37.76000 3.036
37.78000 3.487
37.80000 3.105
37.82000 3.119
37.84000 -1.814
37.86000 3.602
37.88000 9.363
37.90000 11.652
37.92000 8.059
37.94000 5.423
37.96000 5.471
37.98000 4.112
38.00000 3.517
38.02000 6.503
38.04000 3.553
38.06000 -0.275
38.08000 -0.103
38.10000 3.678
38.12000 10.024
38.14000 15.314
38.16000 15.355
38.18000 11.948
38.20000 11.634
38.22000 15.048
38.24000 15.062
38.26000 16.983
38.28000 15.337
38.30000 10.921
38.32000 6.723
38.34000 9.880
38.36000 15.128
38.38000 13.514
38.40000 14.281
38.42000 18.287
38.44000 15.899
38.46000 15.555
38.48000 16.850
38.50000 21.328
38.52000 21.196
38.54000 19.229
38.56000 15.629
38.58000 15.678
38.60000 14.352
38.62000 18.997
38.64000 25.671
38.66000 21.405
38.68000 18.849
38.70000 18.042
38.72000 18.097
38.74000 18.234
38.76000 21.464
38.78000 19.985
38.80000 17.990
38.82000 23.149
38.84000 21.809
38.86000 24.215
38.88000 24.214
38.90000 21.699
38.92000 23.645
38.94000 27.931
38.96000 29.237
38.98000 30.892
39.00000 29.185
39.02000 25.120
39.04000 24.911
39.06000 34.130
39.08000 34.251
39.10000 31.431
39.12000 32.879
39.14000 33.555
39.16000 34.386
39.18000 33.915
39.20000 37.660
39.22000 35.446
39.24000 36.724
39.26000 42.906
39.28000 46.331
39.30000 50.863
39.32000 45.235
39.34000 47.576
39.36000 49.434
39.38000 48.089
39.40000 49.402
39.42000 56.960
39.44000 58.770
39.46000 60.261
39.48000 58.625
39.50000 59.168
39.52000 71.009
39.54000 71.201
39.56000 71.651
39.58000 75.599
39.60000 83.899
39.62000 84.723
39.64000 89.103
39.66000 90.202
39.68000 97.496
39.70000 103.773
39.72000 107.656
39.74000 118.039
39.76000 127.663
39.78000 128.930
39.80000 133.154
39.82000 141.822
39.84000 151.294
39.86000 163.409
39.88000 168.180
39.90000 178.983
39.92000 193.784
39.94000 206.873
39.96000 218.904
39.98000 226.080
40.00000 240.263
40.02000 255.315
40.04000 275.283
40.06000 293.216
40.08000 310.760
40.10000 325.545
40.12000 346.145
40.14000 367.665
40.16000 389.364
40.18000 413.631
40.20000 441.136
40.22000 465.318
40.24000 495.924
40.26000 518.488
40.28000 537.541
40.30000 569.310
40.32000 583.156
40.34000 611.836
40.36000 637.851
40.38000 654.292
40.40000 681.430
40.42000 701.086
40.44000 714.029
40.46000 728.987
40.48000 731.770
40.50000 741.776
40.52000 756.484
40.54000 741.229
40.56000 730.429
40.58000 734.602
40.60000 743.078
40.62000 736.566
40.64000 724.296
40.66000 701.815
40.68000 674.856
40.70000 657.097
40.72000 641.147
40.74000 630.026
40.76000 622.654
40.78000 600.278
40.80000 586.731
40.82000 560.668
40.84000 537.208
40.86000 518.232
40.88000 502.280
40.90000 471.853
40.92000 446.744
40.94000 414.609
40.96000 401.052
40.98000 383.306
41.00000 372.529
41.02000 352.646
41.04000 333.720
41.06000 306.831
41.08000 286.570
41.10000 276.599
41.12000 258.604
41.14000 256.719
41.16000 247.777
41.18000 233.676
41.20000 211.792
41.22000 201.602
41.24000 192.346
41.26000 185.448
41.28000 176.701
41.30000 163.637
41.32000 150.266
41.34000 148.705
41.36000 143.360
41.38000 135.467
41.40000 126.610
41.42000 123.506
41.44000 116.176
41.46000 105.374
41.48000 107.273
41.50000 99.656
41.52000 88.272
41.54000 86.934
41.56000 77.459
41.58000 69.114
41.60000 77.083
41.62000 77.757
41.64000 76.303
41.66000 67.777
41.68000 63.570
41.70000 61.433
41.72000 58.190
41.74000 56.949
41.76000 52.142
41.78000 50.389
41.80000 48.699
41.82000 42.200
41.84000 43.846
41.86000 39.495
41.88000 37.108
41.90000 37.251
41.92000 35.898
41.94000 36.580
41.96000 34.738
41.98000 26.668
42.00000 29.616
42.02000 30.333
42.04000 27.214
42.06000 27.886
42.08000 27.230
42.10000 25.559
42.12000 23.076
42.14000 21.504
42.16000 17.130
42.18000 18.192
42.20000 18.108
42.22000 14.733
42.24000 16.563
42.26000 19.552
42.28000 16.356
42.30000 15.290
42.32000 15.884
42.34000 17.061
42.36000 13.800
42.38000 13.013
42.40000 14.402
42.42000 15.647
42.44000 16.741
42.46000 11.857
42.48000 8.894
42.50000 6.697
42.52000 12.090
42.54000 9.779
42.56000 3.210
42.58000 4.003
42.60000 7.421
42.62000 5.656
42.64000 3.096
42.66000 5.437
42.68000 7.116
42.70000 3.933
42.72000 2.857
42.74000 1.989
42.76000 2.670
42.78000 4.639
42.80000 5.776
42.82000 3.984
42.84000 4.970
42.86000 2.245
42.88000 0.452
42.90000 6.150
42.92000 6.190
42.94000 4.698
42.96000 3.160
42.98000 1.275
43.00000 2.318
43.02000 2.650
43.04000 1.989
43.06000 7.148
43.08000 6.484
43.10000 0.922
43.12000 -2.818
43.14000 -3.228
43.16000 -0.452
43.18000 -2.150
43.20000 -1.847
43.22000 -0.816
43.24000 0.106
43.26000 0.354
43.28000 0.820
43.30000 2.257
43.32000 -0.367
43.34000 -1.251
43.36000 2.588
43.38000 2.640
43.40000 2.995
43.42000 2.018
43.44000 -1.007
43.46000 -0.449
43.48000 0.374
43.50000 -1.549
43.52000 -1.015
43.54000 -1.950
43.56000 -3.392
43.58000 -1.018
43.60000 -1.395
43.62000 2.534
43.64000 0.264
43.66000 -2.042
43.68000 0.930
43.70000 -0.569
43.72000 -1.460
43.74000 1.099
43.76000 -0.288
43.78000 0.087
43.80000 1.880
43.82000 3.214
43.84000 2.082
43.86000 2.147
43.88000 3.326
43.90000 1.969
43.92000 5.180
43.94000 2.569
43.96000 -1.427
43.98000 -2.342
44.00000 -3.303
44.02000 1.149
44.04000 -0.157
44.06000 4.862
44.08000 1.533
44.10000 1.612
44.12000 3.996
44.14000 4.019
44.16000 2.926
44.18000 5.325
44.20000 3.866
44.22000 0.402
44.24000 -3.275
44.26000 -1.150
44.28000 1.974
44.30000 0.458
44.32000 -1.119
44.34000 1.156
44.36000 1.224
44.38000 4.495
44.40000 2.114
44.42000 1.579
44.44000 5.139
44.46000 6.284
44.48000 3.443
44.50000 1.807
44.52000 5.243
44.54000 5.012
44.56000 5.445
44.58000 3.108
44.60000 1.896
44.62000 0.979
44.64000 4.193
44.66000 2.710
44.68000 -2.210
44.70000 -2.919
44.72000 0.609
44.74000 1.109
44.76000 2.046
44.78000 0.233
44.80000 -1.526
44.82000 0.685
44.84000 -0.706
44.86000 -0.869
44.88000 0.264
44.90000 -3.252
44.92000 -0.154
44.94000 3.169
44.96000 2.317
44.98000 -1.526
45.00000 -2.298
45.02000 3.920
45.04000 1.476
45.06000 0.775
45.08000 7.614
45.10000 3.101
45.12000 -1.515
45.14000 1.923
45.16000 -0.771
45.18000 1.872
45.20000 2.536
45.22000 1.319
45.24000 1.001
45.26000 -0.289
45.28000 3.821
45.30000 3.608
45.32000 2.017
45.34000 9.934
45.36000 2.413
45.38000 0.363
45.40000 -0.949
45.42000 0.351
45.44000 4.487
45.46000 3.307
45.48000 2.817
45.50000 1.114
45.52000 4.501
45.54000 5.094
45.56000 4.857
45.58000 5.233
45.60000 6.905
45.62000 4.999
45.64000 7.108
45.66000 6.458
45.68000 8.008
45.70000 9.174
45.72000 10.565
45.74000 5.934
45.76000 1.955
45.78000 10.507
45.80000 9.142
45.82000 9.067
45.84000 11.168
45.86000 14.250
45.88000 11.742
45.90000 10.732
45.92000 7.778
45.94000 3.778
45.96000 9.682
45.98000 12.399
46.00000 11.480
46.02000 14.862
46.04000 18.119
46.06000 14.970
46.08000 19.235
46.10000 21.875
46.12000 18.359
46.14000 18.990
46.16000 16.048
46.18000 16.187
46.20000 21.657
46.22000 22.962
46.24000 28.029
46.26000 29.938
46.28000 29.494
46.30000 27.866
46.32000 25.903
46.34000 27.326
46.36000 24.717
46.38000 30.908
46.40000 36.833
46.42000 37.380
46.44000 32.582
46.46000 42.207
46.48000 43.482
46.50000 44.949
46.52000 44.313
46.54000 47.748
46.56000 50.783
46.58000 48.306
46.60000 55.200
46.62000 53.537
46.64000 60.019
46.66000 60.622
46.68000 62.490
46.70000 62.416
46.72000 62.386
46.74000 64.116
46.76000 70.798
46.78000 78.287
46.80000 74.079
46.82000 72.100
46.84000 79.517
46.86000 80.691
46.88000 80.953
46.90000 81.760
46.92000 89.264
46.94000 89.957
46.96000 86.503
46.98000 90.056
47.00000 94.861
47.02000 93.461
47.04000 92.308
47.06000 97.778
47.08000 101.110
47.10000 94.940
47.12000 96.424
47.14000 100.433
47.16000 107.471
47.18000 103.201
47.20000 104.735
47.22000 107.234
47.24000 101.128
47.26000 101.860
47.28000 104.474
47.30000 98.001
47.32000 94.512
47.34000 93.330
47.36000 94.521
47.38000 93.275
47.40000 91.106
47.42000 82.649
47.44000 83.745
47.46000 83.066
47.48000 84.443
47.50000 75.022
47.52000 76.515
47.54000 79.300
47.56000 75.615
47.58000 69.980
47.60000 61.482
47.62000 59.829
47.64000 57.567
47.66000 61.012
47.68000 53.713
47.70000 52.420
47.72000 49.712
47.74000 49.733
47.76000 45.443
47.78000 43.436
47.80000 37.696
47.82000 38.835
47.84000 41.754
47.86000 45.204
47.88000 43.912
47.90000 44.769
47.92000 37.436
47.94000 27.984
47.96000 27.389
47.98000 26.770
48.00000 26.887
48.02000 24.334
48.04000 19.173
48.06000 17.590
48.08000 19.076
48.10000 18.702
48.12000 13.723
48.14000 21.593
48.16000 18.093
48.18000 14.952
48.20000 14.385
48.22000 17.139
48.24000 18.744
48.26000 14.691
48.28000 12.657
48.30000 8.169
48.32000 7.419
48.34000 10.470
48.36000 11.605
48.38000 9.970
48.40000 8.551
48.42000 10.465
48.44000 11.108
48.46000 5.601
48.48000 8.658
48.50000 6.924
48.52000 5.044
48.54000 3.914
48.56000 5.602
48.58000 4.792
48.60000 2.597
48.62000 3.503
48.64000 3.285
48.66000 0.195
48.68000 -1.201
48.70000 -1.600
48.72000 4.070
48.74000 5.391
48.76000 4.159
48.78000 0.053
48.80000 2.444
48.82000 8.085
48.84000 2.219
48.86000 -2.375
48.88000 1.494
48.90000 5.106
48.92000 3.583
48.94000 1.990
48.96000 1.064
48.98000 4.648
49.00000 1.181
49.02000 -1.537
49.04000 -2.476
49.06000 2.568
49.08000 -1.371
49.10000 -1.323
49.12000 -0.624
49.14000 -1.341
49.16000 1.308
49.18000 4.211
49.20000 6.012
49.22000 4.838
49.24000 0.218
49.26000 2.788
49.28000 4.142
49.30000 4.174
49.32000 5.693
49.34000 6.559
49.36000 7.948
49.38000 6.437
49.40000 6.215
49.42000 0.691
49.44000 -2.743
49.46000 -1.313
49.48000 2.439
49.50000 6.080
49.52000 6.493
49.54000 6.327
49.56000 5.827
49.58000 3.347
49.60000 2.851
49.62000 0.528
49.64000 -0.485
49.66000 -2.063
49.68000 -0.393
49.70000 1.930
49.72000 4.884
49.74000 5.221
49.76000 4.302
49.78000 2.836
49.80000 5.244
49.82000 0.573
49.84000 1.165
49.86000 3.623
49.88000 6.029
49.90000 6.098
49.92000 2.877
49.94000 5.877
49.96000 6.641
49.98000 7.418
50.00000 5.000
50.02000 2.327
50.04000 4.735
50.06000 7.353
50.08000 8.099
50.10000 4.495
50.12000 5.164
50.14000 7.615
50.16000 2.317
50.18000 2.378
50.20000 0.606
50.22000 5.638
50.24000 2.518
50.26000 3.666
50.28000 5.219
50.30000 6.217
50.32000 6.811
50.34000 5.630
50.36000 3.652
50.38000 5.258
50.40000 2.846
50.42000 0.003
50.44000 -1.134
50.46000 2.016
50.48000 2.560
50.50000 5.223
50.52000 -0.600
50.54000 -2.629
50.56000 3.586
50.58000 4.297
50.60000 3.104
50.62000 0.649
50.64000 4.233
50.66000 7.629
50.68000 5.477
50.70000 0.853
50.72000 1.173
50.74000 2.925
50.76000 3.215
50.78000 5.112
50.80000 6.683
50.82000 8.686
50.84000 5.062
50.86000 2.581
50.88000 4.191
50.90000 5.607
50.92000 1.730
50.94000 0.013
50.96000 5.912
50.98000 4.747
51.00000 3.791
51.02000 2.564
51.04000 -1.469
51.06000 -0.672
51.08000 1.834
51.10000 0.037
51.12000 2.944
51.14000 1.362
51.16000 -0.157
51.18000 2.629
51.20000 1.161
51.22000 0.311
51.24000 2.289
51.26000 1.399
51.28000 3.613
51.30000 3.928
51.32000 3.319
51.34000 0.342
51.36000 -2.432
51.38000 -0.433
51.40000 2.008
51.42000 -0.233
51.44000 -2.620
51.46000 3.080
51.48000 1.083
51.50000 0.907
51.52000 -0.948
51.54000 2.231
51.56000 4.362
51.58000 5.737
51.60000 3.665
51.62000 1.662
51.64000 4.625
51.66000 5.045
51.68000 1.904
51.70000 3.574
51.72000 4.559
51.74000 -0.184
51.76000 4.386
51.78000 5.533
51.80000 7.453
51.82000 4.597
51.84000 5.172
51.86000 3.049
51.88000 3.844
51.90000 3.766
51.92000 5.014
51.94000 1.430
51.96000 2.118
51.98000 2.661
52.00000 3.259
52.02000 2.130
52.04000 2.521
52.06000 1.163
52.08000 2.907
52.10000 2.150
52.12000 -2.574
52.14000 -2.574
52.16000 3.999
52.18000 3.713
52.20000 4.621
52.22000 3.545
52.24000 5.909
52.26000 7.325
52.28000 4.864
52.30000 0.985
52.32000 4.256
52.34000 3.916
52.36000 1.627
52.38000 4.500
52.40000 3.394
52.42000 0.873
52.44000 2.186
52.46000 5.756
52.48000 7.292
52.50000 2.042
52.52000 1.263
52.54000 1.367
52.56000 5.346
52.58000 4.251
52.60000 3.909
52.62000 2.193
52.64000 0.107
52.66000 1.589
52.68000 0.297
52.70000 0.730
52.72000 0.878
52.74000 0.130
52.76000 -2.034
52.78000 -2.560
52.80000 2.049
52.82000 4.418
52.84000 4.502
52.86000 1.959
52.88000 0.510
52.90000 2.809
52.92000 2.094
52.94000 2.814
52.96000 1.441
52.98000 2.438
53.00000 0.405
53.02000 2.129
53.04000 0.875
53.06000 3.375
53.08000 1.263
53.10000 3.335
53.12000 4.173
53.14000 6.672
53.16000 5.402
53.18000 3.844
53.20000 2.197
53.22000 0.312
53.24000 3.100
53.26000 1.131
53.28000 0.663
53.30000 1.463
53.32000 1.608
53.34000 4.742
53.36000 2.502
53.38000 1.941
53.40000 1.264
53.42000 2.199
53.44000 5.406
53.46000 8.015
53.48000 4.281
53.50000 2.165
53.52000 4.985
53.54000 3.106
53.56000 0.820
53.58000 -1.485
53.60000 -0.278
53.62000 0.317
53.64000 -0.695
53.66000 0.031
53.68000 2.386
53.70000 4.006
53.72000 -0.285
53.74000 -2.558
53.76000 3.151
53.78000 4.950
53.80000 1.247
53.82000 -0.388
53.84000 0.746
53.86000 -0.952
53.88000 -0.006
53.90000 2.757
53.92000 0.975
53.94000 -0.601
53.96000 -0.297
53.98000 -1.636
54.00000 1.761
54.02000 0.047
54.04000 1.147
54.06000 -2.257
54.08000 -0.164
54.10000 3.337
54.12000 5.199
54.14000 3.479
54.16000 4.999
54.18000 0.852
54.20000 -0.563
54.22000 2.474
54.24000 0.942
54.26000 0.902
54.28000 3.793
54.30000 2.855
54.32000 -0.573
54.34000 2.444
54.36000 0.366
54.38000 -2.094
54.40000 -2.533
54.42000 1.219
54.44000 3.905
54.46000 0.873
54.48000 -1.208
54.50000 -2.013
54.52000 -0.717
54.54000 -1.141
54.56000 -0.707
54.58000 -0.867
54.60000 0.777
54.62000 -0.646
54.64000 0.286
54.66000 6.530
54.68000 3.505
54.70000 4.748
54.72000 1.550
54.74000 1.101
54.76000 2.185
54.78000 4.470
54.80000 1.617
54.82000 0.700
54.84000 1.175
54.86000 1.828
54.88000 -0.704
54.90000 -0.567
54.92000 2.414
54.94000 6.687
54.96000 5.156
54.98000 5.681
55.00000 3.987
55.02000 1.749
55.04000 0.539
55.06000 3.485
55.08000 3.323
55.10000 1.568
55.12000 -0.615
55.14000 2.888
55.16000 3.971
55.18000 0.329
55.20000 -1.404
55.22000 1.512
55.24000 2.843
55.26000 7.982
55.28000 8.221
55.30000 1.471
55.32000 4.375
55.34000 8.259
55.36000 5.349
55.38000 3.092
55.40000 2.054
55.42000 0.732
55.44000 -0.261
55.46000 5.459
55.48000 2.404
55.50000 -2.453
55.52000 2.572
55.54000 3.152
55.56000 4.655
55.58000 1.032
55.60000 1.909
55.62000 5.722
55.64000 6.087
55.66000 2.367
55.68000 1.715
55.70000 3.594
55.72000 4.166
55.74000 3.098
55.76000 4.680
55.78000 5.819
55.80000 3.498
55.82000 5.312
55.84000 2.982
55.86000 -2.434
55.88000 0.786
55.90000 4.601
55.92000 4.564
55.94000 4.703
55.96000 6.760
55.98000 7.553
56.00000 1.607
56.02000 2.211
56.04000 4.720
56.06000 6.647
56.08000 5.075
56.10000 4.062
56.12000 -0.712
56.14000 -0.868
56.16000 1.843
56.18000 4.670
56.20000 6.609
56.22000 4.413
56.24000 3.806
56.26000 0.079
56.28000 1.500
56.30000 -0.047
56.32000 1.542
56.34000 3.219
56.36000 5.013
56.38000 5.037
56.40000 0.547
56.42000 -0.202
56.44000 0.572
56.46000 3.781
56.48000 0.506
56.50000 -0.495
56.52000 3.474
56.54000 5.361
56.56000 5.114
56.58000 6.245
56.60000 2.051
56.62000 -1.979
56.64000 1.713
56.66000 3.116
56.68000 4.312
56.70000 3.382
56.72000 3.032
56.74000 7.223
56.76000 5.037
56.78000 5.166
56.80000 -0.392
56.82000 2.116
56.84000 4.168
56.86000 2.348
56.88000 4.025
56.90000 3.039
56.92000 1.685
56.94000 0.866
56.96000 -0.905
56.98000 0.488
57.00000 0.567
57.02000 2.578
57.04000 2.006
57.06000 4.548
57.08000 2.129
57.10000 0.046
57.12000 -1.359
57.14000 -2.448
57.16000 2.962
57.18000 3.789
57.20000 0.613
57.22000 -0.730
57.24000 1.979
57.26000 3.821
57.28000 4.072
57.30000 2.476
57.32000 5.730
57.34000 1.874
57.36000 2.947
57.38000 3.289
57.40000 1.109
57.42000 -0.079
57.44000 -0.061
57.46000 -0.369
57.48000 0.638
57.50000 2.456
57.52000 5.302
57.54000 3.592
57.56000 3.033
57.58000 5.645
57.60000 1.102
57.62000 -1.085
57.64000 1.978
57.66000 2.838
57.68000 -1.470
57.70000 -0.357
57.72000 -0.980
57.74000 -0.520
57.76000 3.737
57.78000 0.642
57.80000 -0.852
57.82000 0.681
57.84000 2.823
57.86000 3.875
57.88000 1.442
57.90000 -1.275
57.92000 -0.270
57.94000 -1.525
57.96000 1.906
57.98000 -1.217
58.00000 0.617
58.02000 -2.399
58.04000 0.789
58.06000 1.767
58.08000 2.971
58.10000 2.168
58.12000 -0.136
58.14000 -1.303
58.16000 -0.910
58.18000 -0.146
58.20000 -0.006
58.22000 -1.793
58.24000 -0.758
58.26000 3.794
58.28000 5.426
58.30000 6.321
58.32000 1.905
58.34000 -0.905
58.36000 -0.934
58.38000 2.019
58.40000 3.366
58.42000 1.094
58.44000 -1.173
58.46000 -2.410
58.48000 2.299
58.50000 0.993
58.52000 2.228
58.54000 1.539
58.56000 3.061
58.58000 1.318
58.60000 -2.216
58.62000 -2.402
58.64000 0.317
58.66000 1.897
58.68000 -1.048
58.70000 -0.538
58.72000 1.479
58.74000 1.829
58.76000 3.622
58.78000 3.570
58.80000 3.345
58.82000 2.034
58.84000 -0.596
58.86000 -2.387
58.88000 0.756
58.90000 1.276
58.92000 0.451
58.94000 0.635
58.96000 3.551
58.98000 2.135
59.00000 2.672
59.02000 0.129
59.04000 1.742
59.06000 0.932
59.08000 1.643
59.10000 1.782
59.12000 5.235
59.14000 5.661
59.16000 4.421
59.18000 3.459
59.20000 -0.342
59.22000 3.298
59.24000 4.907
59.26000 3.093
59.28000 3.505
59.30000 4.336
59.32000 1.115
59.34000 3.784
59.36000 6.411
59.38000 1.306
59.40000 1.508
59.42000 -1.705
59.44000 3.181
59.46000 2.245
59.48000 2.416
59.50000 2.164
59.52000 0.561
59.54000 -0.189
59.56000 -0.411
59.58000 2.502
59.60000 2.051
59.62000 4.238
59.64000 1.918
59.66000 0.234
59.68000 3.146
59.70000 1.564
59.72000 0.970
59.74000 1.903
59.76000 2.054
59.78000 0.605
59.80000 1.498
59.82000 0.045
59.84000 4.114
59.86000 2.478
59.88000 4.615
59.90000 4.849
59.92000 0.295
59.94000 -2.348
59.96000 -1.882
59.98000 1.948
60.00000 4.538
60.02000 1.897
60.04000 3.007
60.06000 2.315
60.08000 -0.309
60.10000 -1.183
60.12000 2.242
60.14000 3.938
60.16000 5.682
60.18000 3.557
60.20000 3.499
60.22000 6.145
60.24000 2.947
60.26000 -0.647
60.28000 0.703
60.30000 3.910
60.32000 -0.465
60.34000 1.533
60.36000 0.251
60.38000 0.002
60.40000 1.333
60.42000 2.168
60.44000 2.381
60.46000 -1.327
60.48000 -0.794
60.50000 0.978
60.52000 -0.899
60.54000 4.141
60.56000 2.391
60.58000 0.396
60.60000 -0.296
60.62000 0.960
60.64000 1.939
60.66000 2.402
60.68000 1.381
60.70000 1.997
60.72000 0.738
60.74000 -2.139
60.76000 -2.161
60.78000 -0.448
60.80000 3.523
60.82000 1.586
60.84000 -0.370
60.86000 1.706
60.88000 1.358
60.90000 0.008
60.92000 -0.837
60.94000 0.062
60.96000 2.233
60.98000 -2.037
61.00000 0.608
61.02000 2.308
61.04000 3.554
61.06000 1.782
61.08000 3.947
61.10000 0.635
61.12000 -0.366
61.14000 0.573
61.16000 0.873
61.18000 1.333
61.20000 0.286
61.22000 1.664
61.24000 1.682
61.26000 -2.105
61.28000 -0.153
61.30000 1.493
61.32000 -1.102
61.34000 -1.178
61.36000 -0.431
61.38000 0.950
61.40000 3.256
61.42000 1.898
61.44000 -0.403
61.46000 3.244
61.48000 2.490
61.50000 1.406
61.52000 -2.298
61.54000 0.629
61.56000 -1.483
61.58000 -0.045
61.60000 3.979
61.62000 3.601
61.64000 2.805
61.66000 4.116
61.68000 4.209
61.70000 1.847
61.72000 1.055
61.74000 -2.301
61.76000 0.187
61.78000 -1.628
61.80000 0.246
61.82000 4.598
61.84000 3.063
61.86000 2.553
61.88000 1.786
61.90000 2.291
61.92000 2.889
61.94000 2.707
61.96000 0.235
61.98000 1.427
62.00000 5.452
62.02000 5.163
62.04000 4.403
62.06000 3.103
62.08000 0.010
62.10000 -0.524
62.12000 -0.034
62.14000 2.347
62.16000 0.639
62.18000 0.665
62.20000 1.428
62.22000 4.939
62.24000 3.739
62.26000 1.770
62.28000 -2.297
62.30000 -0.317
62.32000 2.873
62.34000 3.757
62.36000 -0.354
62.38000 0.552
62.40000 3.118
62.42000 -2.233
62.44000 -1.756
62.46000 0.566
62.48000 2.504
62.50000 0.204
62.52000 1.877
62.54000 4.408
62.56000 3.365
62.58000 2.868
62.60000 3.241
62.62000 0.758
62.64000 0.858
62.66000 -0.385
62.68000 -0.481
62.70000 1.078
62.72000 1.450
62.74000 2.128
62.76000 0.844
62.78000 3.270
62.80000 1.831
62.82000 -0.224
62.84000 -1.119
62.86000 1.413
62.88000 3.228
62.90000 4.196
62.92000 1.833
62.94000 0.568
62.96000 2.023
62.98000 0.610
63.00000 0.216
63.02000 -0.285
63.04000 0.069
63.06000 2.307
63.08000 2.689
63.10000 3.716
63.12000 2.940
63.14000 0.059
63.16000 1.302
63.18000 0.252
63.20000 3.209
63.22000 3.009
63.24000 3.676
63.26000 2.160
63.28000 2.584
63.30000 3.054
63.32000 -0.533
63.34000 -2.268
63.36000 -0.613
63.38000 1.041
63.40000 -1.336
63.42000 -0.380
63.44000 3.034
63.46000 2.762
63.48000 -0.064
63.50000 3.354
63.52000 3.367
63.54000 3.194
63.56000 1.934
63.58000 -0.058
63.60000 -0.889
63.62000 -0.246
63.64000 -0.666
63.66000 1.157
63.68000 1.391
63.70000 -1.342
63.72000 0.826
63.74000 2.908
63.76000 1.233
63.78000 2.017
63.80000 1.139
63.82000 0.779
63.84000 -0.749
63.86000 -1.301
63.88000 0.211
63.90000 -1.104
63.92000 -1.076
63.94000 0.727
63.96000 2.406
63.98000 0.187
64.00000 -0.200
64.02000 1.733
64.04000 2.918
64.06000 0.925
64.08000 -0.494
64.10000 0.090
64.12000 2.234
64.14000 1.490
64.16000 1.248
64.18000 -0.800
64.20000 -0.241
64.22000 1.574
64.24000 1.871
64.26000 -0.949
64.28000 -2.214
64.30000 1.514
64.32000 8.474
64.34000 5.422
64.36000 0.498
64.38000 0.079
64.40000 -1.606
64.42000 -0.774
64.44000 5.330
64.46000 3.315
64.48000 0.911
64.50000 2.212
64.52000 0.949
64.54000 2.425
64.56000 1.778
64.58000 1.319
64.60000 3.391
64.62000 3.323
64.64000 -0.394
64.66000 2.187
64.68000 0.623
64.70000 2.396
64.72000 1.330
64.74000 -1.302
64.76000 0.115
64.78000 1.747
64.80000 2.770
64.82000 1.501
64.84000 -1.087
64.86000 1.300
64.88000 1.508
64.90000 2.201
64.92000 2.690
64.94000 0.630
64.96000 -1.036
64.98000 -1.122
65.00000 3.704
65.02000 4.710
65.04000 1.845
65.06000 2.898
65.08000 0.627
65.10000 -2.295
65.12000 -1.227
65.14000 3.859
65.16000 3.144
65.18000 2.888
65.20000 2.615
65.22000 0.968
65.24000 0.953
65.26000 0.343
65.28000 0.411
65.30000 1.054
65.32000 -1.991
65.34000 -1.898
65.36000 0.691
65.38000 0.498
65.40000 0.036
65.42000 2.132
65.44000 0.767
65.46000 1.233
65.48000 -0.429
65.50000 0.662
65.52000 1.668
65.54000 1.650
65.56000 0.355
65.58000 0.002
65.60000 -0.481
65.62000 2.402
65.64000 3.495
65.66000 2.151
65.68000 0.039
65.70000 -0.448
65.72000 2.251
65.74000 -0.529
65.76000 1.505
65.78000 2.534
65.80000 -1.208
65.82000 -1.024
65.84000 1.223
65.86000 -0.308
65.88000 -1.688
65.90000 -2.309
65.92000 1.991
65.94000 1.692
65.96000 1.788
65.98000 2.024
66.00000 0.710
66.02000 -0.376
66.04000 -0.782
66.06000 -1.311
66.08000 1.709
66.10000 3.050
66.12000 0.698
66.14000 0.610
66.16000 -1.079
66.18000 1.051
66.20000 0.883
66.22000 3.277
66.24000 4.839
66.26000 6.118
66.28000 3.740
66.30000 2.975
66.32000 3.033
66.34000 0.808
66.36000 2.972
66.38000 1.510
66.40000 0.562
66.42000 -2.314
66.44000 0.822
66.46000 3.824
66.48000 0.830
66.50000 0.971
66.52000 1.741
66.54000 3.054
66.56000 2.656
66.58000 0.925
66.60000 -0.157
66.62000 1.492
66.64000 1.904
66.66000 3.229
66.68000 4.142
66.70000 0.621
66.72000 1.231
66.74000 3.799
66.76000 1.812
66.78000 -0.221
66.80000 0.760
66.82000 -0.850
66.84000 -0.232
66.86000 0.352
66.88000 -0.458
66.90000 2.017
66.92000 0.119
66.94000 -1.893
66.96000 -0.108
66.98000 0.835
67.00000 2.566
67.02000 2.589
67.04000 3.048
67.06000 2.559
67.08000 -0.370
67.10000 -2.332
67.12000 3.053
67.14000 2.005
67.16000 -0.522
67.18000 0.129
67.20000 -0.633
67.22000 1.663
67.24000 -2.080
67.26000 -0.920
67.28000 -2.008
67.30000 1.192
67.32000 1.894
67.34000 0.728
67.36000 1.763
67.38000 -1.860
67.40000 -0.819
67.42000 -1.268
67.44000 -2.346
67.46000 2.578
67.48000 6.291
67.50000 4.620
67.52000 1.311
67.54000 1.049
67.56000 -0.200
67.58000 -1.589
67.60000 1.645
67.62000 4.059
67.64000 3.289
67.66000 1.470
67.68000 0.953
67.70000 2.403
67.72000 4.197
67.74000 6.127
67.76000 4.121
67.78000 1.699
67.80000 1.534
67.82000 1.025
67.84000 2.915
67.86000 5.093
67.88000 1.866
67.90000 1.741
67.92000 1.404
67.94000 -0.632
67.96000 3.649
67.98000 5.843
68.00000 2.387
68.02000 1.578
68.04000 1.050
68.06000 0.361
68.08000 3.656
68.10000 5.829
68.12000 6.007
68.14000 4.233
68.16000 5.802
68.18000 8.872
68.20000 5.878
68.22000 5.552
68.24000 6.366
68.26000 7.477
68.28000 8.772
68.30000 7.915
68.32000 10.454
68.34000 12.626
68.36000 10.140
68.38000 9.045
68.40000 9.400
68.42000 13.753
68.44000 14.721
68.46000 12.547
68.48000 15.161
68.50000 18.568
68.52000 18.886
68.54000 14.391
68.56000 13.827
68.58000 16.491
68.60000 17.599
68.62000 15.801
68.64000 16.705
68.66000 17.917
68.68000 17.476
68.70000 19.916
68.72000 19.865
68.74000 20.002
68.76000 22.394
68.78000 24.746
68.80000 26.609
68.82000 24.011
68.84000 23.511
68.86000 27.226
68.88000 26.743
68.90000 25.910
68.92000 25.806
68.94000 28.302
68.96000 27.332
68.98000 29.038
69.00000 28.809
69.02000 28.075
69.04000 27.362
69.06000 26.832
69.08000 26.606
69.10000 26.515
69.12000 25.867
69.14000 23.382
69.16000 22.755
69.18000 21.958
69.20000 24.940
69.22000 22.182
69.24000 20.961
69.26000 21.732
69.28000 22.830
69.30000 21.763
69.32000 21.848
69.34000 18.502
69.36000 15.291
69.38000 12.603
69.40000 12.226
69.42000 15.689
69.44000 13.970
69.46000 17.089
69.48000 13.499
69.50000 13.669
69.52000 10.360
69.54000 10.852
69.56000 11.300
69.58000 10.729
69.60000 8.913
69.62000 11.497
69.64000 10.290
69.66000 8.032
69.68000 9.406
69.70000 8.635
69.72000 5.554
69.74000 4.793
69.76000 7.134
69.78000 6.601
69.80000 5.518
69.82000 5.716
69.84000 2.269
69.86000 1.926
69.88000 1.529
69.90000 3.162
69.92000 2.754
69.94000 1.825
69.96000 4.273
69.98000 4.764
70.00000 2.631
70.02000 3.992
70.04000 2.439
70.06000 2.314
70.08000 1.821
70.10000 -0.704
70.12000 -0.019
70.14000 2.826
70.16000 1.735
70.18000 3.723
70.20000 0.306
70.22000 -1.391
70.24000 0.563
70.26000 1.274
70.28000 3.293
70.30000 5.977
70.32000 3.073
70.34000 3.688
70.36000 5.058
70.38000 3.467
70.40000 6.224
70.42000 4.439
70.44000 3.722
70.46000 -1.786
70.48000 2.004
70.50000 3.725
70.52000 2.544
70.54000 1.046
70.56000 -0.676
70.58000 5.469
70.60000 6.345
70.62000 2.501
70.64000 0.410
70.66000 3.001
70.68000 2.478
70.70000 1.889
70.72000 3.232
70.74000 0.801
70.76000 -2.144
70.78000 1.832
70.80000 0.922
70.82000 0.803
70.84000 -2.233
70.86000 -0.257
70.88000 3.659
70.90000 4.954
70.92000 2.428
70.94000 -1.256
70.96000 0.451
70.98000 3.671
71.00000 4.502
71.02000 3.235
71.04000 3.168
71.06000 -0.039
71.08000 -0.704
71.10000 2.502
71.12000 3.803
71.14000 -0.512
71.16000 -1.057
71.18000 -0.149
71.20000 -0.643
71.22000 4.555
71.24000 1.067
71.26000 -1.773
71.28000 0.179
71.30000 0.169
71.32000 1.602
71.34000 -0.571
71.36000 2.710
71.38000 6.266
71.40000 2.561
71.42000 1.351
71.44000 4.210
71.46000 2.949
71.48000 -0.918
71.50000 -1.544
71.52000 -1.664
71.54000 -2.166
71.56000 1.307
71.58000 3.498
71.60000 1.295
71.62000 5.578
71.64000 8.979
71.66000 7.956
71.68000 6.647
71.70000 4.361
71.72000 3.168
71.74000 3.188
71.76000 1.830
71.78000 1.505
71.80000 -0.355
71.82000 1.392
71.84000 1.954
71.86000 2.601
71.88000 4.389
71.90000 -1.810
71.92000 -0.586
71.94000 0.794
71.96000 1.102
71.98000 2.606
72.00000 3.785
72.02000 3.231
72.04000 7.422
72.06000 4.630
72.08000 0.893
72.10000 0.943
72.12000 2.271
72.14000 1.671
72.16000 2.932
72.18000 1.633
72.20000 0.113
72.22000 -1.216
72.24000 2.416
72.26000 4.763
72.28000 2.632
72.30000 1.066
72.32000 1.526
72.34000 3.271
72.36000 2.244
72.38000 3.789
72.40000 3.136
72.42000 3.393
72.44000 2.550
72.46000 4.803
72.48000 4.689
72.50000 0.314
72.52000 -0.879
72.54000 1.753
72.56000 1.282
72.58000 -0.380
72.60000 1.906
72.62000 0.831
72.64000 -0.558
72.66000 1.164
72.68000 5.008
72.70000 5.998
72.72000 6.762
72.74000 5.492
72.76000 6.724
72.78000 1.951
72.80000 2.637
72.82000 3.635
72.84000 4.582
72.86000 7.517
72.88000 6.302
72.90000 2.906
72.92000 3.749
72.94000 7.087
72.96000 7.483
72.98000 6.891
73.00000 3.953
73.02000 -1.011
73.04000 -2.086
73.06000 0.683
73.08000 5.077
73.10000 5.746
73.12000 4.082
73.14000 3.762
73.16000 4.128
73.18000 5.606
73.20000 7.605
73.22000 6.473
73.24000 5.527
73.26000 2.678
73.28000 6.254
73.30000 6.044
73.32000 4.666
73.34000 3.151
73.36000 1.156
73.38000 2.965
73.40000 2.849
73.42000 4.834
73.44000 7.083
73.46000 5.613
73.48000 3.072
73.50000 2.063
73.52000 5.746
73.54000 7.006
73.56000 5.004
73.58000 5.250
73.60000 4.773
73.62000 3.809
73.64000 1.559
73.66000 1.966
73.68000 2.247
73.70000 4.458
73.72000 2.112
73.74000 0.752
73.76000 -0.349
73.78000 -2.095
73.80000 3.497
73.82000 5.202
73.84000 4.600
73.86000 2.450
73.88000 5.944
73.90000 1.464
73.92000 1.219
73.94000 3.003
73.96000 2.197
73.98000 4.253
74.00000 5.654
74.02000 2.700
74.04000 1.588
74.06000 6.960
74.08000 7.839
74.10000 2.934
74.12000 2.081
74.14000 6.914
74.16000 1.696
74.18000 2.905
74.20000 -0.751
74.22000 -1.122
74.24000 1.747
74.26000 3.864
74.28000 1.615
74.30000 2.285
74.32000 1.320
74.34000 0.442
74.36000 0.019
74.38000 1.843
74.40000 2.236
74.42000 -1.689
74.44000 -1.281
74.46000 -2.121
74.48000 3.919
74.50000 4.653
74.52000 3.437
74.54000 -0.373
74.56000 -1.546
74.58000 -0.990
74.60000 -1.259
74.62000 -0.640
74.64000 -1.740
74.66000 0.045
74.68000 2.568
74.70000 1.066
74.72000 2.048
74.74000 4.690
74.76000 2.850
74.78000 2.206
74.80000 2.628
74.82000 -0.761
74.84000 -2.042
74.86000 0.453
74.88000 -2.013
74.90000 1.824
74.92000 1.150
74.94000 1.104
74.96000 -0.292
74.98000 0.563
75.00000 3.815
75.02000 1.000
75.04000 -1.551
75.06000 1.682
75.08000 1.340
75.10000 0.640
75.12000 1.267
75.14000 1.136
75.16000 0.908
75.18000 0.704
75.20000 7.474
75.22000 8.420
75.24000 4.122
75.26000 -1.014
75.28000 -1.297
75.30000 2.548
75.32000 -1.088
75.34000 0.855
75.36000 0.489
75.38000 0.029
75.40000 -2.122
75.42000 -0.254
75.44000 2.947
75.46000 1.740
75.48000 4.377
75.50000 2.378
75.52000 4.860
75.54000 4.070
75.56000 4.449
75.58000 1.463
75.60000 1.630
75.62000 1.770
75.64000 2.466
75.66000 0.419
75.68000 1.283
75.70000 -2.117
75.72000 1.902
75.74000 3.806
75.76000 4.627
75.78000 3.155
75.80000 -0.308
75.82000 1.379
75.84000 2.879
75.86000 1.573
75.88000 2.592
75.90000 0.605
75.92000 3.440
75.94000 3.670
75.96000 1.673
75.98000 -1.714
76.00000 2.944
76.02000 3.563
76.04000 2.150
76.06000 0.732
76.08000 4.182
76.10000 3.010
76.12000 2.677
76.14000 3.522
76.16000 2.009
76.18000 -0.516
76.20000 3.307
76.22000 3.957
76.24000 3.445
76.26000 4.122
76.28000 3.500
76.30000 3.451
76.32000 3.078
76.34000 0.920
76.36000 2.199
76.38000 2.802
76.40000 0.914
76.42000 3.478
76.44000 5.106
76.46000 8.355
76.48000 6.361
76.50000 1.489
76.52000 -0.817
76.54000 -0.654
76.56000 2.887
76.58000 1.890
76.60000 -0.676
76.62000 -2.137
76.64000 1.589
76.66000 5.916
76.68000 3.850
76.70000 1.303
76.72000 1.805
76.74000 3.886
76.76000 4.316
76.78000 0.239
76.80000 0.422
76.82000 3.075
76.84000 3.271
76.86000 2.081
76.88000 4.367
76.90000 5.873
76.92000 4.619
76.94000 3.307
76.96000 -0.022
76.98000 -1.773
77.00000 0.343
77.02000 2.968
77.04000 1.413
77.06000 -2.130
77.08000 3.642
77.10000 3.566
77.12000 1.862
77.14000 1.307
77.16000 1.780
77.18000 2.079
77.20000 1.967
77.22000 3.027
77.24000 5.322
77.26000 4.155
77.28000 1.100
77.30000 -0.688
77.32000 3.082
77.34000 2.285
77.36000 2.985
77.38000 -0.146
77.40000 2.896
77.42000 1.219
77.44000 -0.611
77.46000 1.677
77.48000 0.988
77.50000 4.003
77.52000 1.800
77.54000 2.061
77.56000 -0.595
77.58000 0.415
77.60000 0.617
77.62000 -0.165
77.64000 0.370
77.66000 2.529
77.68000 3.962
77.70000 0.075
77.72000 -1.282
77.74000 -0.408
77.76000 1.804
77.78000 2.276
77.80000 -1.123
77.82000 1.436
77.84000 3.007
77.86000 3.622
77.88000 0.909
77.90000 -0.585
77.92000 1.310
77.94000 0.501
77.96000 0.319
77.98000 1.291
78.00000 2.839
78.02000 0.862
78.04000 -2.168
78.06000 -0.026
78.08000 0.772
78.10000 5.222
78.12000 3.003
78.14000 1.372
78.16000 3.109
78.18000 1.172
78.20000 0.952
78.22000 3.393
78.24000 3.064
78.26000 -1.717
78.28000 -0.780
78.30000 1.693
78.32000 3.193
78.34000 2.972
78.36000 3.456
78.38000 2.892
78.40000 0.549
78.42000 2.544
78.44000 0.614
78.46000 -0.704
78.48000 6.001
78.50000 1.995
78.52000 -1.062
78.54000 1.255
78.56000 1.728
78.58000 2.485
78.60000 0.463
78.62000 2.823
78.64000 3.986
78.66000 2.774
78.68000 4.666
78.70000 7.135
78.72000 2.846
78.74000 0.174
78.76000 3.899
78.78000 6.134
78.80000 3.262
78.82000 -0.154
78.84000 0.756
78.86000 0.736
78.88000 2.625
78.90000 1.002
78.92000 3.846
78.94000 9.695
78.96000 1.981
78.98000 2.330
79.00000 2.108
79.02000 -2.143
79.04000 0.720
79.06000 6.322
79.08000 6.907
79.10000 5.422
79.12000 3.318
79.14000 3.257
79.16000 3.340
79.18000 1.663
79.20000 2.644
79.22000 2.255
79.24000 4.338
79.26000 0.898
79.28000 0.864
79.30000 1.826
79.32000 5.151
79.34000 3.685
79.36000 4.544
79.38000 6.974
79.40000 2.328
79.42000 2.608
79.44000 0.873
79.46000 -0.199
79.48000 -0.812
79.50000 1.521
79.52000 -1.260
79.54000 -2.175
79.56000 1.484
79.58000 4.206
79.60000 4.753
79.62000 5.517
79.64000 4.009
79.66000 2.263
79.68000 2.692
79.70000 1.556
79.72000 2.589
79.74000 2.930
79.76000 1.375
79.78000 2.198
79.80000 -0.056
79.82000 -0.313
79.84000 -2.119
79.86000 -1.368
79.88000 3.051
79.90000 0.809
79.92000 3.767
79.94000 5.100
79.96000 1.678
79.98000 1.660
80.00000 2.182
80.02000 0.744
80.04000 2.684
80.06000 3.422
80.08000 0.906
80.10000 -0.513
80.12000 3.345
80.14000 3.703
80.16000 3.513
80.18000 0.603
80.20000 -0.793
80.22000 -1.409
80.24000 0.056
80.26000 0.051
80.28000 0.871
80.30000 3.393
80.32000 3.343
80.34000 -1.981
80.36000 1.040
80.38000 -0.509
80.40000 1.439
80.42000 0.090
80.44000 -1.468
80.46000 0.285
80.48000 1.715
80.50000 -0.330
80.52000 -2.241
80.54000 -0.048
80.56000 0.430
80.58000 0.570
80.60000 1.793
80.62000 0.949
80.64000 0.670
80.66000 0.525
80.68000 0.758
80.70000 0.476
80.72000 4.789
80.74000 3.776
80.76000 1.318
80.78000 0.531
80.80000 -1.100
80.82000 -1.560
80.84000 -1.078
80.86000 -2.247
80.88000 4.074
80.90000 0.684
80.92000 -0.359
80.94000 2.194
80.96000 2.001
80.98000 0.540
81.00000 -1.964
81.02000 -2.253
81.04000 -1.677
81.06000 -0.735
81.08000 0.150
81.10000 3.873
81.12000 4.333
81.14000 3.864
81.16000 4.620
81.18000 3.674
81.20000 5.618
81.22000 3.122
81.24000 -0.480
81.26000 0.905
81.28000 3.584
81.30000 0.359
81.32000 0.580
81.34000 2.303
81.36000 2.765
81.38000 3.324
81.40000 1.835
81.42000 0.718
81.44000 -0.602
81.46000 -2.267
81.48000 2.484
81.50000 3.553
81.52000 3.505
81.54000 2.029
81.56000 2.143
81.58000 2.259
81.60000 1.071
81.62000 2.764
81.64000 4.777
81.66000 5.800
81.68000 2.456
81.70000 2.709
81.72000 4.460
81.74000 4.966
81.76000 1.138
81.78000 2.219
81.80000 2.482
81.82000 3.002
81.84000 3.846
81.86000 4.930
81.88000 6.627
81.90000 0.702
81.92000 2.598
81.94000 5.482
81.96000 4.631
81.98000 3.482
82.00000 2.702
82.02000 4.133
82.04000 3.382
82.06000 2.548
82.08000 2.616
82.10000 0.645
82.12000 3.937
82.14000 9.358
82.16000 8.987
82.18000 7.499
82.20000 3.822
82.22000 7.267
82.24000 8.694
82.26000 14.406
82.28000 10.823
82.30000 5.608
82.32000 7.718
82.34000 9.341
82.36000 15.041
82.38000 14.855
82.40000 12.596
82.42000 14.805
82.44000 17.222
82.46000 15.775
82.48000 13.043
82.50000 14.076
82.52000 14.668
82.54000 15.249
82.56000 16.841
82.58000 13.997
82.60000 13.245
82.62000 16.475
82.64000 15.872
82.66000 20.088
82.68000 25.160
82.70000 20.590
82.72000 14.777
82.74000 17.023
82.76000 21.011
82.78000 24.761
82.80000 27.353
82.82000 26.630
82.84000 26.424
82.86000 27.794
82.88000 30.385
82.90000 31.711
82.92000 30.152
82.94000 32.282
82.96000 34.081
82.98000 34.930
83.00000 31.095
83.02000 36.110
83.04000 44.220
83.06000 46.374
83.08000 45.211
83.10000 40.708
83.12000 42.185
83.14000 43.495
83.16000 41.975
83.18000 39.220
83.20000 43.939
83.22000 43.511
83.24000 39.630
83.26000 37.766
83.28000 39.430
83.30000 39.361
83.32000 40.216
83.34000 37.260
83.36000 37.747
83.38000 39.728
83.40000 37.210
83.42000 33.947
83.44000 34.647
83.46000 39.782
83.48000 36.101
83.50000 29.583
83.52000 34.448
83.54000 33.361
83.56000 35.911
83.58000 35.894
83.60000 32.905
83.62000 36.159
83.64000 32.574
83.66000 29.912
83.68000 28.523
83.70000 32.246
83.72000 31.441
83.74000 29.139
83.76000 29.720
83.78000 26.279
83.80000 20.386
83.82000 22.908
83.84000 21.389
83.86000 19.843
83.88000 18.882
83.90000 23.455
83.92000 16.868
83.94000 16.019
83.96000 19.897
83.98000 18.234
84.00000 17.540
84.02000 17.396
84.04000 19.263
84.06000 11.739
84.08000 8.645
84.10000 12.200
84.12000 10.185
84.14000 16.634
84.16000 13.477
84.18000 14.561
84.20000 13.113
84.22000 13.467
84.24000 11.410
84.26000 9.840
84.28000 9.504
84.30000 8.489
84.32000 5.350
84.34000 7.257
84.36000 7.222
84.38000 2.446
84.40000 0.339
84.42000 5.925
84.44000 7.334
84.46000 6.658
84.48000 3.573
84.50000 0.893
84.52000 0.672
84.54000 2.401
84.56000 2.277
84.58000 4.568
84.60000 -0.184
84.62000 0.406
84.64000 1.211
84.66000 1.305
84.68000 0.334
84.70000 1.388
84.72000 4.375
84.74000 1.401
84.76000 -0.716
84.78000 4.333
84.80000 2.096
84.82000 0.293
84.84000 -1.731
84.86000 -1.803
84.88000 -1.464
84.90000 -2.298
84.92000 -1.568
84.94000 1.558
84.96000 2.508
84.98000 1.039
85.00000 0.597
85.02000 1.824
85.04000 0.742
85.06000 0.378
85.08000 4.706
85.10000 1.805
85.12000 -0.925
85.14000 1.870
85.16000 1.906
85.18000 2.343
85.20000 -0.970
85.22000 0.778
85.24000 1.376
85.26000 -0.055
85.28000 0.305
85.30000 1.770
85.32000 2.241
85.34000 2.740
85.36000 1.643
85.38000 -2.102
85.40000 -1.650
85.42000 2.390
85.44000 1.997
85.46000 -1.931
85.48000 -1.694
85.50000 -0.195
85.52000 -0.278
85.54000 0.176
85.56000 -0.210
85.58000 -2.164
85.60000 2.037
85.62000 3.497
85.64000 0.857
85.66000 -1.300
85.68000 1.801
85.70000 3.784
85.72000 -0.324
85.74000 -0.904
85.76000 3.097
85.78000 3.031
85.80000 0.556
85.82000 0.368
85.84000 5.138
85.86000 6.259
85.88000 3.016
85.90000 2.606
85.92000 1.163
85.94000 7.024
85.96000 7.152
85.98000 9.508
86.00000 6.791
86.02000 5.447
86.04000 4.972
86.06000 -2.140
86.08000 1.113
86.10000 0.831
86.12000 1.681
86.14000 4.092
86.16000 5.266
86.18000 5.284
86.20000 5.920
86.22000 3.512
86.24000 3.791
86.26000 6.809
86.28000 7.046
86.30000 10.934
86.32000 2.842
86.34000 3.019
86.36000 6.654
86.38000 5.641
86.40000 6.347
86.42000 6.371
86.44000 4.713
86.46000 3.836
86.48000 4.016
86.50000 5.394
86.52000 5.092
86.54000 4.223
86.56000 3.399
86.58000 1.797
86.60000 4.700
86.62000 7.592
86.64000 6.428
86.66000 3.543
86.68000 2.852
86.70000 0.362
86.72000 1.987
86.74000 5.888
86.76000 3.114
86.78000 4.918
86.80000 5.013
86.82000 3.935
86.84000 3.851
86.86000 6.699
86.88000 3.590
86.90000 1.420
86.92000 4.324
86.94000 2.057
86.96000 3.484
86.98000 7.165
87.00000 8.991
87.02000 9.914
87.04000 9.882
87.06000 9.581
87.08000 10.780
87.10000 9.655
87.12000 9.868
87.14000 12.231
87.16000 11.820
87.18000 9.688
87.20000 10.688
87.22000 13.927
87.24000 10.790
87.26000 12.586
87.28000 16.073
87.30000 18.375
87.32000 16.536
87.34000 15.839
87.36000 20.838
87.38000 21.925
87.40000 20.799
87.42000 19.450
87.44000 20.548
87.46000 20.876
87.48000 28.127
87.50000 23.649
87.52000 24.615
87.54000 25.476
87.56000 23.338
87.58000 23.410
87.60000 21.007
87.62000 20.830
87.64000 21.475
87.66000 23.966
87.68000 23.520
87.70000 28.150
87.72000 28.762
87.74000 28.451
87.76000 27.761
87.78000 27.539
87.80000 29.356
87.82000 24.106
87.84000 20.048
87.86000 22.384
87.88000 26.940
87.90000 25.093
87.92000 18.283
87.94000 23.299
87.96000 22.901
87.98000 16.241
88.00000 19.476
88.02000 19.452
88.04000 20.663
88.06000 19.028
88.08000 19.680
88.10000 17.546
88.12000 16.938
88.14000 18.439
88.16000 20.803
88.18000 18.430
88.20000 16.607
88.22000 18.890
88.24000 14.114
88.26000 15.350
88.28000 14.859
88.30000 10.332
88.32000 9.129
88.34000 12.592
88.36000 13.378
88.38000 11.566
88.40000 13.549
88.42000 14.224
88.44000 8.943
88.46000 14.272
88.48000 15.762
88.50000 12.668
88.52000 11.775
88.54000 7.991
88.56000 7.964
88.58000 7.843
88.60000 8.098
88.62000 6.886
88.64000 5.358
88.66000 5.105
88.68000 5.292
88.70000 5.103
88.72000 6.399
88.74000 9.146
88.76000 5.973
88.78000 2.386
88.80000 4.764
88.82000 8.479
88.84000 7.300
88.86000 7.168
88.88000 1.350
88.90000 -2.160
88.92000 0.572
88.94000 3.730
88.96000 1.606
88.98000 5.645
89.00000 1.115
89.02000 -1.460
89.04000 1.670
89.06000 5.713
89.08000 5.046
89.10000 7.402
89.12000 6.468
89.14000 1.979
89.16000 1.371
89.18000 1.830
89.20000 3.621
89.22000 3.029
89.24000 4.047
89.26000 1.126
89.28000 -1.003
89.30000 -1.232
89.32000 3.587
89.34000 0.984
89.36000 2.310
89.38000 4.675
89.40000 4.338
89.42000 0.268
89.44000 0.577
89.46000 1.083
89.48000 3.918
89.50000 4.704
89.52000 4.078
89.54000 2.422
89.56000 0.872
89.58000 4.833
89.60000 7.674
89.62000 8.725
89.64000 2.912
89.66000 0.629
89.68000 -2.061
89.70000 -1.573
89.72000 2.373
89.74000 1.129
89.76000 -1.250
89.78000 0.126
89.80000 4.779
89.82000 2.077
89.84000 2.032
89.86000 -0.608
89.88000 2.251
89.90000 3.410
89.92000 1.984
89.94000 1.879
89.96000 4.231
89.98000 5.175
90.00000 3.517
90.02000 2.241
90.04000 1.136
90.06000 0.483
90.08000 3.465
90.10000 4.252
90.12000 4.226
90.14000 2.939
90.16000 1.006
90.18000 2.826
90.20000 6.070
90.22000 5.408
90.24000 5.175
90.26000 2.481
90.28000 3.941
90.30000 6.459
90.32000 3.031
90.34000 1.803
90.36000 7.536
90.38000 5.191
90.40000 4.306
90.42000 5.738
90.44000 5.310
90.46000 2.391
90.48000 2.103
90.50000 0.240
90.52000 -2.044
90.54000 -1.475
90.56000 -0.138
90.58000 0.532
90.60000 -0.194
90.62000 -1.391
90.64000 4.710
90.66000 6.734
90.68000 4.713
90.70000 3.429
90.72000 5.545
90.74000 4.443
90.76000 1.427
90.78000 1.737
90.80000 1.384
90.82000 1.346
90.84000 2.895
90.86000 0.218
90.88000 -1.405
90.90000 0.679
90.92000 4.535
90.94000 1.066
90.96000 1.365
90.98000 2.999
91.00000 0.875
91.02000 1.922
91.04000 1.161
91.06000 1.136
91.08000 -1.015
91.10000 1.291
91.12000 3.657
91.14000 1.282
91.16000 4.236
91.18000 4.460
91.20000 2.962
91.22000 1.567
91.24000 5.309
91.26000 2.454
91.28000 3.098
91.30000 4.724
91.32000 2.520
91.34000 1.536
91.36000 0.615
91.38000 1.732
91.40000 -0.128
91.42000 1.956
91.44000 5.987
91.46000 5.355
91.48000 6.475
91.50000 4.977
91.52000 2.157
91.54000 2.016
91.56000 1.067
91.58000 0.382
91.60000 1.885
91.62000 7.201
91.64000 4.265
91.66000 -0.725
91.68000 2.638
91.70000 3.815
91.72000 4.990
91.74000 5.889
91.76000 1.868
91.78000 -0.894
91.80000 2.672
91.82000 3.515
91.84000 3.400
91.86000 4.233
91.88000 5.571
91.90000 4.791
91.92000 -0.534
91.94000 -1.980
91.96000 4.591
91.98000 5.127
92.00000 6.778
92.02000 7.043
92.04000 4.025
92.06000 0.139
92.08000 2.402
92.10000 2.944
92.12000 2.099
92.14000 3.858
92.16000 2.418
92.18000 1.878
92.20000 2.504
92.22000 5.900
92.24000 2.727
92.26000 -1.997
92.28000 1.046
92.30000 7.463
92.32000 4.373
92.34000 1.268
92.36000 0.359
92.38000 2.796
92.40000 1.362
92.42000 0.160
92.44000 -0.058
92.46000 6.700
92.48000 2.823
92.50000 1.266
92.52000 4.423
92.54000 3.275
92.56000 2.305
92.58000 3.018
92.60000 1.894
92.62000 1.602
92.64000 7.481
92.66000 6.252
92.68000 4.810
92.70000 3.098
92.72000 3.250
92.74000 3.990
92.76000 2.505
92.78000 -0.946
92.80000 0.314
92.82000 2.833
92.84000 -1.076
92.86000 1.943
92.88000 4.491
92.90000 6.717
92.92000 2.713
92.94000 4.666
92.96000 7.971
92.98000 9.229
93.00000 6.878
93.02000 10.165
93.04000 6.313
93.06000 1.747
93.08000 3.830
93.10000 2.696
93.12000 1.756
93.14000 5.685
93.16000 8.323
93.18000 6.493
93.20000 5.701
93.22000 7.057
93.24000 3.923
93.26000 2.400
93.28000 5.821
93.30000 8.052
93.32000 6.628
93.34000 4.320
93.36000 7.604
93.38000 7.411
93.40000 1.374
93.42000 4.048
93.44000 7.938
93.46000 9.357
93.48000 4.603
93.50000 1.899
93.52000 0.375
93.54000 0.586
93.56000 -2.008
93.58000 0.578
93.60000 1.106
93.62000 0.290
93.64000 -0.196
93.66000 2.260
93.68000 4.987
93.70000 5.005
93.72000 2.178
93.74000 3.875
93.76000 4.037
93.78000 2.648
93.80000 1.605
93.82000 -1.141
93.84000 -0.276
93.86000 -0.188
93.88000 3.028
93.90000 3.286
93.92000 1.701
93.94000 1.138
93.96000 3.623
93.98000 1.366
94.00000 -0.996
94.02000 4.861
94.04000 4.370
94.06000 4.109
94.08000 1.917
94.10000 2.979
94.12000 3.835
94.14000 2.742
94.16000 1.098
94.18000 4.651
94.20000 5.207
94.22000 2.960
94.24000 0.861
94.26000 2.703
94.28000 1.455
94.30000 4.817
94.32000 1.154
94.34000 0.299
94.36000 0.533
94.38000 1.122
94.40000 2.723
94.42000 0.698
94.44000 0.382
94.46000 3.512
94.48000 2.726
94.50000 1.066
94.52000 4.626
94.54000 3.297
94.56000 0.168
94.58000 4.845
94.60000 4.655
94.62000 1.217
94.64000 2.826
94.66000 3.191
94.68000 3.590
94.70000 5.805
94.72000 0.567
94.74000 0.254
94.76000 -2.055
94.78000 2.871
94.80000 6.049
94.82000 4.614
94.84000 7.358
94.86000 4.893
94.88000 4.418
94.90000 -0.962
94.92000 -0.529
94.94000 1.785
94.96000 2.674
94.98000 8.806
95.00000 4.951
95.02000 2.062
95.04000 3.826
95.06000 3.683
95.08000 0.392
95.10000 -2.052
95.12000 4.500
95.14000 -0.134
95.16000 0.563
95.18000 4.896
95.20000 5.315
95.22000 0.339
95.24000 0.633
95.26000 2.127
95.28000 3.874
95.30000 2.348
95.32000 2.424
95.34000 0.569
95.36000 1.574
95.38000 3.323
95.40000 5.720
95.42000 4.907
95.44000 5.578
95.46000 8.339
95.48000 5.114
95.50000 5.359
95.52000 5.791
95.54000 4.303
95.56000 4.976
95.58000 2.120
95.60000 -0.109
95.62000 0.261
95.64000 0.114
95.66000 -0.037
95.68000 0.322
95.70000 0.525
95.72000 1.401
95.74000 -1.418
95.76000 -0.913
95.78000 2.665
95.80000 -1.889
95.82000 -1.172
95.84000 -0.469
95.86000 3.984
95.88000 3.544
95.90000 0.328
95.92000 0.918
95.94000 2.986
95.96000 2.647
95.98000 2.056
96.00000 3.793
96.02000 1.235
96.04000 0.621
96.06000 2.549
96.08000 2.929
96.10000 0.750
96.12000 6.144
96.14000 5.197
96.16000 4.829
96.18000 2.754
96.20000 2.536
96.22000 3.880
96.24000 1.429
96.26000 5.019
96.28000 3.079
96.30000 -0.379
96.32000 2.462
96.34000 8.873
96.36000 7.591
96.38000 5.374
96.40000 3.406
96.42000 2.446
96.44000 1.057
96.46000 0.535
96.48000 1.066
96.50000 3.860
96.52000 0.661
96.54000 -0.694
96.56000 4.541
96.58000 5.572
96.60000 5.661
96.62000 5.418
96.64000 5.206
96.66000 5.605
96.68000 -1.980
96.70000 0.016
96.72000 0.720
96.74000 5.603
96.76000 7.732
96.78000 9.210
96.80000 6.559
96.82000 0.896
96.84000 -1.959
96.86000 7.179
96.88000 7.534
96.90000 9.670
96.92000 9.141
96.94000 7.475
96.96000 5.707
96.98000 1.737
97.00000 1.355
97.02000 6.013
97.04000 6.895
97.06000 5.675
97.08000 3.945
97.10000 3.848
97.12000 5.132
97.14000 6.290
97.16000 11.902
97.18000 10.234
97.20000 6.049
97.22000 8.205
97.24000 7.660
97.26000 2.877
97.28000 6.048
97.30000 7.815
97.32000 8.017
97.34000 8.973
97.36000 9.272
97.38000 8.989
97.40000 11.138
97.42000 7.182
97.44000 2.602
97.46000 0.212
97.48000 5.993
97.50000 2.993
97.52000 2.937
97.54000 7.749
97.56000 11.160
97.58000 8.813
97.60000 9.022
97.62000 3.744
97.64000 7.154
97.66000 9.755
97.68000 9.471
97.70000 7.898
97.72000 2.344
97.74000 4.272
97.76000 1.527
97.78000 1.328
97.80000 1.517
97.82000 4.982
97.84000 4.146
97.86000 1.655
97.88000 1.676
97.90000 5.674
97.92000 4.855
97.94000 5.061
97.96000 10.061
97.98000 6.161
98.00000 2.228
98.02000 1.994
98.04000 -0.068
98.06000 2.718
98.08000 2.136
98.10000 6.925
98.12000 5.553
98.14000 3.705
98.16000 9.250
98.18000 10.927
98.20000 3.316
98.22000 8.478
98.24000 13.187
98.26000 8.366
98.28000 7.733
98.30000 3.411
98.32000 7.928
98.34000 8.499
98.36000 6.036
98.38000 1.078
98.40000 0.897
98.42000 6.585
98.44000 6.589
98.46000 3.622
98.48000 3.308
98.50000 4.262
98.52000 3.379
98.54000 2.294
98.56000 4.534
98.58000 10.737
98.60000 8.682
98.62000 9.389
98.64000 6.820
98.66000 2.942
98.68000 7.058
98.70000 11.227
98.72000 1.768
98.74000 3.487
98.76000 5.595
98.78000 8.641
98.80000 4.095
98.82000 3.297
98.84000 6.743
98.86000 3.535
98.88000 4.111
98.90000 2.348
98.92000 4.662
98.94000 12.381
98.96000 1.026
98.98000 7.752
99.00000 11.492
99.02000 12.833
99.04000 14.961
99.06000 7.841
99.08000 10.048
99.10000 5.633
99.12000 3.098
99.14000 10.529
99.16000 17.556
99.18000 13.837
99.20000 6.190
99.22000 -3.260
99.24000 3.179
99.26000 5.793
99.28000 10.445
99.30000 10.123
99.32000 9.462
99.34000 14.432
99.36000 12.214
99.38000 2.413
99.40000 5.261
99.42000 4.784
99.44000 5.659
99.46000 7.601
99.48000 0.679
99.50000 0.665
99.52000 9.073
99.54000 11.686
99.56000 5.933
99.58000 11.212
99.60000 11.247
99.62000 10.156
99.64000 7.570
99.66000 3.094
99.68000 9.467
99.70000 15.431
99.72000 16.280
99.74000 9.017
99.76000 6.839
99.78000 7.479
99.80000 3.676
99.82000 2.222
99.84000 4.628
99.86000 -2.202
99.88000 4.963
99.90000 8.044
99.92000 5.796
99.94000 1.739
99.96000 -2.136
99.98000 0.000
