'Id: "0011389" Comment: "Integrate frame 0011389_Au-Ir-Rh_Au-Rich_XRD_Mapping-108-0000.gfrmwith cursor Wedge Cursor #5" Operator: "B?rgel" Anode: "Cu" Wavelength: "1.5406" Scantype: "2Theta (TwoTheta)" TimePerStep: "1" X: "18" Y: "-13.5" Z: "5.95" 
10.00000 0.000
10.02000 -3.920
10.04000 -1.108
10.06000 -3.607
10.08000 -3.812
10.10000 2.785
10.12000 3.677
10.14000 10.181
10.16000 11.412
10.18000 21.296
10.20000 29.412
10.22000 4.953
10.24000 -3.809
10.26000 5.524
10.28000 14.068
10.30000 21.172
10.32000 1.427
10.34000 -3.685
10.36000 2.654
10.38000 5.695
10.40000 17.731
10.42000 22.351
10.44000 23.019
10.46000 10.574
10.48000 15.806
10.50000 18.345
10.52000 6.438
10.54000 11.396
10.56000 23.512
10.58000 15.622
10.60000 15.876
10.62000 6.316
10.64000 7.858
10.66000 11.060
10.68000 11.676
10.70000 10.117
10.72000 10.416
10.74000 20.035
10.76000 27.134
10.78000 19.131
10.80000 19.153
10.82000 14.187
10.84000 11.028
10.86000 10.140
10.88000 14.814
10.90000 18.609
10.92000 7.303
10.94000 22.248
10.96000 33.826
10.98000 15.643
11.00000 7.776
11.02000 5.015
11.04000 5.526
11.06000 24.554
11.08000 23.880
11.10000 25.480
11.12000 28.547
11.14000 20.700
11.16000 20.899
11.18000 23.625
11.20000 16.759
11.22000 14.627
11.24000 29.348
11.26000 18.921
11.28000 16.348
11.30000 24.175
11.32000 23.302
11.34000 26.258
11.36000 23.959
11.38000 22.932
11.40000 25.256
11.42000 31.273
11.44000 29.249
11.46000 21.019
11.48000 17.820
11.50000 22.752
11.52000 20.500
11.54000 21.272
11.56000 22.130
11.58000 14.790
11.60000 15.742
11.62000 9.303
11.64000 16.666
11.66000 27.283
11.68000 22.827
11.70000 16.681
11.72000 17.448
11.74000 17.342
11.76000 18.170
11.78000 23.862
11.80000 28.761
11.82000 31.888
11.84000 14.821
11.86000 6.739
11.88000 9.189
11.90000 22.730
11.92000 30.114
11.94000 27.841
11.96000 35.820
11.98000 20.511
12.00000 17.489
12.02000 10.994
12.04000 22.157
12.06000 21.875
12.08000 24.263
12.10000 25.827
12.12000 31.192
12.14000 28.493
12.16000 28.287
12.18000 22.264
12.20000 23.105
12.22000 21.071
12.24000 15.920
12.26000 15.564
12.28000 25.371
12.30000 20.939
12.32000 21.505
12.34000 19.283
12.36000 19.557
12.38000 18.174
12.40000 16.996
12.42000 19.333
12.44000 25.161
12.46000 27.394
12.48000 20.893
12.50000 25.209
12.52000 25.557
12.54000 22.812
12.56000 25.100
12.58000 26.377
12.60000 32.708
12.62000 27.650
12.64000 24.680
12.66000 30.482
12.68000 24.584
12.70000 27.306
12.72000 26.117
12.74000 22.845
12.76000 15.665
12.78000 17.939
12.80000 16.873
12.82000 24.427
12.84000 24.527
12.86000 25.361
12.88000 22.214
12.90000 19.775
12.92000 6.441
12.94000 12.305
12.96000 19.120
12.98000 28.151
13.00000 23.682
13.02000 20.338
13.04000 11.870
13.06000 15.445
13.08000 13.042
13.10000 17.343
13.12000 25.455
13.14000 24.312
13.16000 18.684
13.18000 23.787
13.20000 19.305
13.22000 24.418
13.24000 24.522
13.26000 6.586
13.28000 11.082
13.30000 23.108
13.32000 22.937
13.34000 28.343
13.36000 26.146
13.38000 28.745
13.40000 22.688
13.42000 19.000
13.44000 21.403
13.46000 20.734
13.48000 19.770
13.50000 15.897
13.52000 13.404
13.54000 16.526
13.56000 12.464
13.58000 8.901
13.60000 17.310
13.62000 24.086
13.64000 20.117
13.66000 22.534
13.68000 28.351
13.70000 33.272
13.72000 21.786
13.74000 14.770
13.76000 17.233
13.78000 15.455
13.80000 13.495
13.82000 11.751
13.84000 17.081
13.86000 25.745
13.88000 24.978
13.90000 18.422
13.92000 13.506
13.94000 18.668
13.96000 19.812
13.98000 23.683
14.00000 17.914
14.02000 19.988
14.04000 19.778
14.06000 16.352
14.08000 19.938
14.10000 17.672
14.12000 13.409
14.14000 15.735
14.16000 9.399
14.18000 6.241
14.20000 5.329
14.22000 12.578
14.24000 13.168
14.26000 19.515
14.28000 21.733
14.30000 18.762
14.32000 17.254
14.34000 8.281
14.36000 5.606
14.38000 19.735
14.40000 25.596
14.42000 20.855
14.44000 17.009
14.46000 12.597
14.48000 9.199
14.50000 10.284
14.52000 9.393
14.54000 11.051
14.56000 17.353
14.58000 14.625
14.60000 9.347
14.62000 10.201
14.64000 15.538
14.66000 7.303
14.68000 10.273
14.70000 23.777
14.72000 21.275
14.74000 16.934
14.76000 15.300
14.78000 4.721
14.80000 7.975
14.82000 12.784
14.84000 5.536
14.86000 11.863
14.88000 21.055
14.90000 21.272
14.92000 8.262
14.94000 11.023
14.96000 7.020
14.98000 2.119
15.00000 9.594
15.02000 22.642
15.04000 13.472
15.06000 10.793
15.08000 10.942
15.10000 5.080
15.12000 13.118
15.14000 13.110
15.16000 7.303
15.18000 1.648
15.20000 8.140
15.22000 16.748
15.24000 4.435
15.26000 4.251
15.28000 5.848
15.30000 18.590
15.32000 10.511
15.34000 9.394
15.36000 9.121
15.38000 1.697
15.40000 10.388
15.42000 14.378
15.44000 14.419
15.46000 14.621
15.48000 17.907
15.50000 10.026
15.52000 -2.207
15.54000 -3.610
15.56000 4.020
15.58000 7.350
15.60000 0.378
15.62000 8.484
15.64000 13.120
15.66000 5.853
15.68000 7.980
15.70000 -3.135
15.72000 0.819
15.74000 8.719
15.76000 7.202
15.78000 2.310
15.80000 5.757
15.82000 8.175
15.84000 6.994
15.86000 5.495
15.88000 1.142
15.90000 -0.262
15.92000 2.400
15.94000 1.940
15.96000 9.067
15.98000 10.960
16.00000 1.147
16.02000 1.719
16.04000 8.265
16.06000 12.264
16.08000 11.787
16.10000 7.102
16.12000 6.583
16.14000 0.953
16.16000 -0.177
16.18000 9.678
16.20000 7.017
16.22000 8.809
16.24000 15.254
16.26000 10.785
16.28000 10.528
16.30000 11.426
16.32000 10.860
16.34000 9.939
16.36000 6.017
16.38000 13.019
16.40000 13.328
16.42000 7.422
16.44000 3.223
16.46000 -1.583
16.48000 6.407
16.50000 6.853
16.52000 5.321
16.54000 2.924
16.56000 3.634
16.58000 5.700
16.60000 6.730
16.62000 4.418
16.64000 -2.551
16.66000 -2.748
16.68000 2.660
16.70000 1.534
16.72000 10.927
16.74000 13.046
16.76000 9.918
16.78000 0.184
16.80000 3.197
16.82000 8.227
16.84000 -0.779
16.86000 6.032
16.88000 17.082
16.90000 14.054
16.92000 4.177
16.94000 4.409
16.96000 3.288
16.98000 14.365
17.00000 8.695
17.02000 7.769
17.04000 9.383
17.06000 3.553
17.08000 -2.973
17.10000 -4.268
17.12000 6.601
17.14000 14.146
17.16000 12.074
17.18000 1.408
17.20000 3.270
17.22000 3.059
17.24000 -2.467
17.26000 -0.364
17.28000 7.424
17.30000 7.705
17.32000 12.191
17.34000 4.579
17.36000 1.849
17.38000 8.250
17.40000 2.405
17.42000 9.611
17.44000 3.425
17.46000 -4.358
17.48000 -3.458
17.50000 6.207
17.52000 11.125
17.54000 7.061
17.56000 3.593
17.58000 -3.234
17.60000 4.576
17.62000 7.405
17.64000 6.594
17.66000 4.751
17.68000 7.565
17.70000 5.113
17.72000 1.750
17.74000 4.061
17.76000 7.908
17.78000 5.952
17.80000 14.980
17.82000 8.584
17.84000 14.604
17.86000 10.647
17.88000 13.987
17.90000 11.529
17.92000 8.274
17.94000 11.520
17.96000 10.018
17.98000 3.514
18.00000 4.411
18.02000 8.835
18.04000 3.245
18.06000 2.933
18.08000 4.530
18.10000 7.356
18.12000 16.351
18.14000 10.057
18.16000 9.738
18.18000 8.042
18.20000 7.737
18.22000 7.553
18.24000 3.522
18.26000 7.182
18.28000 9.233
18.30000 10.924
18.32000 10.113
18.34000 9.660
18.36000 1.695
18.38000 -4.291
18.40000 6.759
18.42000 10.778
18.44000 11.046
18.46000 9.342
18.48000 12.052
18.50000 14.238
18.52000 13.539
18.54000 6.374
18.56000 6.234
18.58000 8.328
18.60000 6.256
18.62000 10.265
18.64000 13.453
18.66000 7.886
18.68000 -2.368
18.70000 1.602
18.72000 11.720
18.74000 11.435
18.76000 3.176
18.78000 4.328
18.80000 4.526
18.82000 2.840
18.84000 6.978
18.86000 9.158
18.88000 1.724
18.90000 1.407
18.92000 -0.951
18.94000 -0.951
18.96000 0.037
18.98000 0.357
19.00000 5.839
19.02000 -0.290
19.04000 4.016
19.06000 9.337
19.08000 10.194
19.10000 9.883
19.12000 3.019
19.14000 0.055
19.16000 1.952
19.18000 6.013
19.20000 0.300
19.22000 -4.120
19.24000 -4.274
19.26000 -3.773
19.28000 3.227
19.30000 7.211
19.32000 2.133
19.34000 -1.197
19.36000 -3.309
19.38000 -1.200
19.40000 -0.267
19.42000 0.648
19.44000 3.920
19.46000 1.454
19.48000 4.740
19.50000 4.637
19.52000 -0.426
19.54000 1.835
19.56000 1.927
19.58000 1.903
19.60000 3.841
19.62000 5.608
19.64000 5.621
19.66000 3.417
19.68000 -1.049
19.70000 1.142
19.72000 -1.678
19.74000 -2.436
19.76000 1.879
19.78000 4.258
19.80000 2.274
19.82000 2.578
19.84000 6.343
19.86000 5.532
19.88000 12.183
19.90000 14.765
19.92000 4.109
19.94000 2.213
19.96000 2.871
19.98000 0.789
20.00000 -2.328
20.02000 -3.706
20.04000 1.825
20.06000 -3.187
20.08000 1.063
20.10000 0.677
20.12000 7.615
20.14000 7.240
20.16000 2.739
20.18000 3.098
20.20000 2.783
20.22000 3.010
20.24000 2.133
20.26000 -0.990
20.28000 0.737
20.30000 -3.967
20.32000 0.277
20.34000 4.655
20.36000 5.035
20.38000 4.410
20.40000 7.115
20.42000 1.074
20.44000 -2.307
20.46000 -4.203
20.48000 6.179
20.50000 8.007
20.52000 2.303
20.54000 -0.962
20.56000 0.284
20.58000 7.688
20.60000 4.995
20.62000 1.958
20.64000 -0.841
20.66000 6.579
20.68000 7.839
20.70000 6.587
20.72000 6.267
20.74000 5.709
20.76000 4.861
20.78000 -2.919
20.80000 -4.189
20.82000 1.114
20.84000 -2.203
20.86000 0.761
20.88000 7.548
20.90000 3.772
20.92000 5.120
20.94000 6.263
20.96000 7.037
20.98000 8.043
21.00000 9.908
21.02000 15.286
21.04000 6.914
21.06000 5.821
21.08000 6.464
21.10000 4.796
21.12000 0.170
21.14000 -1.440
21.16000 2.133
21.18000 2.203
21.20000 2.200
21.22000 1.875
21.24000 2.752
21.26000 1.852
21.28000 1.338
21.30000 8.705
21.32000 13.995
21.34000 7.703
21.36000 4.790
21.38000 2.181
21.40000 4.668
21.42000 4.401
21.44000 6.773
21.46000 9.811
21.48000 6.404
21.50000 1.833
21.52000 -0.100
21.54000 6.676
21.56000 3.273
21.58000 -2.847
21.60000 -1.844
21.62000 0.152
21.64000 1.687
21.66000 2.845
21.68000 8.778
21.70000 12.683
21.72000 3.430
21.74000 2.124
21.76000 4.362
21.78000 7.126
21.80000 7.024
21.82000 -0.316
21.84000 -4.134
21.86000 -0.610
21.88000 4.022
21.90000 2.265
21.92000 -0.820
21.94000 5.857
21.96000 6.032
21.98000 8.899
22.00000 7.986
22.02000 6.035
22.04000 7.545
22.06000 4.103
22.08000 7.432
22.10000 5.579
22.12000 4.881
22.14000 1.027
22.16000 5.554
22.18000 7.403
22.20000 5.817
22.22000 1.369
22.24000 -2.845
22.26000 -0.485
22.28000 -1.263
22.30000 -2.462
22.32000 -0.949
22.34000 -0.694
22.36000 3.149
22.38000 -0.770
22.40000 2.903
22.42000 -0.634
22.44000 -3.523
22.46000 -2.861
22.48000 2.291
22.50000 2.710
22.52000 0.879
22.54000 -3.850
22.56000 -0.856
22.58000 3.027
22.60000 9.279
22.62000 8.250
22.64000 5.631
22.66000 -1.493
22.68000 -1.371
22.70000 1.050
22.72000 -0.469
22.74000 -4.088
22.76000 4.559
22.78000 6.714
22.80000 7.356
22.82000 6.551
22.84000 3.948
22.86000 4.794
22.88000 1.908
22.90000 1.771
22.92000 -0.799
22.94000 -1.693
22.96000 2.108
22.98000 7.335
23.00000 12.554
23.02000 5.162
23.04000 -0.813
23.06000 -1.762
23.08000 1.614
23.10000 5.169
23.12000 1.226
23.14000 -3.353
23.16000 -1.697
23.18000 -1.926
23.20000 -0.246
23.22000 0.389
23.24000 2.953
23.26000 7.728
23.28000 7.332
23.30000 8.491
23.32000 3.446
23.34000 0.255
23.36000 0.730
23.38000 5.320
23.40000 -0.451
23.42000 -3.060
23.44000 2.835
23.46000 -0.271
23.48000 -1.718
23.50000 3.543
23.52000 -0.034
23.54000 -0.095
23.56000 2.406
23.58000 0.952
23.60000 -1.688
23.62000 2.152
23.64000 1.021
23.66000 5.404
23.68000 5.700
23.70000 -0.547
23.72000 1.485
23.74000 4.185
23.76000 3.965
23.78000 2.158
23.80000 2.517
23.82000 1.717
23.84000 -0.960
23.86000 -0.450
23.88000 2.154
23.90000 3.891
23.92000 -1.512
23.94000 -2.536
23.96000 -0.141
23.98000 2.488
24.00000 3.224
24.02000 7.154
24.04000 4.132
24.06000 -0.510
24.08000 3.851
24.10000 6.074
24.12000 3.268
24.14000 2.680
24.16000 0.508
24.18000 3.038
24.20000 3.746
24.22000 3.074
24.24000 2.777
24.26000 2.563
24.28000 0.740
24.30000 0.414
24.32000 3.334
24.34000 4.387
24.36000 8.858
24.38000 2.834
24.40000 1.625
24.42000 2.601
24.44000 7.338
24.46000 -1.320
24.48000 3.072
24.50000 1.843
24.52000 -0.236
24.54000 -0.161
24.56000 0.000
24.58000 -0.901
24.60000 -0.998
24.62000 3.195
24.64000 3.765
24.66000 -3.964
24.68000 -2.473
24.70000 3.981
24.72000 6.360
24.74000 3.567
24.76000 6.571
24.78000 6.525
24.80000 4.495
24.82000 4.251
24.84000 7.020
24.86000 3.911
24.88000 -3.478
24.90000 1.765
24.92000 4.905
24.94000 4.324
24.96000 2.620
24.98000 2.680
25.00000 14.736
25.02000 11.197
25.04000 6.082
25.06000 2.664
25.08000 -3.949
25.10000 4.552
25.12000 7.279
25.14000 1.040
25.16000 -3.018
25.18000 3.491
25.20000 3.526
25.22000 6.526
25.24000 9.021
25.26000 10.177
25.28000 5.473
25.30000 -1.578
25.32000 -2.299
25.34000 0.352
25.36000 5.463
25.38000 -0.225
25.40000 5.023
25.42000 2.900
25.44000 2.188
25.46000 1.671
25.48000 5.707
25.50000 7.492
25.52000 5.320
25.54000 3.595
25.56000 7.001
25.58000 8.538
25.60000 3.036
25.62000 6.990
25.64000 5.037
25.66000 6.805
25.68000 2.936
25.70000 1.738
25.72000 4.998
25.74000 5.287
25.76000 5.647
25.78000 7.169
25.80000 11.204
25.82000 9.273
25.84000 9.349
25.86000 8.482
25.88000 4.548
25.90000 7.330
25.92000 4.945
25.94000 -0.030
25.96000 3.209
25.98000 8.193
26.00000 8.170
26.02000 3.655
26.04000 7.902
26.06000 10.779
26.08000 7.353
26.10000 2.270
26.12000 4.091
26.14000 0.913
26.16000 5.108
26.18000 7.624
26.20000 7.860
26.22000 4.386
26.24000 7.531
26.26000 6.735
26.28000 3.241
26.30000 2.938
26.32000 -1.080
26.34000 0.057
26.36000 -3.872
26.38000 0.850
26.40000 2.322
26.42000 3.380
26.44000 3.693
26.46000 2.543
26.48000 4.746
26.50000 1.956
26.52000 2.925
26.54000 2.717
26.56000 -1.223
26.58000 -2.727
26.60000 -3.784
26.62000 0.474
26.64000 7.040
26.66000 6.679
26.68000 4.824
26.70000 1.215
26.72000 -3.195
26.74000 5.195
26.76000 8.136
26.78000 2.202
26.80000 3.069
26.82000 3.125
26.84000 4.939
26.86000 9.526
26.88000 7.175
26.90000 6.480
26.92000 4.953
26.94000 3.750
26.96000 -0.193
26.98000 -0.446
27.00000 1.704
27.02000 4.820
27.04000 5.749
27.06000 0.151
27.08000 0.140
27.10000 4.423
27.12000 0.868
27.14000 -3.838
27.16000 1.371
27.18000 0.241
27.20000 3.213
27.22000 2.814
27.24000 4.135
27.26000 3.813
27.28000 6.093
27.30000 0.112
27.32000 -2.156
27.34000 3.397
27.36000 4.723
27.38000 0.945
27.40000 2.482
27.42000 -0.768
27.44000 1.434
27.46000 4.442
27.48000 2.376
27.50000 6.815
27.52000 6.397
27.54000 9.954
27.56000 6.873
27.58000 5.425
27.60000 1.879
27.62000 1.182
27.64000 3.359
27.66000 6.973
27.68000 10.817
27.70000 8.975
27.72000 3.688
27.74000 1.341
27.76000 2.310
27.78000 3.145
27.80000 2.274
27.82000 6.320
27.84000 6.301
27.86000 6.552
27.88000 9.424
27.90000 0.910
27.92000 -3.789
27.94000 -2.754
27.96000 1.133
27.98000 4.897
28.00000 8.993
28.02000 5.213
28.04000 5.574
28.06000 6.868
28.08000 4.471
28.10000 0.515
28.12000 1.977
28.14000 4.256
28.16000 2.883
28.18000 1.905
28.20000 3.194
28.22000 4.813
28.24000 4.455
28.26000 2.532
28.28000 2.826
28.30000 5.996
28.32000 7.686
28.34000 5.303
28.36000 4.552
28.38000 8.217
28.40000 2.470
28.42000 -1.845
28.44000 1.673
28.46000 5.145
28.48000 4.596
28.50000 7.559
28.52000 6.136
28.54000 7.665
28.56000 -0.118
28.58000 0.583
28.60000 7.487
28.62000 4.467
28.64000 1.503
28.66000 8.325
28.68000 5.697
28.70000 6.004
28.72000 1.675
28.74000 1.028
28.76000 3.550
28.78000 7.975
28.80000 11.141
28.82000 6.115
28.84000 7.221
28.86000 5.064
28.88000 9.322
28.90000 6.181
28.92000 6.151
28.94000 4.561
28.96000 6.136
28.98000 6.501
29.00000 2.903
29.02000 -3.703
29.04000 3.325
29.06000 7.196
29.08000 9.261
29.10000 6.863
29.12000 8.858
29.14000 5.466
29.16000 5.189
29.18000 10.252
29.20000 10.386
29.22000 3.894
29.24000 5.151
29.26000 8.717
29.28000 12.725
29.30000 5.978
29.32000 -1.410
29.34000 -3.687
29.36000 5.821
29.38000 5.283
29.40000 4.983
29.42000 3.366
29.44000 5.502
29.46000 8.031
29.48000 7.093
29.50000 5.806
29.52000 1.973
29.54000 0.353
29.56000 6.069
29.58000 7.909
29.60000 6.951
29.62000 3.366
29.64000 1.767
29.66000 4.642
29.68000 8.362
29.70000 5.933
29.72000 4.712
29.74000 2.521
29.76000 3.801
29.78000 5.145
29.80000 1.934
29.82000 3.653
29.84000 2.311
29.86000 2.886
29.88000 2.438
29.90000 2.499
29.92000 1.884
29.94000 2.341
29.96000 -2.912
29.98000 2.115
30.00000 1.333
30.02000 -2.876
30.04000 -1.250
30.06000 0.542
30.08000 3.570
30.10000 6.979
30.12000 9.597
30.14000 9.899
30.16000 7.038
30.18000 4.333
30.20000 3.858
30.22000 4.477
30.24000 8.062
30.26000 6.651
30.28000 6.618
30.30000 4.056
30.32000 0.981
30.34000 3.087
30.36000 3.881
30.38000 9.415
30.40000 7.945
30.42000 5.508
30.44000 3.124
30.46000 2.467
30.48000 -0.097
30.50000 0.710
30.52000 -2.318
30.54000 -2.631
30.56000 4.014
30.58000 8.945
30.60000 9.724
30.62000 4.621
30.64000 3.992
30.66000 3.564
30.68000 3.949
30.70000 4.683
30.72000 7.856
30.74000 7.698
30.76000 8.147
30.78000 4.463
30.80000 -0.859
30.82000 0.030
30.84000 -2.058
30.86000 0.581
30.88000 -0.145
30.90000 0.007
30.92000 -1.784
30.94000 0.856
30.96000 2.663
30.98000 4.295
31.00000 2.217
31.02000 5.897
31.04000 9.768
31.06000 4.215
31.08000 5.111
31.10000 2.694
31.12000 4.030
31.14000 4.810
31.16000 3.745
31.18000 -3.621
31.20000 -3.171
31.22000 5.275
31.24000 8.587
31.26000 4.711
31.28000 2.469
31.30000 2.002
31.32000 8.286
31.34000 11.941
31.36000 5.352
31.38000 4.492
31.40000 -1.806
31.42000 -0.447
31.44000 4.191
31.46000 7.486
31.48000 6.002
31.50000 1.836
31.52000 5.354
31.54000 6.923
31.56000 0.917
31.58000 -1.707
31.60000 1.473
31.62000 1.866
31.64000 3.493
31.66000 3.455
31.68000 0.397
31.70000 0.557
31.72000 0.754
31.74000 2.758
31.76000 3.409
31.78000 6.259
31.80000 0.424
31.82000 -0.607
31.84000 3.861
31.86000 5.246
31.88000 5.787
31.90000 9.208
31.92000 7.177
31.94000 0.161
31.96000 1.041
31.98000 3.170
32.00000 8.139
32.02000 3.785
32.04000 0.956
32.06000 0.628
32.08000 2.958
32.10000 1.093
32.12000 2.120
32.14000 2.910
32.16000 -0.181
32.18000 -0.370
32.20000 0.971
32.22000 1.056
32.24000 3.288
32.26000 5.405
32.28000 8.540
32.30000 7.060
32.32000 0.510
32.34000 -3.075
32.36000 2.644
32.38000 7.788
32.40000 2.602
32.42000 8.017
32.44000 8.968
32.46000 3.306
32.48000 3.738
32.50000 4.436
32.52000 2.391
32.54000 1.160
32.56000 3.791
32.58000 3.732
32.60000 1.922
32.62000 0.079
32.64000 3.699
32.66000 2.682
32.68000 -0.947
32.70000 -3.567
32.72000 0.911
32.74000 3.492
32.76000 3.233
32.78000 6.476
32.80000 4.904
32.82000 5.578
32.84000 4.568
32.86000 1.197
32.88000 -2.990
32.90000 0.676
32.92000 3.478
32.94000 5.566
32.96000 7.163
32.98000 6.781
33.00000 8.343
33.02000 8.474
33.04000 2.558
33.06000 2.229
33.08000 3.646
33.10000 1.383
33.12000 3.162
33.14000 3.715
33.16000 3.982
33.18000 4.948
33.20000 6.833
33.22000 6.650
33.24000 7.552
33.26000 3.841
33.28000 3.471
33.30000 5.237
33.32000 8.832
33.34000 3.348
33.36000 4.126
33.38000 6.763
33.40000 9.214
33.42000 3.705
33.44000 1.073
33.46000 2.245
33.48000 3.089
33.50000 3.963
33.52000 4.337
33.54000 2.203
33.56000 6.143
33.58000 0.115
33.60000 3.438
33.62000 3.002
33.64000 2.243
33.66000 1.814
33.68000 6.512
33.70000 8.240
33.72000 4.917
33.74000 6.936
33.76000 8.052
33.78000 6.422
33.80000 9.063
33.82000 3.184
33.84000 5.134
33.86000 1.830
33.88000 3.733
33.90000 1.127
33.92000 5.572
33.94000 7.025
33.96000 12.531
33.98000 6.520
34.00000 3.839
34.02000 6.802
34.04000 9.277
34.06000 9.418
34.08000 8.336
34.10000 10.147
34.12000 10.359
34.14000 7.445
34.16000 4.729
34.18000 10.421
34.20000 7.270
34.22000 3.024
34.24000 0.988
34.26000 2.244
34.28000 9.457
34.30000 12.257
34.32000 8.453
34.34000 1.812
34.36000 0.620
34.38000 3.164
34.40000 6.515
34.42000 3.295
34.44000 2.677
34.46000 2.308
34.48000 4.834
34.50000 4.168
34.52000 3.658
34.54000 4.452
34.56000 5.275
34.58000 2.664
34.60000 2.562
34.62000 3.775
34.64000 7.947
34.66000 12.561
34.68000 7.942
34.70000 4.997
34.72000 4.262
34.74000 8.020
34.76000 6.733
34.78000 4.750
34.80000 7.965
34.82000 7.056
34.84000 6.844
34.86000 0.276
34.88000 1.045
34.90000 4.557
34.92000 7.591
34.94000 9.714
34.96000 10.910
34.98000 5.140
35.00000 0.054
35.02000 -3.509
35.04000 3.174
35.06000 6.306
35.08000 9.756
35.10000 8.405
35.12000 3.704
35.14000 3.689
35.16000 6.790
35.18000 9.516
35.20000 7.849
35.22000 8.929
35.24000 9.756
35.26000 10.331
35.28000 6.738
35.30000 6.295
35.32000 12.122
35.34000 6.753
35.36000 5.183
35.38000 8.697
35.40000 3.930
35.42000 2.205
35.44000 3.430
35.46000 6.543
35.48000 1.667
35.50000 0.078
35.52000 3.846
35.54000 5.875
35.56000 -0.243
35.58000 -0.037
35.60000 2.646
35.62000 2.428
35.64000 0.358
35.66000 4.047
35.68000 3.973
35.70000 1.656
35.72000 1.134
35.74000 3.809
35.76000 4.711
35.78000 7.788
35.80000 1.348
35.82000 2.396
35.84000 1.182
35.86000 6.783
35.88000 1.820
35.90000 1.018
35.92000 4.524
35.94000 -0.616
35.96000 5.473
35.98000 5.189
36.00000 3.385
36.02000 3.170
36.04000 6.769
36.06000 11.213
36.08000 10.931
36.10000 7.696
36.12000 9.268
36.14000 7.741
36.16000 5.918
36.18000 1.949
36.20000 2.752
36.22000 0.538
36.24000 -3.550
36.26000 -0.162
36.28000 4.419
36.30000 5.414
36.32000 4.632
36.34000 7.240
36.36000 9.606
36.38000 11.686
36.40000 10.659
36.42000 7.956
36.44000 4.511
36.46000 3.376
36.48000 7.600
36.50000 7.029
36.52000 -0.716
36.54000 1.207
36.56000 6.260
36.58000 2.968
36.60000 7.420
36.62000 10.635
36.64000 6.841
36.66000 4.441
36.68000 0.144
36.70000 -1.378
36.72000 -0.147
36.74000 2.044
36.76000 2.221
36.78000 4.986
36.80000 2.796
36.82000 2.648
36.84000 2.172
36.86000 0.107
36.88000 0.335
36.90000 1.185
36.92000 1.577
36.94000 0.291
36.96000 4.617
36.98000 0.925
37.00000 1.666
37.02000 3.478
37.04000 4.699
37.06000 2.839
37.08000 4.961
37.10000 5.956
37.12000 3.366
37.14000 4.410
37.16000 3.920
37.18000 6.796
37.20000 6.066
37.22000 6.139
37.24000 8.537
37.26000 13.078
37.28000 4.364
37.30000 3.353
37.32000 4.547
37.34000 11.647
37.36000 9.580
37.38000 8.022
37.40000 7.285
37.42000 10.626
37.44000 10.056
37.46000 3.674
37.48000 3.860
37.50000 8.672
37.52000 8.280
37.54000 5.397
37.56000 5.993
37.58000 9.685
37.60000 7.355
37.62000 4.625
37.64000 4.805
37.66000 15.611
37.68000 14.795
37.70000 13.391
37.72000 11.200
37.74000 12.351
37.76000 13.985
37.78000 17.281
37.80000 12.282
37.82000 12.855
37.84000 12.123
37.86000 15.489
37.88000 17.204
37.90000 16.810
37.92000 16.384
37.94000 21.157
37.96000 21.338
37.98000 22.844
38.00000 25.425
38.02000 23.935
38.04000 19.227
38.06000 22.216
38.08000 24.877
38.10000 18.132
38.12000 23.016
38.14000 27.811
38.16000 28.631
38.18000 26.893
38.20000 25.398
38.22000 31.524
38.24000 33.223
38.26000 35.827
38.28000 32.849
38.30000 31.485
38.32000 35.993
38.34000 40.207
38.36000 42.542
38.38000 39.894
38.40000 44.002
38.42000 44.470
38.44000 42.328
38.46000 43.174
38.48000 47.879
38.50000 43.502
38.52000 46.128
38.54000 50.883
38.56000 53.201
38.58000 55.993
38.60000 63.510
38.62000 63.389
38.64000 67.414
38.66000 74.638
38.68000 69.661
38.70000 70.652
38.72000 79.417
38.74000 80.929
38.76000 81.193
38.78000 90.926
38.80000 97.479
38.82000 93.222
38.84000 98.885
38.86000 102.486
38.88000 104.030
38.90000 110.524
38.92000 116.751
38.94000 121.705
38.96000 125.069
38.98000 133.771
39.00000 143.062
39.02000 154.106
39.04000 159.425
39.06000 166.504
39.08000 176.734
39.10000 190.744
39.12000 201.199
39.14000 206.194
39.16000 221.406
39.18000 235.302
39.20000 244.143
39.22000 261.632
39.24000 282.809
39.26000 298.926
39.28000 317.541
39.30000 325.930
39.32000 341.720
39.34000 368.228
39.36000 388.084
39.38000 405.993
39.40000 431.088
39.42000 448.321
39.44000 468.886
39.46000 496.004
39.48000 510.652
39.50000 521.311
39.52000 543.817
39.54000 563.586
39.56000 579.600
39.58000 591.007
39.60000 613.125
39.62000 631.263
39.64000 638.120
39.66000 628.381
39.68000 635.283
39.70000 642.914
39.72000 656.271
39.74000 645.999
39.76000 638.910
39.78000 638.869
39.80000 630.508
39.82000 616.394
39.84000 604.511
39.86000 595.921
39.88000 579.040
39.90000 564.540
39.92000 539.659
39.94000 530.767
39.96000 513.897
39.98000 493.301
40.00000 472.708
40.02000 450.515
40.04000 444.269
40.06000 422.917
40.08000 403.952
40.10000 375.897
40.12000 342.514
40.14000 324.258
40.16000 301.798
40.18000 280.063
40.20000 269.720
40.22000 260.025
40.24000 248.115
40.26000 229.582
40.28000 218.741
40.30000 207.023
40.32000 192.229
40.34000 174.235
40.36000 165.794
40.38000 155.119
40.40000 150.118
40.42000 137.583
40.44000 122.782
40.46000 120.561
40.48000 117.038
40.50000 110.440
40.52000 101.304
40.54000 96.898
40.56000 90.057
40.58000 80.446
40.60000 77.911
40.62000 69.752
40.64000 71.276
40.66000 74.476
40.68000 71.054
40.70000 62.556
40.72000 57.415
40.74000 53.357
40.76000 47.358
40.78000 41.841
40.80000 40.742
40.82000 43.594
40.84000 42.346
40.86000 37.745
40.88000 28.634
40.90000 30.706
40.92000 31.983
40.94000 30.021
40.96000 31.086
40.98000 31.105
41.00000 26.670
41.02000 23.949
41.04000 29.266
41.06000 28.302
41.08000 26.086
41.10000 25.884
41.12000 19.835
41.14000 20.983
41.16000 21.784
41.18000 20.395
41.20000 16.885
41.22000 15.947
41.24000 16.575
41.26000 16.839
41.28000 14.406
41.30000 11.549
41.32000 9.878
41.34000 9.950
41.36000 11.486
41.38000 11.325
41.40000 13.314
41.42000 9.240
41.44000 8.611
41.46000 8.476
41.48000 5.780
41.50000 9.840
41.52000 7.118
41.54000 7.495
41.56000 5.913
41.58000 7.042
41.60000 7.753
41.62000 9.172
41.64000 7.551
41.66000 4.824
41.68000 2.796
41.70000 2.577
41.72000 2.496
41.74000 8.363
41.76000 9.475
41.78000 4.619
41.80000 1.044
41.82000 2.812
41.84000 1.721
41.86000 0.014
41.88000 0.812
41.90000 5.553
41.92000 0.423
41.94000 -3.386
41.96000 -0.392
41.98000 2.838
42.00000 3.237
42.02000 4.235
42.04000 3.879
42.06000 -0.219
42.08000 -0.988
42.10000 -0.025
42.12000 2.366
42.14000 2.132
42.16000 -0.617
42.18000 -3.176
42.20000 0.773
42.22000 3.680
42.24000 -0.531
42.26000 1.901
42.28000 4.759
42.30000 1.709
42.32000 0.121
42.34000 -2.486
42.36000 -0.757
42.38000 4.131
42.40000 4.319
42.42000 0.622
42.44000 0.610
42.46000 1.547
42.48000 1.837
42.50000 4.576
42.52000 4.150
42.54000 1.621
42.56000 1.940
42.58000 1.006
42.60000 -1.026
42.62000 2.310
42.64000 1.586
42.66000 1.572
42.68000 3.673
42.70000 5.477
42.72000 3.907
42.74000 4.218
42.76000 1.804
42.78000 1.031
42.80000 0.924
42.82000 1.475
42.84000 -0.881
42.86000 -3.234
42.88000 1.460
42.90000 2.353
42.92000 4.994
42.94000 3.264
42.96000 2.856
42.98000 5.959
43.00000 3.205
43.02000 2.356
43.04000 0.561
43.06000 3.637
43.08000 5.189
43.10000 4.005
43.12000 0.921
43.14000 -0.816
43.16000 -1.421
43.18000 -2.940
43.20000 -1.553
43.22000 2.378
43.24000 2.391
43.26000 1.178
43.28000 1.462
43.30000 -1.072
43.32000 -0.632
43.34000 2.165
43.36000 3.999
43.38000 3.508
43.40000 5.487
43.42000 1.966
43.44000 2.491
43.46000 4.417
43.48000 2.029
43.50000 -1.106
43.52000 -2.369
43.54000 0.173
43.56000 1.974
43.58000 3.025
43.60000 1.288
43.62000 -3.160
43.64000 -2.079
43.66000 2.294
43.68000 2.297
43.70000 3.426
43.72000 2.450
43.74000 2.185
43.76000 1.343
43.78000 -3.145
43.80000 -1.048
43.82000 -0.836
43.84000 3.053
43.86000 0.055
43.88000 -0.036
43.90000 -1.093
43.92000 1.190
43.94000 -0.948
43.96000 1.075
43.98000 2.600
44.00000 5.433
44.02000 4.087
44.04000 0.028
44.06000 2.323
44.08000 4.461
44.10000 4.332
44.12000 0.017
44.14000 -0.366
44.16000 5.407
44.18000 3.570
44.20000 0.276
44.22000 -1.233
44.24000 -0.386
44.26000 -0.708
44.28000 -2.434
44.30000 -3.134
44.32000 -0.440
44.34000 3.847
44.36000 3.646
44.38000 2.831
44.40000 0.188
44.42000 0.315
44.44000 1.133
44.46000 0.883
44.48000 1.466
44.50000 3.478
44.52000 2.941
44.54000 0.055
44.56000 2.462
44.58000 0.543
44.60000 1.282
44.62000 -0.875
44.64000 3.258
44.66000 4.553
44.68000 1.577
44.70000 2.462
44.72000 3.264
44.74000 6.075
44.76000 5.228
44.78000 1.170
44.80000 -2.046
44.82000 -0.251
44.84000 1.324
44.86000 4.180
44.88000 3.648
44.90000 1.843
44.92000 0.153
44.94000 -0.023
44.96000 3.023
44.98000 3.363
45.00000 2.533
45.02000 2.473
45.04000 3.091
45.06000 4.304
45.08000 8.400
45.10000 10.568
45.12000 10.848
45.14000 9.714
45.16000 9.985
45.18000 9.306
45.20000 11.034
45.22000 7.727
45.24000 7.374
45.26000 9.782
45.28000 9.009
45.30000 9.378
45.32000 8.395
45.34000 6.141
45.36000 7.128
45.38000 10.688
45.40000 13.374
45.42000 16.290
45.44000 13.397
45.46000 10.541
45.48000 13.061
45.50000 16.828
45.52000 19.685
45.54000 18.584
45.56000 17.921
45.58000 17.619
45.60000 19.281
45.62000 19.315
45.64000 23.469
45.66000 21.930
45.68000 23.267
45.70000 21.839
45.72000 29.455
45.74000 25.934
45.76000 25.836
45.78000 29.990
45.80000 32.433
45.82000 33.740
45.84000 32.773
45.86000 30.030
45.88000 30.641
45.90000 41.678
45.92000 42.595
45.94000 44.918
45.96000 41.399
45.98000 40.957
46.00000 45.194
46.02000 46.884
46.04000 50.159
46.06000 53.590
46.08000 48.219
46.10000 49.556
46.12000 45.932
46.14000 46.581
46.16000 52.154
46.18000 56.333
46.20000 59.184
46.22000 67.259
46.24000 63.617
46.26000 59.307
46.28000 61.443
46.30000 56.826
46.32000 59.002
46.34000 60.656
46.36000 61.845
46.38000 66.062
46.40000 66.489
46.42000 68.354
46.44000 62.676
46.46000 62.178
46.48000 67.730
46.50000 70.298
46.52000 62.204
46.54000 65.062
46.56000 66.605
46.58000 59.452
46.60000 53.772
46.62000 51.684
46.64000 53.272
46.66000 50.581
46.68000 53.924
46.70000 53.398
46.72000 44.406
46.74000 47.731
46.76000 48.359
46.78000 46.106
46.80000 49.053
46.82000 38.607
46.84000 35.443
46.86000 41.591
46.88000 44.086
46.90000 38.952
46.92000 37.709
46.94000 34.819
46.96000 29.134
46.98000 29.290
47.00000 27.360
47.02000 29.550
47.04000 27.638
47.06000 21.279
47.08000 22.140
47.10000 26.052
47.12000 23.490
47.14000 20.333
47.16000 15.711
47.18000 11.517
47.20000 14.661
47.22000 19.398
47.24000 16.754
47.26000 12.006
47.28000 7.692
47.30000 10.499
47.32000 8.497
47.34000 6.351
47.36000 7.688
47.38000 8.494
47.40000 11.381
47.42000 8.815
47.44000 6.797
47.46000 7.372
47.48000 8.872
47.50000 6.262
47.52000 2.777
47.54000 7.783
47.56000 6.488
47.58000 6.418
47.60000 5.996
47.62000 2.390
47.64000 2.987
47.66000 3.548
47.68000 -1.644
47.70000 -2.846
47.72000 4.082
47.74000 0.073
47.76000 0.917
47.78000 3.312
47.80000 0.499
47.82000 2.105
47.84000 -0.278
47.86000 -0.108
47.88000 -1.122
47.90000 2.850
47.92000 0.102
47.94000 -0.390
47.96000 0.405
47.98000 6.731
48.00000 6.896
48.02000 2.392
48.04000 0.299
48.06000 0.117
48.08000 2.165
48.10000 2.149
48.12000 3.269
48.14000 0.720
48.16000 -1.569
48.18000 -0.264
48.20000 -2.772
48.22000 0.110
48.24000 1.126
48.26000 0.261
48.28000 0.183
48.30000 0.535
48.32000 -0.588
48.34000 0.346
48.36000 -0.672
48.38000 -0.280
48.40000 3.231
48.42000 3.678
48.44000 -0.372
48.46000 -0.867
48.48000 1.782
48.50000 1.347
48.52000 3.957
48.54000 0.710
48.56000 -0.681
48.58000 -0.295
48.60000 2.793
48.62000 0.966
48.64000 0.253
48.66000 1.261
48.68000 -1.277
48.70000 -2.425
48.72000 2.414
48.74000 3.032
48.76000 3.665
48.78000 4.882
48.80000 5.848
48.82000 2.570
48.84000 3.196
48.86000 4.301
48.88000 2.814
48.90000 4.419
48.92000 1.630
48.94000 2.703
48.96000 2.660
48.98000 4.181
49.00000 3.789
49.02000 2.932
49.04000 4.497
49.06000 5.246
49.08000 0.106
49.10000 1.410
49.12000 0.960
49.14000 -2.607
49.16000 0.445
49.18000 4.984
49.20000 8.482
49.22000 4.250
49.24000 0.868
49.26000 2.183
49.28000 5.740
49.30000 7.448
49.32000 4.994
49.34000 5.181
49.36000 1.503
49.38000 5.410
49.40000 2.314
49.42000 3.003
49.44000 7.280
49.46000 3.959
49.48000 0.739
49.50000 0.941
49.52000 5.904
49.54000 5.708
49.56000 1.380
49.58000 3.085
49.60000 5.856
49.62000 6.259
49.64000 6.153
49.66000 7.984
49.68000 6.609
49.70000 -0.428
49.72000 2.299
49.74000 0.978
49.76000 2.130
49.78000 5.123
49.80000 3.968
49.82000 4.467
49.84000 4.643
49.86000 4.419
49.88000 4.967
49.90000 6.702
49.92000 0.484
49.94000 0.259
49.96000 2.346
49.98000 1.674
50.00000 1.323
50.02000 4.175
50.04000 5.826
50.06000 1.682
50.08000 2.600
50.10000 2.475
50.12000 0.360
50.14000 1.663
50.16000 3.991
50.18000 5.341
50.20000 2.909
50.22000 4.029
50.24000 5.576
50.26000 7.380
50.28000 5.798
50.30000 5.999
50.32000 6.788
50.34000 4.190
50.36000 -0.079
50.38000 -1.564
50.40000 -1.373
50.42000 3.987
50.44000 4.248
50.46000 5.712
50.48000 3.498
50.50000 1.440
50.52000 -2.552
50.54000 3.941
50.56000 6.130
50.58000 3.809
50.60000 2.445
50.62000 5.720
50.64000 0.526
50.66000 2.714
50.68000 3.220
50.70000 4.314
50.72000 4.766
50.74000 3.148
50.76000 2.738
50.78000 6.495
50.80000 4.602
50.82000 5.588
50.84000 5.851
50.86000 3.601
50.88000 0.929
50.90000 1.909
50.92000 2.856
50.94000 8.306
50.96000 6.454
50.98000 6.727
51.00000 3.972
51.02000 0.999
51.04000 1.924
51.06000 3.700
51.08000 3.711
51.10000 4.937
51.12000 3.154
51.14000 2.381
51.16000 1.899
51.18000 -2.531
51.20000 0.701
51.22000 5.487
51.24000 3.243
51.26000 3.928
51.28000 3.417
51.30000 0.375
51.32000 -0.270
51.34000 3.717
51.36000 5.148
51.38000 5.363
51.40000 3.633
51.42000 -0.671
51.44000 2.285
51.46000 -1.082
51.48000 0.066
51.50000 2.200
51.52000 5.060
51.54000 5.527
51.56000 4.289
51.58000 0.440
51.60000 2.975
51.62000 4.194
51.64000 5.110
51.66000 1.598
51.68000 3.198
51.70000 6.094
51.72000 6.392
51.74000 4.008
51.76000 1.144
51.78000 2.190
51.80000 1.454
51.82000 -0.505
51.84000 0.684
51.86000 -1.187
51.88000 2.074
51.90000 0.744
51.92000 1.628
51.94000 4.335
51.96000 3.025
51.98000 1.286
52.00000 4.456
52.02000 6.166
52.04000 3.166
52.06000 0.180
52.08000 1.527
52.10000 3.539
52.12000 -0.928
52.14000 0.956
52.16000 2.498
52.18000 0.590
52.20000 2.944
52.22000 -0.315
52.24000 -0.495
52.26000 -0.198
52.28000 1.618
52.30000 -0.338
52.32000 -1.776
52.34000 2.253
52.36000 1.953
52.38000 -1.685
52.40000 -1.456
52.42000 -1.094
52.44000 -2.052
52.46000 -0.735
52.48000 -0.872
52.50000 1.629
52.52000 1.347
52.54000 3.967
52.56000 4.598
52.58000 5.305
52.60000 4.888
52.62000 -0.404
52.64000 -2.473
52.66000 -2.529
52.68000 -2.500
52.70000 0.861
52.72000 -0.116
52.74000 -1.369
52.76000 2.080
52.78000 -0.764
52.80000 -0.980
52.82000 0.347
52.84000 0.149
52.86000 3.569
52.88000 1.185
52.90000 2.778
52.92000 -0.536
52.94000 0.066
52.96000 0.643
52.98000 3.312
53.00000 3.695
53.02000 5.524
53.04000 1.733
53.06000 1.517
53.08000 1.550
53.10000 3.797
53.12000 1.679
53.14000 0.614
53.16000 -0.723
53.18000 3.838
53.20000 3.443
53.22000 0.930
53.24000 -0.008
53.26000 2.307
53.28000 0.009
53.30000 -0.062
53.32000 1.676
53.34000 -0.497
53.36000 -1.550
53.38000 -0.646
53.40000 0.982
53.42000 -2.511
53.44000 1.105
53.46000 0.371
53.48000 0.835
53.50000 3.312
53.52000 -0.777
53.54000 1.264
53.56000 4.183
53.58000 3.397
53.60000 1.235
53.62000 2.098
53.64000 -1.886
53.66000 -1.461
53.68000 2.947
53.70000 -2.143
53.72000 -0.182
53.74000 2.923
53.76000 2.031
53.78000 2.383
53.80000 4.784
53.82000 -0.942
53.84000 0.149
53.86000 1.578
53.88000 0.467
53.90000 3.274
53.92000 1.369
53.94000 0.516
53.96000 4.405
53.98000 2.342
54.00000 3.122
54.02000 2.445
54.04000 -1.152
54.06000 -0.890
54.08000 1.072
54.10000 2.399
54.12000 1.517
54.14000 3.451
54.16000 3.529
54.18000 0.980
54.20000 -1.681
54.22000 -0.425
54.24000 -0.005
54.26000 1.050
54.28000 2.023
54.30000 2.457
54.32000 2.075
54.34000 3.527
54.36000 2.168
54.38000 0.092
54.40000 -1.833
54.42000 3.192
54.44000 5.049
54.46000 2.942
54.48000 3.508
54.50000 2.160
54.52000 4.135
54.54000 4.217
54.56000 8.369
54.58000 9.013
54.60000 9.887
54.62000 6.657
54.64000 5.671
54.66000 7.237
54.68000 3.118
54.70000 4.312
54.72000 7.342
54.74000 3.751
54.76000 7.350
54.78000 3.671
54.80000 2.414
54.82000 4.377
54.84000 2.436
54.86000 6.567
54.88000 4.650
54.90000 1.497
54.92000 3.100
54.94000 5.040
54.96000 5.386
54.98000 8.046
55.00000 8.308
55.02000 4.353
55.04000 1.004
55.06000 -2.393
55.08000 0.666
55.10000 6.106
55.12000 6.497
55.14000 6.705
55.16000 7.209
55.18000 7.886
55.20000 2.542
55.22000 0.063
55.24000 4.099
55.26000 2.567
55.28000 2.754
55.30000 3.634
55.32000 4.256
55.34000 2.782
55.36000 2.675
55.38000 3.223
55.40000 4.303
55.42000 5.231
55.44000 2.456
55.46000 3.542
55.48000 4.967
55.50000 6.764
55.52000 2.397
55.54000 2.013
55.56000 0.690
55.58000 3.798
55.60000 5.980
55.62000 2.992
55.64000 4.851
55.66000 4.465
55.68000 1.709
55.70000 0.433
55.72000 -0.209
55.74000 -1.856
55.76000 0.374
55.78000 0.798
55.80000 2.417
55.82000 5.040
55.84000 8.589
55.86000 4.636
55.88000 5.505
55.90000 5.102
55.92000 0.202
55.94000 -1.958
55.96000 -1.855
55.98000 1.717
56.00000 2.787
56.02000 1.964
56.04000 1.044
56.06000 2.401
56.08000 2.914
56.10000 2.092
56.12000 4.590
56.14000 4.800
56.16000 1.140
56.18000 4.003
56.20000 8.591
56.22000 4.809
56.24000 0.969
56.26000 4.757
56.28000 5.226
56.30000 2.039
56.32000 4.657
56.34000 3.360
56.36000 1.414
56.38000 3.495
56.40000 2.156
56.42000 3.052
56.44000 8.580
56.46000 4.604
56.48000 0.720
56.50000 4.439
56.52000 3.988
56.54000 0.255
56.56000 0.455
56.58000 5.287
56.60000 2.228
56.62000 -0.944
56.64000 -1.876
56.66000 0.218
56.68000 -2.213
56.70000 -1.998
56.72000 1.192
56.74000 6.355
56.76000 5.067
56.78000 5.226
56.80000 1.117
56.82000 2.589
56.84000 1.931
56.86000 0.714
56.88000 6.232
56.90000 8.031
56.92000 4.628
56.94000 1.534
56.96000 1.412
56.98000 -2.377
57.00000 -1.134
57.02000 2.975
57.04000 5.384
57.06000 2.973
57.08000 5.022
57.10000 5.199
57.12000 3.360
57.14000 6.677
57.16000 5.101
57.18000 3.368
57.20000 5.854
57.22000 3.105
57.24000 2.960
57.26000 1.238
57.28000 0.432
57.30000 3.434
57.32000 2.868
57.34000 -1.779
57.36000 -0.677
57.38000 1.605
57.40000 5.362
57.42000 5.374
57.44000 3.122
57.46000 1.742
57.48000 4.491
57.50000 1.192
57.52000 -1.609
57.54000 -2.387
57.56000 -2.118
57.58000 0.153
57.60000 0.036
57.62000 -1.427
57.64000 -0.622
57.66000 1.711
57.68000 1.971
57.70000 1.048
57.72000 -0.739
57.74000 1.546
57.76000 1.329
57.78000 2.049
57.80000 1.634
57.82000 1.803
57.84000 1.356
57.86000 1.533
57.88000 -0.558
57.90000 1.214
57.92000 1.173
57.94000 0.451
57.96000 1.915
57.98000 0.264
58.00000 1.790
58.02000 3.046
58.04000 2.079
58.06000 -0.449
58.08000 -2.383
58.10000 -1.689
58.12000 0.516
58.14000 3.645
58.16000 -0.489
58.18000 0.529
58.20000 0.557
58.22000 1.763
58.24000 4.698
58.26000 1.405
58.28000 3.669
58.30000 -0.041
58.32000 -0.984
58.34000 -2.295
58.36000 2.426
58.38000 1.184
58.40000 3.552
58.42000 1.110
58.44000 2.409
58.46000 4.159
58.48000 2.381
58.50000 -0.093
58.52000 -1.982
58.54000 2.584
58.56000 4.844
58.58000 0.856
58.60000 0.325
58.62000 2.587
58.64000 2.715
58.66000 0.391
58.68000 0.906
58.70000 2.133
58.72000 6.041
58.74000 5.018
58.76000 3.470
58.78000 3.230
58.80000 1.230
58.82000 2.975
58.84000 -1.060
58.86000 -0.297
58.88000 0.119
58.90000 3.569
58.92000 2.454
58.94000 0.140
58.96000 -0.404
58.98000 1.888
59.00000 4.483
59.02000 1.879
59.04000 -0.024
59.06000 1.580
59.08000 3.491
59.10000 4.224
59.12000 2.658
59.14000 2.050
59.16000 -0.026
59.18000 -0.507
59.20000 1.729
59.22000 3.564
59.24000 -0.349
59.26000 -0.671
59.28000 -0.111
59.30000 -0.475
59.32000 -2.325
59.34000 -0.896
59.36000 0.699
59.38000 2.125
59.40000 0.115
59.42000 3.538
59.44000 1.328
59.46000 3.842
59.48000 2.694
59.50000 3.973
59.52000 6.313
59.54000 3.684
59.56000 4.803
59.58000 5.106
59.60000 3.490
59.62000 3.878
59.64000 6.908
59.66000 1.520
59.68000 1.989
59.70000 1.574
59.72000 3.482
59.74000 3.143
59.76000 2.901
59.78000 3.335
59.80000 2.919
59.82000 4.214
59.84000 4.363
59.86000 6.144
59.88000 4.204
59.90000 4.395
59.92000 6.040
59.94000 1.614
59.96000 2.789
59.98000 2.807
60.00000 4.253
60.02000 5.580
60.04000 6.420
60.06000 6.404
60.08000 2.069
60.10000 2.365
60.12000 2.488
60.14000 2.844
60.16000 3.357
60.18000 -2.270
60.20000 1.211
60.22000 1.434
60.24000 7.896
60.26000 5.447
60.28000 4.167
60.30000 3.595
60.32000 3.974
60.34000 1.061
60.36000 0.883
60.38000 3.320
60.40000 1.852
60.42000 0.425
60.44000 4.458
60.46000 4.960
60.48000 4.273
60.50000 2.529
60.52000 4.103
60.54000 1.699
60.56000 -1.336
60.58000 4.330
60.60000 3.893
60.62000 3.807
60.64000 4.384
60.66000 2.293
60.68000 0.766
60.70000 0.403
60.72000 3.960
60.74000 3.314
60.76000 2.896
60.78000 3.757
60.80000 4.094
60.82000 3.512
60.84000 1.268
60.86000 -0.741
60.88000 0.123
60.90000 2.504
60.92000 2.445
60.94000 5.057
60.96000 5.247
60.98000 1.119
61.00000 0.671
61.02000 -2.290
61.04000 -1.622
61.06000 -1.221
61.08000 2.430
61.10000 2.701
61.12000 4.820
61.14000 2.965
61.16000 3.650
61.18000 1.076
61.20000 2.801
61.22000 4.261
61.24000 1.979
61.26000 0.934
61.28000 0.486
61.30000 0.252
61.32000 -0.879
61.34000 4.703
61.36000 3.526
61.38000 0.533
61.40000 1.350
61.42000 0.659
61.44000 3.200
61.46000 6.583
61.48000 3.019
61.50000 1.327
61.52000 0.646
61.54000 -0.294
61.56000 -1.040
61.58000 -2.281
61.60000 2.371
61.62000 2.345
61.64000 -1.560
61.66000 1.953
61.68000 4.132
61.70000 2.468
61.72000 0.701
61.74000 3.800
61.76000 2.582
61.78000 2.321
61.80000 1.288
61.82000 2.370
61.84000 0.739
61.86000 -0.654
61.88000 1.062
61.90000 1.276
61.92000 -0.114
61.94000 2.498
61.96000 2.614
61.98000 1.033
62.00000 -0.145
62.02000 0.701
62.04000 3.463
62.06000 4.702
62.08000 1.865
62.10000 1.393
62.12000 0.152
62.14000 -2.254
62.16000 2.410
62.18000 3.877
62.20000 4.107
62.22000 3.425
62.24000 2.684
62.26000 3.837
62.28000 1.960
62.30000 0.790
62.32000 3.130
62.34000 1.652
62.36000 2.343
62.38000 0.865
62.40000 1.641
62.42000 -0.204
62.44000 0.272
62.46000 2.256
62.48000 5.367
62.50000 3.611
62.52000 0.510
62.54000 -0.985
62.56000 0.463
62.58000 2.464
62.60000 2.307
62.62000 3.481
62.64000 2.005
62.66000 0.583
62.68000 -1.199
62.70000 -1.226
62.72000 2.288
62.74000 3.136
62.76000 1.544
62.78000 1.217
62.80000 2.099
62.82000 -0.669
62.84000 -2.243
62.86000 -0.059
62.88000 1.310
62.90000 0.905
62.92000 -1.075
62.94000 1.183
62.96000 0.012
62.98000 0.149
63.00000 2.801
63.02000 4.910
63.04000 4.121
63.06000 7.019
63.08000 1.892
63.10000 2.192
63.12000 1.961
63.14000 -0.451
63.16000 -1.136
63.18000 3.457
63.20000 3.377
63.22000 0.178
63.24000 1.297
63.26000 3.447
63.28000 -0.305
63.30000 2.638
63.32000 1.702
63.34000 1.321
63.36000 1.177
63.38000 1.788
63.40000 1.448
63.42000 -0.173
63.44000 -2.240
63.46000 -0.967
63.48000 0.224
63.50000 0.884
63.52000 -1.074
63.54000 2.910
63.56000 2.069
63.58000 0.054
63.60000 0.851
63.62000 -1.624
63.64000 2.227
63.66000 3.846
63.68000 0.734
63.70000 -1.618
63.72000 -1.293
63.74000 -0.035
63.76000 0.766
63.78000 0.538
63.80000 -0.116
63.82000 0.767
63.84000 -2.248
63.86000 -0.141
63.88000 0.092
63.90000 0.496
63.92000 0.386
63.94000 -0.807
63.96000 -1.084
63.98000 -0.786
64.00000 0.549
64.02000 0.681
64.04000 -1.170
64.06000 -0.635
64.08000 -2.137
64.10000 2.519
64.12000 4.114
64.14000 3.938
64.16000 1.705
64.18000 1.555
64.20000 -2.252
64.22000 1.374
64.24000 3.350
64.26000 2.696
64.28000 0.737
64.30000 1.135
64.32000 0.093
64.34000 2.422
64.36000 2.313
64.38000 2.003
64.40000 2.741
64.42000 4.206
64.44000 2.047
64.46000 -0.252
64.48000 -1.113
64.50000 -0.059
64.52000 -1.707
64.54000 -0.938
64.56000 1.129
64.58000 -0.398
64.60000 -0.672
64.62000 0.132
64.64000 0.383
64.66000 -1.002
64.68000 1.156
64.70000 -1.299
64.72000 -1.583
64.74000 -0.409
64.76000 -0.682
64.78000 0.546
64.80000 -0.904
64.82000 -1.833
64.84000 -0.305
64.86000 -1.957
64.88000 1.253
64.90000 0.440
64.92000 0.505
64.94000 0.106
64.96000 -0.854
64.98000 -0.659
65.00000 3.221
65.02000 2.061
65.04000 1.419
65.06000 -0.818
65.08000 1.144
65.10000 -0.252
65.12000 1.599
65.14000 0.070
65.16000 0.726
65.18000 0.683
65.20000 0.070
65.22000 1.522
65.24000 2.160
65.26000 1.620
65.28000 1.675
65.30000 3.733
65.32000 -1.789
65.34000 0.545
65.36000 -0.957
65.38000 0.200
65.40000 2.787
65.42000 1.552
65.44000 0.886
65.46000 -0.999
65.48000 0.277
65.50000 0.784
65.52000 1.154
65.54000 1.270
65.56000 1.283
65.58000 -0.167
65.60000 1.379
65.62000 2.361
65.64000 -0.453
65.66000 0.264
65.68000 0.940
65.70000 -2.234
65.72000 -1.915
65.74000 1.660
65.76000 -0.953
65.78000 -0.244
65.80000 0.988
65.82000 -0.592
65.84000 -0.039
65.86000 1.335
65.88000 0.315
65.90000 1.157
65.92000 1.136
65.94000 -0.651
65.96000 0.124
65.98000 0.387
66.00000 -1.811
66.02000 -0.131
66.04000 0.038
66.06000 1.723
66.08000 1.816
66.10000 1.629
66.12000 0.980
66.14000 1.716
66.16000 0.427
66.18000 2.685
66.20000 1.891
66.22000 1.399
66.24000 2.510
66.26000 2.241
66.28000 1.641
66.30000 -0.294
66.32000 -0.619
66.34000 -1.620
66.36000 -2.273
66.38000 -0.722
66.40000 0.638
66.42000 2.619
66.44000 0.373
66.46000 0.577
66.48000 0.905
66.50000 0.592
66.52000 -0.705
66.54000 -2.281
66.56000 1.008
66.58000 4.499
66.60000 3.417
66.62000 2.074
66.64000 2.576
66.66000 2.637
66.68000 2.339
66.70000 2.548
66.72000 4.889
66.74000 2.368
66.76000 1.069
66.78000 2.326
66.80000 0.051
66.82000 6.016
66.84000 6.273
66.86000 3.477
66.88000 5.654
66.90000 5.676
66.92000 5.122
66.94000 3.543
66.96000 5.052
66.98000 4.852
67.00000 3.265
67.02000 4.494
67.04000 8.283
67.06000 8.541
67.08000 6.233
67.10000 5.691
67.12000 6.544
67.14000 7.782
67.16000 9.444
67.18000 10.204
67.20000 10.762
67.22000 10.269
67.24000 9.559
67.26000 6.987
67.28000 6.994
67.30000 9.116
67.32000 12.034
67.34000 11.392
67.36000 13.573
67.38000 12.869
67.40000 13.180
67.42000 11.768
67.44000 14.042
67.46000 11.152
67.48000 10.343
67.50000 13.207
67.52000 14.412
67.54000 10.999
67.56000 12.767
67.58000 14.896
67.60000 13.608
67.62000 11.685
67.64000 10.903
67.66000 11.600
67.68000 12.187
67.70000 11.455
67.72000 12.279
67.74000 14.352
67.76000 13.593
67.78000 11.150
67.80000 10.083
67.82000 7.931
67.84000 10.671
67.86000 12.804
67.88000 14.178
67.90000 11.791
67.92000 9.319
67.94000 9.330
67.96000 9.414
67.98000 7.926
68.00000 8.149
68.02000 8.527
68.04000 7.397
68.06000 3.735
68.08000 3.149
68.10000 5.258
68.12000 6.053
68.14000 8.104
68.16000 7.634
68.18000 6.270
68.20000 4.800
68.22000 3.597
68.24000 0.964
68.26000 3.600
68.28000 6.259
68.30000 5.571
68.32000 4.029
68.34000 1.641
68.36000 2.276
68.38000 1.623
68.40000 -0.843
68.42000 -0.064
68.44000 3.411
68.46000 2.198
68.48000 2.833
68.50000 2.610
68.52000 3.308
68.54000 1.825
68.56000 1.851
68.58000 0.910
68.60000 0.700
68.62000 0.895
68.64000 -0.513
68.66000 1.263
68.68000 -0.772
68.70000 0.605
68.72000 -0.202
68.74000 2.390
68.76000 1.088
68.78000 -0.504
68.80000 1.212
68.82000 1.167
68.84000 1.075
68.86000 -0.753
68.88000 -0.505
68.90000 -0.587
68.92000 -2.137
68.94000 -0.493
68.96000 -0.117
68.98000 0.605
69.00000 1.688
69.02000 -0.858
69.04000 -1.187
69.06000 -0.665
69.08000 -1.444
69.10000 -0.970
69.12000 1.199
69.14000 0.536
69.16000 -1.656
69.18000 -1.143
69.20000 -0.060
69.22000 -1.122
69.24000 1.447
69.26000 2.888
69.28000 -0.269
69.30000 -0.736
69.32000 -0.859
69.34000 -0.699
69.36000 0.397
69.38000 -0.077
69.40000 2.265
69.42000 -0.604
69.44000 0.660
69.46000 1.683
69.48000 0.875
69.50000 1.050
69.52000 -0.159
69.54000 0.484
69.56000 0.956
69.58000 2.572
69.60000 0.377
69.62000 0.622
69.64000 1.282
69.66000 -0.359
69.68000 -1.596
69.70000 -0.099
69.72000 -0.475
69.74000 3.048
69.76000 0.488
69.78000 1.278
69.80000 1.651
69.82000 0.776
69.84000 0.438
69.86000 -1.828
69.88000 -2.061
69.90000 -0.542
69.92000 3.195
69.94000 2.792
69.96000 1.453
69.98000 1.295
70.00000 0.704
70.02000 1.101
70.04000 1.937
70.06000 0.237
70.08000 1.118
70.10000 4.002
70.12000 3.396
70.14000 1.691
70.16000 0.982
70.18000 3.054
70.20000 4.663
70.22000 4.342
70.24000 2.191
70.26000 2.397
70.28000 1.009
70.30000 0.114
70.32000 -1.723
70.34000 0.592
70.36000 2.652
70.38000 0.410
70.40000 0.567
70.42000 2.237
70.44000 0.840
70.46000 -0.748
70.48000 -0.704
70.50000 0.708
70.52000 0.379
70.54000 4.943
70.56000 4.141
70.58000 3.704
70.60000 3.889
70.62000 3.829
70.64000 3.016
70.66000 4.581
70.68000 1.772
70.70000 0.670
70.72000 -2.014
70.74000 -0.352
70.76000 2.869
70.78000 3.634
70.80000 0.296
70.82000 0.208
70.84000 1.355
70.86000 1.561
70.88000 2.829
70.90000 3.764
70.92000 -0.603
70.94000 -1.181
70.96000 3.327
70.98000 0.642
71.00000 1.409
71.02000 2.332
71.04000 1.430
71.06000 1.125
71.08000 -0.809
71.10000 0.750
71.12000 0.634
71.14000 1.467
71.16000 1.767
71.18000 1.666
71.20000 1.546
71.22000 1.212
71.24000 1.075
71.26000 0.327
71.28000 1.498
71.30000 1.623
71.32000 2.012
71.34000 3.080
71.36000 3.774
71.38000 1.651
71.40000 1.115
71.42000 3.037
71.44000 2.169
71.46000 1.601
71.48000 3.019
71.50000 2.533
71.52000 4.826
71.54000 2.574
71.56000 3.655
71.58000 5.084
71.60000 0.787
71.62000 -0.300
71.64000 0.152
71.66000 1.598
71.68000 2.759
71.70000 1.785
71.72000 4.912
71.74000 5.179
71.76000 2.208
71.78000 -1.945
71.80000 0.373
71.82000 0.301
71.84000 1.662
71.86000 1.696
71.88000 3.220
71.90000 4.296
71.92000 1.156
71.94000 1.176
71.96000 2.283
71.98000 2.743
72.00000 1.712
72.02000 3.482
72.04000 1.666
72.06000 1.963
72.08000 0.807
72.10000 -1.007
72.12000 0.812
72.14000 -0.188
72.16000 1.718
72.18000 1.170
72.20000 1.553
72.22000 3.960
72.24000 3.822
72.26000 0.770
72.28000 -1.251
72.30000 -0.168
72.32000 1.371
72.34000 -1.435
72.36000 0.295
72.38000 3.294
72.40000 4.197
72.42000 4.407
72.44000 5.445
72.46000 4.109
72.48000 -0.848
72.50000 -1.534
72.52000 -0.398
72.54000 2.561
72.56000 3.176
72.58000 -0.832
72.60000 3.411
72.62000 2.946
72.64000 6.335
72.66000 1.329
72.68000 -0.047
72.70000 1.145
72.72000 1.738
72.74000 1.151
72.76000 2.604
72.78000 2.775
72.80000 0.189
72.82000 0.657
72.84000 -1.937
72.86000 -0.332
72.88000 -0.257
72.90000 1.969
72.92000 1.569
72.94000 -0.126
72.96000 4.139
72.98000 3.646
73.00000 1.066
73.02000 0.163
73.04000 -0.444
73.06000 0.024
73.08000 1.262
73.10000 4.125
73.12000 4.369
73.14000 2.186
73.16000 -0.634
73.18000 2.707
73.20000 1.249
73.22000 1.098
73.24000 1.753
73.26000 2.617
73.28000 2.276
73.30000 1.146
73.32000 0.912
73.34000 1.878
73.36000 4.095
73.38000 5.048
73.40000 2.439
73.42000 1.242
73.44000 2.984
73.46000 2.908
73.48000 1.858
73.50000 1.676
73.52000 2.478
73.54000 2.544
73.56000 1.657
73.58000 1.582
73.60000 3.825
73.62000 2.631
73.64000 2.273
73.66000 2.573
73.68000 2.963
73.70000 1.515
73.72000 0.447
73.74000 2.486
73.76000 1.706
73.78000 1.620
73.80000 2.104
73.82000 2.913
73.84000 2.507
73.86000 4.271
73.88000 1.092
73.90000 -0.864
73.92000 1.258
73.94000 1.205
73.96000 1.636
73.98000 1.716
74.00000 0.228
74.02000 0.825
74.04000 -0.594
74.06000 0.359
74.08000 1.624
74.10000 3.801
74.12000 2.216
74.14000 2.325
74.16000 5.074
74.18000 4.488
74.20000 -1.648
74.22000 -1.884
74.24000 0.910
74.26000 3.013
74.28000 2.881
74.30000 4.465
74.32000 3.904
74.34000 5.261
74.36000 3.925
74.38000 3.734
74.40000 2.924
74.42000 1.657
74.44000 1.773
74.46000 0.775
74.48000 1.760
74.50000 2.764
74.52000 1.440
74.54000 0.928
74.56000 1.275
74.58000 3.879
74.60000 1.845
74.62000 4.079
74.64000 3.063
74.66000 3.068
74.68000 7.708
74.70000 4.108
74.72000 2.683
74.74000 0.872
74.76000 1.167
74.78000 3.761
74.80000 1.859
74.82000 1.050
74.84000 1.279
74.86000 2.462
74.88000 0.406
74.90000 2.277
74.92000 3.014
74.94000 2.023
74.96000 1.559
74.98000 -1.402
75.00000 0.952
75.02000 2.647
75.04000 2.990
75.06000 5.536
75.08000 1.294
75.10000 2.183
75.12000 3.997
75.14000 2.579
75.16000 4.323
75.18000 0.490
75.20000 0.594
75.22000 3.487
75.24000 0.010
75.26000 2.024
75.28000 2.628
75.30000 3.550
75.32000 3.466
75.34000 2.254
75.36000 3.805
75.38000 3.202
75.40000 3.366
75.42000 2.556
75.44000 2.357
75.46000 1.806
75.48000 -0.054
75.50000 -0.935
75.52000 0.773
75.54000 3.058
75.56000 1.706
75.58000 3.315
75.60000 5.545
75.62000 7.722
75.64000 0.692
75.66000 1.226
75.68000 0.319
75.70000 2.520
75.72000 2.323
75.74000 4.807
75.76000 3.717
75.78000 4.143
75.80000 3.232
75.82000 1.941
75.84000 1.714
75.86000 2.835
75.88000 0.911
75.90000 2.571
75.92000 5.653
75.94000 5.226
75.96000 4.061
75.98000 5.057
76.00000 3.329
76.02000 3.175
76.04000 -1.883
76.06000 -0.662
76.08000 3.194
76.10000 4.747
76.12000 8.513
76.14000 4.790
76.16000 5.282
76.18000 4.972
76.20000 1.494
76.22000 -0.966
76.24000 1.251
76.26000 2.487
76.28000 0.952
76.30000 -0.588
76.32000 2.712
76.34000 4.619
76.36000 3.476
76.38000 2.152
76.40000 1.087
76.42000 3.544
76.44000 5.402
76.46000 1.029
76.48000 -0.527
76.50000 0.807
76.52000 5.612
76.54000 1.228
76.56000 1.759
76.58000 0.689
76.60000 -0.879
76.62000 -1.908
76.64000 2.247
76.66000 6.087
76.68000 4.947
76.70000 -0.040
76.72000 -0.901
76.74000 2.020
76.76000 2.673
76.78000 1.309
76.80000 2.084
76.82000 2.817
76.84000 2.678
76.86000 2.877
76.88000 2.696
76.90000 2.895
76.92000 -0.054
76.94000 1.139
76.96000 2.805
76.98000 2.200
77.00000 1.552
77.02000 -0.629
77.04000 -0.088
77.06000 0.234
77.08000 1.376
77.10000 0.621
77.12000 4.087
77.14000 1.064
77.16000 -0.685
77.18000 1.203
77.20000 1.980
77.22000 7.548
77.24000 6.906
77.26000 0.806
77.28000 0.419
77.30000 2.614
77.32000 0.377
77.34000 -0.147
77.36000 2.029
77.38000 2.088
77.40000 0.161
77.42000 0.017
77.44000 3.699
77.46000 0.459
77.48000 1.077
77.50000 0.162
77.52000 3.197
77.54000 0.930
77.56000 2.586
77.58000 0.356
77.60000 0.793
77.62000 2.864
77.64000 -1.965
77.66000 -1.401
77.68000 0.743
77.70000 2.943
77.72000 0.999
77.74000 3.952
77.76000 3.643
77.78000 1.945
77.80000 3.234
77.82000 1.257
77.84000 5.159
77.86000 1.603
77.88000 2.420
77.90000 2.522
77.92000 1.199
77.94000 1.307
77.96000 1.288
77.98000 3.006
78.00000 4.874
78.02000 3.314
78.04000 3.025
78.06000 2.052
78.08000 -0.081
78.10000 -1.744
78.12000 1.504
78.14000 3.728
78.16000 2.330
78.18000 2.331
78.20000 3.989
78.22000 8.378
78.24000 5.724
78.26000 4.121
78.28000 1.878
78.30000 1.629
78.32000 3.595
78.34000 4.543
78.36000 5.914
78.38000 8.345
78.40000 5.278
78.42000 -1.930
78.44000 -0.551
78.46000 4.386
78.48000 4.432
78.50000 1.939
78.52000 2.202
78.54000 5.670
78.56000 3.973
78.58000 -0.558
78.60000 0.059
78.62000 -0.165
78.64000 1.961
78.66000 1.132
78.68000 3.120
78.70000 4.765
78.72000 5.335
78.74000 4.674
78.76000 0.950
78.78000 -0.100
78.80000 1.418
78.82000 0.572
78.84000 0.618
78.86000 2.968
78.88000 2.034
78.90000 0.884
78.92000 3.080
78.94000 2.712
78.96000 4.188
78.98000 3.447
79.00000 2.866
79.02000 1.972
79.04000 1.912
79.06000 1.870
79.08000 -0.347
79.10000 -0.878
79.12000 1.271
79.14000 0.573
79.16000 -0.345
79.18000 1.114
79.20000 0.988
79.22000 3.482
79.24000 1.659
79.26000 1.422
79.28000 2.522
79.30000 2.173
79.32000 2.049
79.34000 5.712
79.36000 4.279
79.38000 0.113
79.40000 -2.041
79.42000 -1.861
79.44000 3.598
79.46000 6.795
79.48000 1.529
79.50000 -0.955
79.52000 -1.083
79.54000 -0.601
79.56000 -1.403
79.58000 0.646
79.60000 2.030
79.62000 0.181
79.64000 2.380
79.66000 3.063
79.68000 3.195
79.70000 4.657
79.72000 0.603
79.74000 -0.038
79.76000 2.105
79.78000 -1.789
79.80000 -2.081
79.82000 1.315
79.84000 3.712
79.86000 0.645
79.88000 -1.077
79.90000 -0.091
79.92000 4.340
79.94000 2.830
79.96000 0.819
79.98000 1.263
80.00000 1.950
80.02000 -0.704
80.04000 1.305
80.06000 1.004
80.08000 1.509
80.10000 1.047
80.12000 3.972
80.14000 2.070
80.16000 0.381
80.18000 2.209
80.20000 1.361
80.22000 2.216
80.24000 4.222
80.26000 5.968
80.28000 4.993
80.30000 1.548
80.32000 2.981
80.34000 4.939
80.36000 4.424
80.38000 7.219
80.40000 6.141
80.42000 5.764
80.44000 3.238
80.46000 2.565
80.48000 4.624
80.50000 1.634
80.52000 0.779
80.54000 2.154
80.56000 4.894
80.58000 3.901
80.60000 5.032
80.62000 7.852
80.64000 8.047
80.66000 7.354
80.68000 5.871
80.70000 4.785
80.72000 5.278
80.74000 5.308
80.76000 7.654
80.78000 6.082
80.80000 8.099
80.82000 8.810
80.84000 8.247
80.86000 9.027
80.88000 8.284
80.90000 8.554
80.92000 9.238
80.94000 8.732
80.96000 5.881
80.98000 11.126
81.00000 9.338
81.02000 8.578
81.04000 11.845
81.06000 15.948
81.08000 14.593
81.10000 13.729
81.12000 15.984
81.14000 17.754
81.16000 19.870
81.18000 18.702
81.20000 15.312
81.22000 14.450
81.24000 15.315
81.26000 18.962
81.28000 15.394
81.30000 15.802
81.32000 18.088
81.34000 18.415
81.36000 15.498
81.38000 16.455
81.40000 20.555
81.42000 14.379
81.44000 15.558
81.46000 17.340
81.48000 18.055
81.50000 17.326
81.52000 19.242
81.54000 19.591
81.56000 21.273
81.58000 22.540
81.60000 21.559
81.62000 17.413
81.64000 19.986
81.66000 19.529
81.68000 17.815
81.70000 15.794
81.72000 16.657
81.74000 18.115
81.76000 15.270
81.78000 17.345
81.80000 17.604
81.82000 18.223
81.84000 14.108
81.86000 18.666
81.88000 14.045
81.90000 12.434
81.92000 14.051
81.94000 14.179
81.96000 12.601
81.98000 10.916
82.00000 10.329
82.02000 10.908
82.04000 14.264
82.06000 13.317
82.08000 10.341
82.10000 6.556
82.12000 6.874
82.14000 11.356
82.16000 10.694
82.18000 13.424
82.20000 12.265
82.22000 7.627
82.24000 8.347
82.26000 7.849
82.28000 4.798
82.30000 6.704
82.32000 9.307
82.34000 5.266
82.36000 3.481
82.38000 7.518
82.40000 4.378
82.42000 2.934
82.44000 3.815
82.46000 5.890
82.48000 3.023
82.50000 1.153
82.52000 1.536
82.54000 2.940
82.56000 4.128
82.58000 4.293
82.60000 3.551
82.62000 5.225
82.64000 3.907
82.66000 2.877
82.68000 3.404
82.70000 3.191
82.72000 3.675
82.74000 2.926
82.76000 0.088
82.78000 1.010
82.80000 0.620
82.82000 -1.500
82.84000 -2.128
82.86000 3.064
82.88000 4.789
82.90000 -1.328
82.92000 -0.706
82.94000 2.246
82.96000 3.468
82.98000 -1.256
83.00000 -0.153
83.02000 3.168
83.04000 3.382
83.06000 -0.774
83.08000 -0.411
83.10000 3.177
83.12000 1.155
83.14000 2.643
83.16000 0.515
83.18000 -1.138
83.20000 -0.906
83.22000 -0.488
83.24000 1.827
83.26000 3.350
83.28000 -0.874
83.30000 -2.093
83.32000 -0.085
83.34000 2.164
83.36000 3.771
83.38000 2.016
83.40000 0.560
83.42000 -0.304
83.44000 -1.456
83.46000 0.477
83.48000 -1.454
83.50000 -1.381
83.52000 -1.828
83.54000 -1.565
83.56000 -1.849
83.58000 -0.492
83.60000 -1.921
83.62000 0.401
83.64000 -1.304
83.66000 -2.083
83.68000 -1.029
83.70000 -0.851
83.72000 -1.705
83.74000 -1.154
83.76000 3.553
83.78000 2.875
83.80000 1.599
83.82000 0.964
83.84000 1.261
83.86000 -0.671
83.88000 -1.147
83.90000 -1.201
83.92000 -1.452
83.94000 0.345
83.96000 0.750
83.98000 -1.366
84.00000 -0.215
84.02000 -1.421
84.04000 -1.916
84.06000 -0.022
84.08000 1.795
84.10000 3.158
84.12000 0.592
84.14000 1.563
84.16000 0.598
84.18000 -0.897
84.20000 -0.036
84.22000 0.095
84.24000 -0.506
84.26000 1.861
84.28000 1.603
84.30000 1.543
84.32000 1.026
84.34000 0.246
84.36000 2.831
84.38000 3.236
84.40000 -0.799
84.42000 1.375
84.44000 -0.207
84.46000 0.034
84.48000 3.704
84.50000 -0.172
84.52000 1.405
84.54000 3.286
84.56000 2.892
84.58000 4.626
84.60000 3.909
84.62000 4.344
84.64000 3.038
84.66000 1.354
84.68000 1.864
84.70000 4.189
84.72000 4.001
84.74000 2.174
84.76000 5.159
84.78000 8.930
84.80000 5.025
84.82000 1.369
84.84000 1.694
84.86000 7.099
84.88000 9.480
84.90000 5.182
84.92000 7.572
84.94000 13.656
84.96000 10.982
84.98000 9.692
85.00000 11.469
85.02000 9.802
85.04000 9.105
85.06000 10.513
85.08000 16.232
85.10000 14.341
85.12000 12.326
85.14000 10.817
85.16000 13.597
85.18000 14.985
85.20000 15.431
85.22000 13.110
85.24000 14.179
85.26000 17.875
85.28000 13.946
85.30000 10.520
85.32000 10.885
85.34000 11.323
85.36000 13.245
85.38000 15.614
85.40000 17.695
85.42000 15.482
85.44000 13.916
85.46000 14.252
85.48000 16.433
85.50000 16.858
85.52000 19.013
85.54000 16.186
85.56000 18.119
85.58000 19.648
85.60000 18.907
85.62000 14.815
85.64000 19.086
85.66000 16.963
85.68000 16.462
85.70000 17.153
85.72000 18.305
85.74000 15.221
85.76000 11.437
85.78000 10.651
85.80000 16.033
85.82000 17.925
85.84000 16.850
85.86000 19.831
85.88000 19.086
85.90000 16.347
85.92000 12.717
85.94000 10.647
85.96000 9.990
85.98000 12.986
86.00000 15.214
86.02000 17.701
86.04000 14.751
86.06000 13.038
86.08000 12.643
86.10000 10.904
86.12000 10.138
86.14000 11.458
86.16000 8.429
86.18000 9.625
86.20000 11.061
86.22000 9.321
86.24000 4.920
86.26000 2.752
86.28000 5.321
86.30000 5.993
86.32000 5.237
86.34000 6.130
86.36000 6.280
86.38000 6.753
86.40000 6.837
86.42000 6.569
86.44000 2.937
86.46000 1.299
86.48000 4.129
86.50000 3.226
86.52000 1.450
86.54000 -1.380
86.56000 1.517
86.58000 0.217
86.60000 4.051
86.62000 3.338
86.64000 3.950
86.66000 0.566
86.68000 1.464
86.70000 0.367
86.72000 0.348
86.74000 2.125
86.76000 1.088
86.78000 2.152
86.80000 3.141
86.82000 2.677
86.84000 3.098
86.86000 -0.609
86.88000 0.920
86.90000 -1.940
86.92000 0.456
86.94000 2.001
86.96000 3.223
86.98000 3.645
87.00000 -0.468
87.02000 0.534
87.04000 0.898
87.06000 1.704
87.08000 0.755
87.10000 2.170
87.12000 1.065
87.14000 -1.611
87.16000 2.337
87.18000 1.597
87.20000 -0.517
87.22000 -1.047
87.24000 -0.951
87.26000 -0.474
87.28000 1.530
87.30000 1.297
87.32000 1.354
87.34000 2.635
87.36000 2.474
87.38000 0.955
87.40000 -1.525
87.42000 0.046
87.44000 2.785
87.46000 1.030
87.48000 -0.315
87.50000 0.797
87.52000 0.709
87.54000 1.330
87.56000 1.829
87.58000 -1.881
87.60000 -0.921
87.62000 0.450
87.64000 3.575
87.66000 3.617
87.68000 0.420
87.70000 -0.514
87.72000 0.808
87.74000 0.165
87.76000 -0.054
87.78000 -0.065
87.80000 3.029
87.82000 0.939
87.84000 0.678
87.86000 0.841
87.88000 -1.257
87.90000 -1.842
87.92000 1.674
87.94000 2.040
87.96000 1.542
87.98000 1.002
88.00000 1.179
88.02000 2.325
88.04000 0.813
88.06000 -1.425
88.08000 1.335
88.10000 -0.215
88.12000 -0.015
88.14000 -0.309
88.16000 -0.444
88.18000 0.729
88.20000 1.013
88.22000 -1.067
88.24000 0.770
88.26000 1.885
88.28000 0.468
88.30000 2.092
88.32000 0.783
88.34000 2.725
88.36000 2.855
88.38000 1.359
88.40000 0.348
88.42000 0.184
88.44000 3.625
88.46000 0.294
88.48000 2.156
88.50000 0.697
88.52000 0.388
88.54000 -1.811
88.56000 0.027
88.58000 0.821
88.60000 0.252
88.62000 -0.702
88.64000 -0.233
88.66000 -1.834
88.68000 -1.196
88.70000 0.700
88.72000 4.389
88.74000 5.141
88.76000 1.862
88.78000 -0.953
88.80000 -1.457
88.82000 0.784
88.84000 -0.692
88.86000 0.448
88.88000 1.076
88.90000 0.604
88.92000 3.389
88.94000 2.746
88.96000 1.506
88.98000 -0.417
89.00000 1.782
89.02000 -0.181
89.04000 -1.831
89.06000 -0.184
89.08000 0.167
89.10000 2.746
89.12000 1.682
89.14000 4.501
89.16000 0.409
89.18000 1.093
89.20000 0.129
89.22000 0.022
89.24000 2.261
89.26000 1.562
89.28000 1.735
89.30000 -0.486
89.32000 1.033
89.34000 3.648
89.36000 2.478
89.38000 3.409
89.40000 4.872
89.42000 2.144
89.44000 1.384
89.46000 1.138
89.48000 0.257
89.50000 1.719
89.52000 0.600
89.54000 -0.405
89.56000 1.316
89.58000 1.478
89.60000 -0.626
89.62000 -0.170
89.64000 2.525
89.66000 1.195
89.68000 1.871
89.70000 1.270
89.72000 3.676
89.74000 4.871
89.76000 6.414
89.78000 2.521
89.80000 1.923
89.82000 2.525
89.84000 2.217
89.86000 3.208
89.88000 1.351
89.90000 0.172
89.92000 -0.288
89.94000 -1.802
89.96000 0.887
89.98000 2.867
90.00000 1.716
90.02000 0.214
90.04000 -1.455
90.06000 -1.789
90.08000 2.329
90.10000 1.852
90.12000 2.947
90.14000 2.663
90.16000 1.258
90.18000 0.038
90.20000 3.376
90.22000 4.715
90.24000 4.658
90.26000 4.996
90.28000 3.614
90.30000 2.646
90.32000 0.822
90.34000 2.596
90.36000 -0.978
90.38000 -0.423
90.40000 -0.909
90.42000 0.296
90.44000 0.017
90.46000 1.495
90.48000 0.119
90.50000 3.314
90.52000 2.756
90.54000 -0.820
90.56000 0.318
90.58000 3.310
90.60000 1.994
90.62000 -0.131
90.64000 1.495
90.66000 1.311
90.68000 0.014
90.70000 -0.369
90.72000 1.989
90.74000 2.091
90.76000 1.856
90.78000 0.952
90.80000 0.962
90.82000 0.424
90.84000 0.730
90.86000 2.255
90.88000 3.839
90.90000 2.466
90.92000 3.928
90.94000 2.690
90.96000 1.141
90.98000 2.043
91.00000 2.398
91.02000 3.477
91.04000 1.980
91.06000 3.054
91.08000 3.026
91.10000 2.561
91.12000 2.563
91.14000 1.449
91.16000 -1.629
91.18000 -1.815
91.20000 2.541
91.22000 -0.648
91.24000 -0.242
91.26000 3.315
91.28000 1.493
91.30000 -1.487
91.32000 -1.532
91.34000 3.134
91.36000 1.419
91.38000 1.042
91.40000 2.376
91.42000 1.996
91.44000 0.934
91.46000 1.744
91.48000 1.966
91.50000 1.329
91.52000 0.222
91.54000 -1.282
91.56000 2.455
91.58000 -0.234
91.60000 -0.383
91.62000 0.508
91.64000 1.312
91.66000 -1.190
91.68000 2.739
91.70000 2.219
91.72000 4.347
91.74000 3.950
91.76000 2.325
91.78000 5.147
91.80000 2.937
91.82000 2.887
91.84000 3.413
91.86000 4.144
91.88000 0.764
91.90000 -1.811
91.92000 -0.688
91.94000 2.318
91.96000 1.993
91.98000 2.474
92.00000 5.207
92.02000 5.029
92.04000 1.544
92.06000 0.561
92.08000 1.901
92.10000 0.295
92.12000 1.730
92.14000 1.284
92.16000 3.118
92.18000 2.490
92.20000 0.245
92.22000 -0.885
92.24000 2.876
92.26000 5.096
92.28000 1.539
92.30000 0.171
92.32000 -0.388
92.34000 3.104
92.36000 6.654
92.38000 6.920
92.40000 2.224
92.42000 2.032
92.44000 2.764
92.46000 1.348
92.48000 -0.570
92.50000 5.917
92.52000 5.956
92.54000 1.620
92.56000 2.470
92.58000 -0.560
92.60000 0.702
92.62000 4.543
92.64000 2.137
92.66000 0.908
92.68000 1.290
92.70000 1.372
92.72000 3.298
92.74000 -1.048
92.76000 0.721
92.78000 -0.075
92.80000 3.354
92.82000 3.357
92.84000 1.839
92.86000 3.140
92.88000 2.369
92.90000 3.782
92.92000 3.568
92.94000 1.985
92.96000 3.124
92.98000 4.763
93.00000 2.328
93.02000 8.434
93.04000 6.995
93.06000 8.076
93.08000 3.841
93.10000 4.295
93.12000 6.866
93.14000 5.604
93.16000 6.620
93.18000 3.244
93.20000 -0.370
93.22000 -1.790
93.24000 1.024
93.26000 1.999
93.28000 2.670
93.30000 1.599
93.32000 1.334
93.34000 3.814
93.36000 7.030
93.38000 4.805
93.40000 2.424
93.42000 2.976
93.44000 2.165
93.46000 2.633
93.48000 1.851
93.50000 3.678
93.52000 3.503
93.54000 5.392
93.56000 1.117
93.58000 2.568
93.60000 6.921
93.62000 5.050
93.64000 1.085
93.66000 0.644
93.68000 1.120
93.70000 2.975
93.72000 2.111
93.74000 2.424
93.76000 1.343
93.78000 -0.008
93.80000 -0.613
93.82000 -0.177
93.84000 1.044
93.86000 -0.774
93.88000 -0.727
93.90000 1.236
93.92000 0.554
93.94000 1.133
93.96000 2.083
93.98000 0.909
94.00000 0.065
94.02000 -0.435
94.04000 0.304
94.06000 2.929
94.08000 1.353
94.10000 -0.863
94.12000 4.489
94.14000 6.764
94.16000 4.997
94.18000 2.295
94.20000 5.153
94.22000 3.538
94.24000 2.248
94.26000 -1.835
94.28000 -1.092
94.30000 -0.792
94.32000 4.744
94.34000 7.620
94.36000 6.570
94.38000 7.689
94.40000 5.337
94.42000 4.373
94.44000 7.431
94.46000 3.372
94.48000 1.438
94.50000 2.496
94.52000 2.059
94.54000 3.826
94.56000 4.658
94.58000 0.608
94.60000 1.248
94.62000 2.693
94.64000 0.479
94.66000 3.457
94.68000 2.397
94.70000 4.300
94.72000 2.519
94.74000 3.035
94.76000 2.146
94.78000 -1.831
94.80000 -1.241
94.82000 3.801
94.84000 4.204
94.86000 1.196
94.88000 3.551
94.90000 3.764
94.92000 -0.289
94.94000 0.254
94.96000 0.105
94.98000 1.722
95.00000 1.115
95.02000 -1.305
95.04000 -1.171
95.06000 1.759
95.08000 1.683
95.10000 3.309
95.12000 5.580
95.14000 4.476
95.16000 -0.006
95.18000 -0.062
95.20000 1.197
95.22000 5.722
95.24000 2.883
95.26000 2.320
95.28000 -0.328
95.30000 3.006
95.32000 1.806
95.34000 0.644
95.36000 -0.647
95.38000 -0.285
95.40000 -1.404
95.42000 -1.843
95.44000 -1.536
95.46000 -0.520
95.48000 -0.716
95.50000 1.492
95.52000 4.665
95.54000 4.494
95.56000 1.967
95.58000 0.853
95.60000 3.808
95.62000 4.285
95.64000 2.376
95.66000 3.299
95.68000 3.013
95.70000 5.193
95.72000 5.095
95.74000 2.586
95.76000 3.131
95.78000 4.156
95.80000 2.608
95.82000 -0.809
95.84000 -0.672
95.86000 -1.282
95.88000 1.219
95.90000 4.197
95.92000 4.827
95.94000 7.903
95.96000 4.103
95.98000 4.316
96.00000 4.164
96.02000 5.730
96.04000 1.700
96.06000 2.141
96.08000 3.585
96.10000 0.116
96.12000 2.198
96.14000 1.752
96.16000 2.680
96.18000 3.135
96.20000 1.992
96.22000 5.059
96.24000 2.271
96.26000 -0.366
96.28000 3.642
96.30000 4.530
96.32000 5.171
96.34000 2.741
96.36000 4.115
96.38000 0.132
96.40000 2.244
96.42000 0.596
96.44000 -1.844
96.46000 0.226
96.48000 2.082
96.50000 2.626
96.52000 6.281
96.54000 5.387
96.56000 -0.053
96.58000 -0.057
96.60000 1.736
96.62000 3.643
96.64000 1.357
96.66000 2.657
96.68000 3.853
96.70000 1.262
96.72000 4.178
96.74000 3.789
96.76000 3.261
96.78000 5.862
96.80000 -1.006
96.82000 2.313
96.84000 2.149
96.86000 -0.918
96.88000 1.594
96.90000 4.053
96.92000 3.749
96.94000 -1.198
96.96000 1.817
96.98000 4.029
97.00000 5.601
97.02000 2.672
97.04000 1.948
97.06000 -0.312
97.08000 5.263
97.10000 0.030
97.12000 -0.449
97.14000 -0.009
97.16000 -1.190
97.18000 2.908
97.20000 5.240
97.22000 4.888
97.24000 6.689
97.26000 3.282
97.28000 2.978
97.30000 1.202
97.32000 1.974
97.34000 1.036
97.36000 4.454
97.38000 6.861
97.40000 4.369
97.42000 1.642
97.44000 2.639
97.46000 3.471
97.48000 3.356
97.50000 2.183
97.52000 3.009
97.54000 4.627
97.56000 5.826
97.58000 6.514
97.60000 6.118
97.62000 5.033
97.64000 7.951
97.66000 2.583
97.68000 4.051
97.70000 3.536
97.72000 4.765
97.74000 0.801
97.76000 -0.805
97.78000 -1.763
97.80000 2.495
97.82000 4.596
97.84000 6.112
97.86000 5.987
97.88000 6.446
97.90000 3.717
97.92000 5.416
97.94000 4.889
97.96000 1.163
97.98000 3.872
98.00000 2.629
98.02000 6.007
98.04000 4.499
98.06000 4.401
98.08000 5.287
98.10000 2.819
98.12000 2.146
98.14000 0.994
98.16000 4.996
98.18000 5.966
98.20000 1.808
98.22000 3.074
98.24000 2.009
98.26000 1.912
98.28000 1.174
98.30000 -0.226
98.32000 2.240
98.34000 4.006
98.36000 8.990
98.38000 3.687
98.40000 5.325
98.42000 3.281
98.44000 2.183
98.46000 3.198
98.48000 7.411
98.50000 6.795
98.52000 3.341
98.54000 -1.783
98.56000 -1.059
98.58000 3.365
98.60000 0.802
98.62000 1.905
98.64000 6.039
98.66000 4.134
98.68000 4.672
98.70000 4.247
98.72000 4.973
98.74000 2.853
98.76000 0.526
98.78000 5.437
98.80000 4.188
98.82000 4.319
98.84000 -1.781
98.86000 1.873
98.88000 7.576
98.90000 6.168
98.92000 3.094
98.94000 4.332
98.96000 5.783
98.98000 4.526
99.00000 5.380
99.02000 8.029
99.04000 3.326
99.06000 -1.242
99.08000 -0.673
99.10000 -0.050
99.12000 0.056
99.14000 4.450
99.16000 2.286
99.18000 4.017
99.20000 2.247
99.22000 4.701
99.24000 3.371
99.26000 4.702
99.28000 8.409
99.30000 2.090
99.32000 7.766
99.34000 8.417
99.36000 8.638
99.38000 1.933
99.40000 1.371
99.42000 7.190
99.44000 3.841
99.46000 13.245
99.48000 10.237
99.50000 4.630
99.52000 8.079
99.54000 -1.801
99.56000 -1.471
99.58000 3.257
99.60000 3.065
99.62000 1.311
99.64000 3.960
99.66000 6.660
99.68000 0.762
99.70000 1.078
99.72000 -0.577
99.74000 2.745
99.76000 2.868
99.78000 3.849
99.80000 4.849
99.82000 2.545
99.84000 0.559
99.86000 -0.041
99.88000 -1.845
99.90000 1.657
99.92000 -1.781
99.94000 -1.894
99.96000 -1.916
99.98000 0.000
