'Id: "0011387" Comment: "Integrate frame 0011387_Au-Ir-Rh_Rh-rich_XRD-Mapping-325-0000.gfrmwith cursor Wedge Cursor #5" Operator: "B?rgel" Anode: "Cu" Wavelength: "1.5406" Scantype: "2Theta (TwoTheta)" TimePerStep: "1" X: "-18" Y: "40.5" Z: "5.95" 
10.00000 0.000
10.02000 3.301
10.04000 17.219
10.06000 2.276
10.08000 5.946
10.10000 7.592
10.12000 4.087
10.14000 8.989
10.16000 16.222
10.18000 11.711
10.20000 14.530
10.22000 6.452
10.24000 10.146
10.26000 25.518
10.28000 9.539
10.30000 4.983
10.32000 6.471
10.34000 2.119
10.36000 10.203
10.38000 8.720
10.40000 -4.505
10.42000 10.949
10.44000 1.559
10.46000 -4.503
10.48000 -0.801
10.50000 11.154
10.52000 15.591
10.54000 12.052
10.56000 13.530
10.58000 27.175
10.60000 19.517
10.62000 23.843
10.64000 31.862
10.66000 24.488
10.68000 16.374
10.70000 23.922
10.72000 20.551
10.74000 14.778
10.76000 15.886
10.78000 11.770
10.80000 10.974
10.82000 9.409
10.84000 10.060
10.86000 -4.833
10.88000 11.924
10.90000 12.319
10.92000 11.383
10.94000 20.236
10.96000 16.101
10.98000 18.004
11.00000 20.295
11.02000 17.121
11.04000 11.020
11.06000 17.106
11.08000 22.759
11.10000 20.472
11.12000 18.299
11.14000 13.992
11.16000 11.783
11.18000 9.484
11.20000 19.340
11.22000 14.952
11.24000 15.329
11.26000 5.708
11.28000 5.334
11.30000 0.902
11.32000 12.075
11.34000 17.514
11.36000 11.546
11.38000 13.898
11.40000 22.965
11.42000 26.647
11.44000 14.427
11.46000 4.019
11.48000 5.892
11.50000 16.991
11.52000 17.957
11.54000 22.321
11.56000 16.753
11.58000 12.488
11.60000 19.513
11.62000 12.695
11.64000 13.787
11.66000 8.127
11.68000 5.118
11.70000 7.127
11.72000 16.173
11.74000 16.624
11.76000 15.847
11.78000 16.503
11.80000 14.852
11.82000 16.166
11.84000 -0.741
11.86000 -4.092
11.88000 5.984
11.90000 10.590
11.92000 10.367
11.94000 14.641
11.96000 12.835
11.98000 17.989
12.00000 10.571
12.02000 14.453
12.04000 23.466
12.06000 19.231
12.08000 9.073
12.10000 17.312
12.12000 12.709
12.14000 13.623
12.16000 11.885
12.18000 10.410
12.20000 16.254
12.22000 11.340
12.24000 14.772
12.26000 22.018
12.28000 12.177
12.30000 13.254
12.32000 19.127
12.34000 13.045
12.36000 14.612
12.38000 13.476
12.40000 -1.344
12.42000 15.305
12.44000 18.197
12.46000 22.673
12.48000 13.447
12.50000 9.007
12.52000 1.549
12.54000 4.704
12.56000 13.834
12.58000 9.192
12.60000 8.168
12.62000 -4.553
12.64000 1.794
12.66000 13.999
12.68000 19.629
12.70000 12.567
12.72000 5.352
12.74000 11.277
12.76000 12.381
12.78000 12.618
12.80000 5.166
12.82000 9.289
12.84000 7.918
12.86000 5.328
12.88000 3.092
12.90000 3.293
12.92000 8.407
12.94000 9.832
12.96000 11.389
12.98000 9.677
13.00000 7.817
13.02000 8.013
13.04000 18.305
13.06000 15.165
13.08000 5.494
13.10000 6.199
13.12000 13.823
13.14000 15.543
13.16000 10.329
13.18000 9.408
13.20000 5.565
13.22000 2.758
13.24000 13.467
13.26000 16.134
13.28000 11.158
13.30000 10.112
13.32000 13.226
13.34000 6.249
13.36000 7.151
13.38000 6.663
13.40000 3.399
13.42000 10.867
13.44000 10.855
13.46000 10.313
13.48000 16.467
13.50000 14.783
13.52000 6.183
13.54000 5.600
13.56000 11.470
13.58000 6.226
13.60000 11.631
13.62000 17.071
13.64000 12.371
13.66000 9.796
13.68000 7.125
13.70000 4.281
13.72000 13.983
13.74000 3.462
13.76000 4.448
13.78000 10.724
13.80000 5.809
13.82000 12.844
13.84000 17.269
13.86000 9.688
13.88000 14.590
13.90000 7.644
13.92000 7.018
13.94000 14.359
13.96000 13.916
13.98000 12.515
14.00000 4.440
14.02000 8.438
14.04000 18.507
14.06000 18.440
14.08000 -4.527
14.10000 -1.958
14.12000 2.973
14.14000 4.266
14.16000 3.894
14.18000 7.585
14.20000 8.086
14.22000 11.224
14.24000 11.077
14.26000 11.391
14.28000 5.992
14.30000 6.254
14.32000 3.700
14.34000 2.680
14.36000 4.922
14.38000 2.054
14.40000 -0.264
14.42000 1.842
14.44000 7.798
14.46000 4.078
14.48000 4.558
14.50000 17.210
14.52000 17.807
14.54000 11.005
14.56000 10.879
14.58000 8.278
14.60000 9.190
14.62000 11.961
14.64000 1.660
14.66000 5.213
14.68000 18.866
14.70000 8.435
14.72000 4.618
14.74000 1.359
14.76000 0.195
14.78000 -1.531
14.80000 8.289
14.82000 9.954
14.84000 8.624
14.86000 13.719
14.88000 7.722
14.90000 1.734
14.92000 5.526
14.94000 4.171
14.96000 5.503
14.98000 -1.588
15.00000 4.347
15.02000 9.106
15.04000 4.535
15.06000 5.854
15.08000 13.322
15.10000 8.858
15.12000 3.134
15.14000 8.036
15.16000 7.833
15.18000 2.591
15.20000 7.125
15.22000 19.349
15.24000 14.425
15.26000 8.694
15.28000 10.197
15.30000 8.919
15.32000 2.990
15.34000 4.785
15.36000 13.654
15.38000 17.929
15.40000 12.657
15.42000 13.795
15.44000 9.214
15.46000 8.534
15.48000 14.159
15.50000 8.449
15.52000 10.293
15.54000 11.980
15.56000 10.793
15.58000 6.891
15.60000 5.263
15.62000 8.701
15.64000 16.659
15.66000 11.847
15.68000 7.439
15.70000 5.615
15.72000 5.990
15.74000 15.173
15.76000 14.653
15.78000 9.372
15.80000 3.087
15.82000 2.624
15.84000 8.966
15.86000 7.227
15.88000 13.506
15.90000 18.053
15.92000 21.697
15.94000 17.151
15.96000 14.314
15.98000 17.887
16.00000 13.960
16.02000 11.387
16.04000 1.751
16.06000 -4.416
16.08000 4.002
16.10000 7.233
16.12000 8.153
16.14000 6.146
16.16000 4.999
16.18000 5.082
16.20000 10.295
16.22000 8.447
16.24000 14.965
16.26000 4.667
16.28000 5.056
16.30000 6.233
16.32000 1.126
16.34000 12.049
16.36000 9.621
16.38000 8.771
16.40000 3.656
16.42000 6.377
16.44000 2.568
16.46000 5.046
16.48000 4.331
16.50000 9.663
16.52000 10.400
16.54000 9.464
16.56000 6.739
16.58000 6.741
16.60000 12.149
16.62000 9.227
16.64000 4.794
16.66000 1.744
16.68000 12.137
16.70000 14.278
16.72000 5.643
16.74000 0.241
16.76000 -2.229
16.78000 2.821
16.80000 7.086
16.82000 6.907
16.84000 10.714
16.86000 12.397
16.88000 8.379
16.90000 9.541
16.92000 3.620
16.94000 -4.409
16.96000 1.233
16.98000 3.893
17.00000 9.318
17.02000 7.552
17.04000 9.055
17.06000 7.399
17.08000 12.883
17.10000 6.962
17.12000 5.696
17.14000 10.774
17.16000 8.204
17.18000 6.021
17.20000 9.883
17.22000 9.565
17.24000 9.388
17.26000 7.460
17.28000 0.299
17.30000 -0.057
17.32000 14.413
17.34000 17.867
17.36000 8.129
17.38000 -1.601
17.40000 5.024
17.42000 6.774
17.44000 8.438
17.46000 0.789
17.48000 2.220
17.50000 5.665
17.52000 7.671
17.54000 4.676
17.56000 0.750
17.58000 -1.022
17.60000 3.890
17.62000 1.198
17.64000 0.630
17.66000 5.415
17.68000 9.334
17.70000 6.998
17.72000 1.203
17.74000 1.831
17.76000 4.875
17.78000 7.096
17.80000 3.288
17.82000 2.245
17.84000 0.513
17.86000 2.842
17.88000 6.971
17.90000 8.437
17.92000 4.027
17.94000 -1.715
17.96000 2.494
17.98000 4.886
18.00000 5.247
18.02000 5.966
18.04000 1.046
18.06000 3.796
18.08000 -1.497
18.10000 5.007
18.12000 3.876
18.14000 9.376
18.16000 8.135
18.18000 3.458
18.20000 -4.380
18.22000 -0.948
18.24000 4.059
18.26000 2.053
18.28000 5.542
18.30000 9.783
18.32000 3.406
18.34000 -4.174
18.36000 4.412
18.38000 1.239
18.40000 -0.647
18.42000 3.828
18.44000 1.818
18.46000 13.716
18.48000 16.676
18.50000 13.915
18.52000 13.616
18.54000 -0.250
18.56000 -4.241
18.58000 -3.376
18.60000 0.993
18.62000 4.189
18.64000 3.447
18.66000 2.406
18.68000 8.004
18.70000 -0.569
18.72000 -1.129
18.74000 -1.380
18.76000 -1.674
18.78000 2.176
18.80000 0.219
18.82000 0.926
18.84000 0.226
18.86000 3.465
18.88000 3.512
18.90000 7.957
18.92000 1.263
18.94000 3.589
18.96000 4.059
18.98000 5.868
19.00000 0.660
19.02000 -3.024
19.04000 0.636
19.06000 1.170
19.08000 -4.239
19.10000 -4.335
19.12000 0.499
19.14000 7.902
19.16000 6.188
19.18000 0.650
19.20000 0.987
19.22000 -1.698
19.24000 1.243
19.26000 5.095
19.28000 -0.265
19.30000 3.339
19.32000 8.380
19.34000 3.620
19.36000 -0.134
19.38000 4.863
19.40000 6.341
19.42000 5.502
19.44000 4.458
19.46000 1.746
19.48000 1.967
19.50000 4.105
19.52000 11.643
19.54000 5.548
19.56000 4.477
19.58000 -0.448
19.60000 -1.417
19.62000 -2.791
19.64000 6.253
19.66000 0.706
19.68000 -2.594
19.70000 -4.296
19.72000 -1.366
19.74000 1.833
19.76000 3.967
19.78000 5.124
19.80000 4.640
19.82000 0.315
19.84000 -2.681
19.86000 -1.704
19.88000 -1.015
19.90000 6.568
19.92000 6.134
19.94000 3.058
19.96000 11.380
19.98000 12.323
20.00000 7.850
20.02000 4.159
20.04000 1.055
20.06000 2.517
20.08000 -0.743
20.10000 4.110
20.12000 -0.743
20.14000 -1.567
20.16000 5.910
20.18000 6.657
20.20000 -1.826
20.22000 -2.102
20.24000 2.302
20.26000 4.384
20.28000 -4.266
20.30000 -0.533
20.32000 3.316
20.34000 6.836
20.36000 5.188
20.38000 4.292
20.40000 16.823
20.42000 9.029
20.44000 0.436
20.46000 2.843
20.48000 6.230
20.50000 3.256
20.52000 8.715
20.54000 5.799
20.56000 5.717
20.58000 7.432
20.60000 4.624
20.62000 0.766
20.64000 -0.383
20.66000 6.413
20.68000 5.719
20.70000 6.834
20.72000 7.973
20.74000 10.078
20.76000 7.565
20.78000 2.092
20.80000 3.588
20.82000 2.057
20.84000 5.584
20.86000 3.562
20.88000 10.199
20.90000 9.179
20.92000 6.152
20.94000 5.181
20.96000 -2.724
20.98000 -2.168
21.00000 1.109
21.02000 -0.416
21.04000 7.848
21.06000 11.053
21.08000 2.782
21.10000 1.380
21.12000 8.180
21.14000 12.526
21.16000 10.266
21.18000 6.731
21.20000 0.469
21.22000 -2.071
21.24000 -4.184
21.26000 -1.163
21.28000 3.634
21.30000 0.645
21.32000 7.966
21.34000 7.022
21.36000 4.561
21.38000 3.446
21.40000 2.058
21.42000 -0.525
21.44000 5.532
21.46000 8.272
21.48000 3.318
21.50000 7.963
21.52000 9.575
21.54000 2.711
21.56000 -3.742
21.58000 -0.169
21.60000 0.519
21.62000 2.365
21.64000 1.165
21.66000 5.282
21.68000 7.570
21.70000 6.198
21.72000 7.132
21.74000 -0.707
21.76000 -1.706
21.78000 3.400
21.80000 5.394
21.82000 4.996
21.84000 5.612
21.86000 8.210
21.88000 1.389
21.90000 0.837
21.92000 5.903
21.94000 5.115
21.96000 5.601
21.98000 6.977
22.00000 0.994
22.02000 3.633
22.04000 7.720
22.06000 7.595
22.08000 7.572
22.10000 -1.290
22.12000 -0.569
22.14000 4.182
22.16000 8.299
22.18000 10.336
22.20000 4.433
22.22000 6.300
22.24000 9.410
22.26000 9.021
22.28000 1.639
22.30000 0.011
22.32000 3.657
22.34000 7.294
22.36000 -1.297
22.38000 0.233
22.40000 5.269
22.42000 8.670
22.44000 1.218
22.46000 3.753
22.48000 8.368
22.50000 0.039
22.52000 -4.116
22.54000 -0.901
22.56000 9.381
22.58000 7.387
22.60000 8.999
22.62000 14.569
22.64000 14.294
22.66000 10.829
22.68000 6.225
22.70000 3.332
22.72000 1.819
22.74000 6.262
22.76000 9.321
22.78000 1.418
22.80000 1.925
22.82000 -0.819
22.84000 -0.687
22.86000 3.099
22.88000 8.802
22.90000 11.960
22.92000 12.889
22.94000 7.433
22.96000 4.930
22.98000 3.822
23.00000 4.884
23.02000 7.061
23.04000 2.297
23.06000 -4.080
23.08000 -1.222
23.10000 2.345
23.12000 7.841
23.14000 10.497
23.16000 3.637
23.18000 2.547
23.20000 4.176
23.22000 7.744
23.24000 9.601
23.26000 5.998
23.28000 -0.142
23.30000 4.126
23.32000 4.900
23.34000 3.168
23.36000 1.907
23.38000 -4.057
23.40000 3.366
23.42000 1.334
23.44000 3.640
23.46000 5.480
23.48000 8.309
23.50000 9.308
23.52000 -0.420
23.54000 0.400
23.56000 5.370
23.58000 5.498
23.60000 -0.014
23.62000 4.095
23.64000 12.866
23.66000 8.163
23.68000 8.559
23.70000 9.802
23.72000 5.459
23.74000 6.787
23.76000 8.803
23.78000 7.498
23.80000 10.744
23.82000 13.415
23.84000 8.119
23.86000 3.070
23.88000 11.032
23.90000 13.194
23.92000 11.455
23.94000 11.470
23.96000 11.798
23.98000 12.817
24.00000 13.309
24.02000 10.790
24.04000 11.156
24.06000 7.538
24.08000 11.206
24.10000 12.129
24.12000 9.639
24.14000 5.963
24.16000 5.518
24.18000 9.278
24.20000 9.075
24.22000 8.508
24.24000 11.287
24.26000 14.508
24.28000 12.299
24.30000 17.872
24.32000 17.402
24.34000 15.292
24.36000 3.153
24.38000 -3.969
24.40000 1.999
24.42000 9.528
24.44000 6.660
24.46000 5.481
24.48000 7.884
24.50000 11.867
24.52000 6.611
24.54000 3.705
24.56000 3.179
24.58000 1.677
24.60000 2.418
24.62000 6.175
24.64000 1.598
24.66000 -0.424
24.68000 3.501
24.70000 10.173
24.72000 11.067
24.74000 7.059
24.76000 7.476
24.78000 2.867
24.80000 4.483
24.82000 5.839
24.84000 1.806
24.86000 8.060
24.88000 10.513
24.90000 4.903
24.92000 4.142
24.94000 2.010
24.96000 3.731
24.98000 4.553
25.00000 2.706
25.02000 2.416
25.04000 5.448
25.06000 7.078
25.08000 7.202
25.10000 3.671
25.12000 6.820
25.14000 6.846
25.16000 2.262
25.18000 5.267
25.20000 6.257
25.22000 4.303
25.24000 0.373
25.26000 -2.251
25.28000 5.137
25.30000 9.364
25.32000 8.320
25.34000 3.698
25.36000 7.082
25.38000 4.975
25.40000 3.253
25.42000 0.920
25.44000 3.311
25.46000 0.863
25.48000 -0.136
25.50000 7.802
25.52000 9.545
25.54000 -0.893
25.56000 -3.948
25.58000 8.717
25.60000 6.399
25.62000 5.169
25.64000 9.773
25.66000 10.166
25.68000 1.496
25.70000 0.317
25.72000 3.078
25.74000 4.389
25.76000 5.754
25.78000 -0.630
25.80000 4.419
25.82000 4.624
25.84000 4.143
25.86000 3.685
25.88000 5.234
25.90000 -0.637
25.92000 1.284
25.94000 4.373
25.96000 0.574
25.98000 0.669
26.00000 4.187
26.02000 7.549
26.04000 2.821
26.06000 7.785
26.08000 4.226
26.10000 7.993
26.12000 9.444
26.14000 4.278
26.16000 0.120
26.18000 -0.761
26.20000 -3.915
26.22000 7.401
26.24000 11.730
26.26000 3.306
26.28000 1.726
26.30000 3.528
26.32000 1.370
26.34000 2.187
26.36000 -0.349
26.38000 0.095
26.40000 0.314
26.42000 2.312
26.44000 5.977
26.46000 7.299
26.48000 1.687
26.50000 5.642
26.52000 5.872
26.54000 4.560
26.56000 7.623
26.58000 6.038
26.60000 7.225
26.62000 6.887
26.64000 6.545
26.66000 0.304
26.68000 2.697
26.70000 2.234
26.72000 1.696
26.74000 6.384
26.76000 4.177
26.78000 6.615
26.80000 10.666
26.82000 0.300
26.84000 0.384
26.86000 7.028
26.88000 5.655
26.90000 1.496
26.92000 1.062
26.94000 -0.794
26.96000 0.603
26.98000 4.210
27.00000 3.313
27.02000 0.897
27.04000 6.535
27.06000 0.511
27.08000 1.769
27.10000 6.821
27.12000 6.250
27.14000 2.727
27.16000 -3.883
27.18000 -1.940
27.20000 1.931
27.22000 2.574
27.24000 0.368
27.26000 0.772
27.28000 -1.304
27.30000 1.191
27.32000 1.634
27.34000 -2.025
27.36000 3.510
27.38000 2.900
27.40000 3.992
27.42000 3.736
27.44000 0.975
27.46000 -2.162
27.48000 6.112
27.50000 9.006
27.52000 5.991
27.54000 0.895
27.56000 3.074
27.58000 10.092
27.60000 4.435
27.62000 8.074
27.64000 9.570
27.66000 3.899
27.68000 2.731
27.70000 -0.223
27.72000 0.169
27.74000 4.810
27.76000 6.262
27.78000 2.920
27.80000 2.043
27.82000 8.197
27.84000 5.202
27.86000 5.270
27.88000 1.626
27.90000 1.785
27.92000 2.282
27.94000 0.274
27.96000 0.911
27.98000 3.578
28.00000 3.990
28.02000 2.989
28.04000 -2.585
28.06000 3.331
28.08000 5.944
28.10000 6.777
28.12000 4.015
28.14000 -3.807
28.16000 2.726
28.18000 7.573
28.20000 2.587
28.22000 4.650
28.24000 1.976
28.26000 -1.065
28.28000 3.207
28.30000 0.550
28.32000 1.630
28.34000 2.622
28.36000 4.323
28.38000 6.409
28.40000 3.092
28.42000 3.008
28.44000 7.329
28.46000 8.860
28.48000 7.530
28.50000 2.793
28.52000 3.221
28.54000 -1.349
28.56000 -3.759
28.58000 6.250
28.60000 9.041
28.62000 1.950
28.64000 -1.311
28.66000 4.855
28.68000 6.643
28.70000 5.248
28.72000 4.226
28.74000 2.958
28.76000 2.736
28.78000 9.713
28.80000 4.017
28.82000 4.222
28.84000 1.766
28.86000 2.406
28.88000 2.118
28.90000 -1.392
28.92000 2.751
28.94000 7.525
28.96000 8.729
28.98000 6.707
29.00000 5.715
29.02000 3.674
29.04000 4.880
29.06000 9.629
29.08000 7.723
29.10000 3.954
29.12000 -3.139
29.14000 -2.350
29.16000 -0.034
29.18000 3.675
29.20000 0.974
29.22000 -0.907
29.24000 1.629
29.26000 9.671
29.28000 9.405
29.30000 2.106
29.32000 5.924
29.34000 9.283
29.36000 5.103
29.38000 5.104
29.40000 1.923
29.42000 -1.674
29.44000 1.123
29.46000 -0.022
29.48000 3.624
29.50000 2.987
29.52000 2.517
29.54000 -0.985
29.56000 -0.658
29.58000 -0.234
29.60000 5.266
29.62000 1.225
29.64000 -2.853
29.66000 -0.407
29.68000 -1.079
29.70000 4.333
29.72000 -0.002
29.74000 1.004
29.76000 0.746
29.78000 3.541
29.80000 1.350
29.82000 1.021
29.84000 -1.273
29.86000 0.285
29.88000 4.581
29.90000 1.289
29.92000 -3.019
29.94000 -1.746
29.96000 0.229
29.98000 5.770
30.00000 4.138
30.02000 -0.214
30.04000 1.403
30.06000 2.952
30.08000 2.989
30.10000 5.132
30.12000 8.107
30.14000 4.267
30.16000 -0.630
30.18000 -0.384
30.20000 1.567
30.22000 3.072
30.24000 3.215
30.26000 5.011
30.28000 1.769
30.30000 1.757
30.32000 2.979
30.34000 -0.003
30.36000 0.363
30.38000 1.114
30.40000 6.041
30.42000 3.935
30.44000 3.695
30.46000 2.192
30.48000 3.118
30.50000 3.166
30.52000 -1.386
30.54000 -3.688
30.56000 -2.927
30.58000 -1.224
30.60000 -1.356
30.62000 -0.160
30.64000 1.955
30.66000 5.831
30.68000 4.239
30.70000 0.279
30.72000 1.777
30.74000 4.486
30.76000 -0.299
30.78000 -1.448
30.80000 2.591
30.82000 2.955
30.84000 2.940
30.86000 1.377
30.88000 0.967
30.90000 -1.344
30.92000 0.536
30.94000 4.070
30.96000 5.130
30.98000 -0.511
31.00000 -0.412
31.02000 1.820
31.04000 9.109
31.06000 7.653
31.08000 0.478
31.10000 2.277
31.12000 5.059
31.14000 0.501
31.16000 6.429
31.18000 0.191
31.20000 3.251
31.22000 3.876
31.24000 2.518
31.26000 4.944
31.28000 1.228
31.30000 4.227
31.32000 4.950
31.34000 3.877
31.36000 -1.472
31.38000 3.805
31.40000 0.994
31.42000 2.880
31.44000 5.777
31.46000 5.235
31.48000 0.670
31.50000 2.394
31.52000 2.544
31.54000 2.374
31.56000 -0.780
31.58000 0.589
31.60000 4.660
31.62000 3.750
31.64000 0.629
31.66000 1.137
31.68000 1.402
31.70000 3.166
31.72000 7.612
31.74000 6.117
31.76000 4.397
31.78000 2.299
31.80000 -0.256
31.82000 2.368
31.84000 6.492
31.86000 1.613
31.88000 -1.424
31.90000 -0.492
31.92000 -0.377
31.94000 2.205
31.96000 7.142
31.98000 5.860
32.00000 8.103
32.02000 9.435
32.04000 3.093
32.06000 -3.606
32.08000 0.301
32.10000 7.126
32.12000 7.519
32.14000 10.539
32.16000 2.211
32.18000 7.218
32.20000 7.129
32.22000 1.925
32.24000 2.190
32.26000 5.784
32.28000 7.758
32.30000 7.909
32.32000 5.696
32.34000 1.649
32.36000 5.465
32.38000 0.148
32.40000 4.117
32.42000 8.478
32.44000 4.974
32.46000 -0.601
32.48000 0.555
32.50000 -0.077
32.52000 1.405
32.54000 -1.548
32.56000 0.922
32.58000 1.556
32.60000 -0.243
32.62000 -3.617
32.64000 -2.204
32.66000 0.281
32.68000 6.829
32.70000 6.210
32.72000 2.737
32.74000 1.879
32.76000 1.714
32.78000 -0.159
32.80000 -0.611
32.82000 2.389
32.84000 7.260
32.86000 1.601
32.88000 -1.349
32.90000 -2.150
32.92000 -1.627
32.94000 -3.622
32.96000 -1.272
32.98000 -0.523
33.00000 0.712
33.02000 3.355
33.04000 -2.566
33.06000 -2.627
33.08000 -1.234
33.10000 -1.342
33.12000 -2.076
33.14000 2.747
33.16000 6.082
33.18000 2.983
33.20000 -2.351
33.22000 -3.254
33.24000 3.918
33.26000 11.412
33.28000 7.249
33.30000 1.369
33.32000 0.085
33.34000 2.044
33.36000 0.800
33.38000 -1.404
33.40000 3.102
33.42000 7.197
33.44000 1.250
33.46000 1.417
33.48000 -0.800
33.50000 -0.962
33.52000 -0.471
33.54000 -0.226
33.56000 -0.243
33.58000 0.134
33.60000 3.530
33.62000 4.152
33.64000 2.026
33.66000 0.055
33.68000 1.391
33.70000 6.192
33.72000 6.644
33.74000 2.812
33.76000 -3.629
33.78000 -1.267
33.80000 0.456
33.82000 -1.101
33.84000 -0.921
33.86000 1.105
33.88000 -0.236
33.90000 1.560
33.92000 0.349
33.94000 0.604
33.96000 1.864
33.98000 3.403
34.00000 1.644
34.02000 -1.782
34.04000 0.573
34.06000 5.864
34.08000 4.494
34.10000 0.378
34.12000 1.655
34.14000 5.984
34.16000 6.071
34.18000 5.100
34.20000 2.803
34.22000 -0.406
34.24000 -2.490
34.26000 0.707
34.28000 1.665
34.30000 1.317
34.32000 2.878
34.34000 1.132
34.36000 2.172
34.38000 -0.338
34.40000 -1.309
34.42000 2.272
34.44000 2.372
34.46000 0.756
34.48000 0.494
34.50000 -1.130
34.52000 -0.101
34.54000 0.655
34.56000 1.877
34.58000 1.706
34.60000 -3.604
34.62000 0.062
34.64000 2.932
34.66000 4.695
34.68000 5.908
34.70000 2.546
34.72000 -1.057
34.74000 0.390
34.76000 2.116
34.78000 2.785
34.80000 2.767
34.82000 1.467
34.84000 -1.832
34.86000 -1.109
34.88000 1.150
34.90000 -2.540
34.92000 -0.579
34.94000 4.000
34.96000 1.134
34.98000 -0.508
35.00000 -0.125
35.02000 -2.235
35.04000 -3.590
35.06000 -0.383
35.08000 1.959
35.10000 1.129
35.12000 1.864
35.14000 -0.550
35.16000 -2.251
35.18000 -0.207
35.20000 3.206
35.22000 6.943
35.24000 5.051
35.26000 -0.625
35.28000 -2.486
35.30000 -2.319
35.32000 -1.758
35.34000 1.435
35.36000 -0.805
35.38000 -0.793
35.40000 3.691
35.42000 4.632
35.44000 5.133
35.46000 1.300
35.48000 -1.729
35.50000 -1.566
35.52000 -1.477
35.54000 -0.921
35.56000 -0.462
35.58000 -3.084
35.60000 1.714
35.62000 2.361
35.64000 0.476
35.66000 -0.597
35.68000 -3.589
35.70000 3.833
35.72000 8.931
35.74000 0.036
35.76000 0.593
35.78000 4.627
35.80000 1.088
35.82000 -2.921
35.84000 -0.397
35.86000 0.046
35.88000 -2.126
35.90000 -0.041
35.92000 -0.974
35.94000 0.991
35.96000 3.599
35.98000 0.962
36.00000 1.421
36.02000 3.213
36.04000 4.277
36.06000 6.121
36.08000 3.254
36.10000 4.348
36.12000 4.098
36.14000 2.176
36.16000 3.369
36.18000 -1.231
36.20000 2.291
36.22000 4.218
36.24000 1.739
36.26000 4.069
36.28000 -0.273
36.30000 -1.411
36.32000 5.216
36.34000 3.765
36.36000 2.937
36.38000 -0.563
36.40000 0.962
36.42000 -0.420
36.44000 -3.613
36.46000 -3.498
36.48000 -2.635
36.50000 -0.880
36.52000 0.370
36.54000 1.398
36.56000 -0.772
36.58000 -2.037
36.60000 -1.839
36.62000 1.567
36.64000 -0.478
36.66000 -0.438
36.68000 0.846
36.70000 0.332
36.72000 2.240
36.74000 2.496
36.76000 5.115
36.78000 0.445
36.80000 0.646
36.82000 -1.714
36.84000 -1.327
36.86000 -1.622
36.88000 0.117
36.90000 0.656
36.92000 0.231
36.94000 -2.010
36.96000 1.949
36.98000 0.115
37.00000 -3.514
37.02000 1.674
37.04000 3.014
37.06000 -1.485
37.08000 -0.378
37.10000 1.067
37.12000 1.059
37.14000 -1.195
37.16000 3.805
37.18000 7.433
37.20000 5.127
37.22000 -0.376
37.24000 3.856
37.26000 9.962
37.28000 6.889
37.30000 4.955
37.32000 4.562
37.34000 2.336
37.36000 -1.762
37.38000 4.185
37.40000 7.382
37.42000 7.323
37.44000 0.178
37.46000 1.419
37.48000 7.391
37.50000 6.565
37.52000 1.650
37.54000 3.662
37.56000 3.138
37.58000 11.007
37.60000 11.077
37.62000 8.059
37.64000 13.782
37.66000 9.910
37.68000 7.527
37.70000 9.582
37.72000 12.257
37.74000 14.085
37.76000 14.756
37.78000 12.459
37.80000 10.900
37.82000 12.675
37.84000 15.388
37.86000 11.761
37.88000 13.537
37.90000 18.807
37.92000 15.750
37.94000 19.184
37.96000 18.673
37.98000 23.168
38.00000 23.325
38.02000 26.091
38.04000 25.839
38.06000 23.500
38.08000 18.200
38.10000 20.235
38.12000 22.521
38.14000 23.217
38.16000 25.246
38.18000 32.492
38.20000 30.252
38.22000 32.191
38.24000 33.649
38.26000 35.385
38.28000 40.577
38.30000 40.781
38.32000 41.158
38.34000 43.614
38.36000 49.422
38.38000 42.815
38.40000 41.735
38.42000 44.412
38.44000 45.439
38.46000 52.032
38.48000 52.353
38.50000 48.709
38.52000 55.271
38.54000 62.112
38.56000 64.895
38.58000 64.030
38.60000 66.832
38.62000 70.798
38.64000 74.953
38.66000 78.130
38.68000 78.189
38.70000 82.367
38.72000 88.384
38.74000 90.106
38.76000 91.076
38.78000 95.043
38.80000 95.160
38.82000 103.815
38.84000 111.338
38.86000 115.062
38.88000 120.973
38.90000 130.552
38.92000 142.121
38.94000 143.144
38.96000 143.577
38.98000 151.952
39.00000 164.885
39.02000 169.975
39.04000 168.825
39.06000 183.296
39.08000 191.606
39.10000 198.541
39.12000 206.693
39.14000 221.331
39.16000 231.299
39.18000 240.747
39.20000 257.133
39.22000 271.992
39.24000 286.967
39.26000 302.574
39.28000 321.701
39.30000 336.756
39.32000 353.939
39.34000 368.765
39.36000 391.790
39.38000 415.062
39.40000 429.591
39.42000 452.106
39.44000 477.042
39.46000 499.439
39.48000 531.172
39.50000 546.134
39.52000 564.806
39.54000 592.564
39.56000 619.568
39.58000 644.222
39.60000 672.368
39.62000 696.006
39.64000 723.661
39.66000 724.556
39.68000 737.500
39.70000 762.579
39.72000 772.994
39.74000 787.316
39.76000 804.960
39.78000 805.092
39.80000 804.316
39.82000 806.716
39.84000 801.767
39.86000 798.780
39.88000 804.742
39.90000 790.860
39.92000 774.883
39.94000 756.207
39.96000 744.652
39.98000 726.600
40.00000 705.082
40.02000 682.100
40.04000 655.871
40.06000 634.975
40.08000 614.791
40.10000 589.662
40.12000 569.402
40.14000 553.302
40.16000 513.871
40.18000 488.849
40.20000 472.530
40.22000 449.604
40.24000 426.120
40.26000 403.550
40.28000 378.487
40.30000 349.463
40.32000 332.947
40.34000 315.975
40.36000 299.912
40.38000 283.359
40.40000 267.807
40.42000 249.208
40.44000 236.192
40.46000 219.345
40.48000 203.974
40.50000 193.786
40.52000 190.103
40.54000 171.417
40.56000 167.310
40.58000 154.145
40.60000 145.652
40.62000 134.254
40.64000 127.263
40.66000 124.987
40.68000 118.442
40.70000 109.075
40.72000 96.422
40.74000 88.320
40.76000 83.633
40.78000 85.919
40.80000 78.259
40.82000 78.517
40.84000 71.872
40.86000 61.050
40.88000 59.692
40.90000 58.104
40.92000 55.974
40.94000 50.921
40.96000 45.098
40.98000 38.447
41.00000 35.855
41.02000 35.395
41.04000 35.241
41.06000 30.010
41.08000 27.428
41.10000 25.023
41.12000 28.297
41.14000 31.094
41.16000 28.790
41.18000 24.030
41.20000 27.071
41.22000 27.914
41.24000 21.796
41.26000 20.403
41.28000 15.864
41.30000 20.110
41.32000 20.515
41.34000 20.311
41.36000 17.744
41.38000 12.167
41.40000 11.981
41.42000 14.482
41.44000 14.758
41.46000 14.264
41.48000 9.638
41.50000 7.036
41.52000 5.622
41.54000 7.773
41.56000 11.706
41.58000 12.152
41.60000 7.579
41.62000 11.000
41.64000 10.203
41.66000 6.721
41.68000 3.065
41.70000 0.207
41.72000 4.089
41.74000 3.229
41.76000 5.051
41.78000 9.411
41.80000 7.347
41.82000 3.486
41.84000 1.899
41.86000 5.585
41.88000 1.442
41.90000 1.476
41.92000 -1.312
41.94000 -1.239
41.96000 1.470
41.98000 0.961
42.00000 -0.256
42.02000 -2.163
42.04000 -0.979
42.06000 -3.063
42.08000 -1.098
42.10000 -3.149
42.12000 0.377
42.14000 -2.074
42.16000 -0.925
42.18000 1.537
42.20000 -1.420
42.22000 1.351
42.24000 1.497
42.26000 1.160
42.28000 -1.186
42.30000 -1.027
42.32000 -3.501
42.34000 -1.676
42.36000 0.138
42.38000 -0.979
42.40000 -0.589
42.42000 -2.936
42.44000 -1.434
42.46000 2.769
42.48000 -3.471
42.50000 -1.425
42.52000 -0.117
42.54000 2.820
42.56000 0.760
42.58000 -0.511
42.60000 2.615
42.62000 1.050
42.64000 0.105
42.66000 1.120
42.68000 -2.739
42.70000 0.913
42.72000 1.644
42.74000 -1.356
42.76000 1.564
42.78000 2.146
42.80000 1.238
42.82000 0.759
42.84000 2.111
42.86000 4.198
42.88000 4.294
42.90000 0.703
42.92000 -1.184
42.94000 0.351
42.96000 0.940
42.98000 1.926
43.00000 0.718
43.02000 -2.027
43.04000 -3.377
43.06000 0.750
43.08000 1.571
43.10000 0.456
43.12000 4.089
43.14000 1.916
43.16000 -0.899
43.18000 0.058
43.20000 2.462
43.22000 3.214
43.24000 1.831
43.26000 3.839
43.28000 0.003
43.30000 -1.005
43.32000 0.163
43.34000 2.630
43.36000 1.116
43.38000 -1.530
43.40000 -3.341
43.42000 -2.077
43.44000 0.930
43.46000 -0.544
43.48000 -1.894
43.50000 -1.236
43.52000 -3.328
43.54000 -2.016
43.56000 2.306
43.58000 1.775
43.60000 -2.154
43.62000 -0.302
43.64000 -1.347
43.66000 -1.240
43.68000 0.974
43.70000 1.038
43.72000 -3.317
43.74000 -2.935
43.76000 -1.797
43.78000 4.156
43.80000 6.663
43.82000 0.387
43.84000 0.236
43.86000 -0.484
43.88000 1.827
43.90000 0.258
43.92000 1.531
43.94000 3.701
43.96000 4.721
43.98000 4.958
44.00000 -0.013
44.02000 1.446
44.04000 5.925
44.06000 3.929
44.08000 2.348
44.10000 5.166
44.12000 6.603
44.14000 2.249
44.16000 1.955
44.18000 1.886
44.20000 -1.044
44.22000 -0.138
44.24000 3.258
44.26000 -1.216
44.28000 2.818
44.30000 4.284
44.32000 2.319
44.34000 -3.297
44.36000 -2.806
44.38000 -1.392
44.40000 2.655
44.42000 -0.427
44.44000 0.394
44.46000 5.926
44.48000 5.218
44.50000 6.828
44.52000 3.729
44.54000 -2.877
44.56000 -0.514
44.58000 2.603
44.60000 1.987
44.62000 4.768
44.64000 3.146
44.66000 4.241
44.68000 2.071
44.70000 5.105
44.72000 6.021
44.74000 6.368
44.76000 5.224
44.78000 7.437
44.80000 8.024
44.82000 6.540
44.84000 3.180
44.86000 6.139
44.88000 8.813
44.90000 8.633
44.92000 2.825
44.94000 9.693
44.96000 11.755
44.98000 12.020
45.00000 9.316
45.02000 10.633
45.04000 8.825
45.06000 6.525
45.08000 7.400
45.10000 10.041
45.12000 10.510
45.14000 15.019
45.16000 15.269
45.18000 18.785
45.20000 19.441
45.22000 15.112
45.24000 16.107
45.26000 13.949
45.28000 15.591
45.30000 15.962
45.32000 17.981
45.34000 23.011
45.36000 21.682
45.38000 21.818
45.40000 26.282
45.42000 24.313
45.44000 23.541
45.46000 23.781
45.48000 25.518
45.50000 28.105
45.52000 30.516
45.54000 31.046
45.56000 30.798
45.58000 29.830
45.60000 28.823
45.62000 36.065
45.64000 34.824
45.66000 32.593
45.68000 35.832
45.70000 39.448
45.72000 39.311
45.74000 41.019
45.76000 43.934
45.78000 46.206
45.80000 45.744
45.82000 51.186
45.84000 45.337
45.86000 46.446
45.88000 50.378
45.90000 56.922
45.92000 60.164
45.94000 60.262
45.96000 59.351
45.98000 60.206
46.00000 63.071
46.02000 70.093
46.04000 72.702
46.06000 67.161
46.08000 71.109
46.10000 70.546
46.12000 75.242
46.14000 88.819
46.16000 86.124
46.18000 88.090
46.20000 93.010
46.22000 95.074
46.24000 91.938
46.26000 95.073
46.28000 93.852
46.30000 103.078
46.32000 110.013
46.34000 101.271
46.36000 102.253
46.38000 105.149
46.40000 108.333
46.42000 106.651
46.44000 106.016
46.46000 102.867
46.48000 106.905
46.50000 102.263
46.52000 104.398
46.54000 109.155
46.56000 107.047
46.58000 104.161
46.60000 102.456
46.62000 104.464
46.64000 99.712
46.66000 98.853
46.68000 99.874
46.70000 98.320
46.72000 100.913
46.74000 99.034
46.76000 96.094
46.78000 97.623
46.80000 99.059
46.82000 88.943
46.84000 90.805
46.86000 92.974
46.88000 78.636
46.90000 81.309
46.92000 83.046
46.94000 76.207
46.96000 74.022
46.98000 70.493
47.00000 62.719
47.02000 60.698
47.04000 60.357
47.06000 51.999
47.08000 49.030
47.10000 47.722
47.12000 48.330
47.14000 51.221
47.16000 46.204
47.18000 45.409
47.20000 42.528
47.22000 42.326
47.24000 35.774
47.26000 29.417
47.28000 30.377
47.30000 32.988
47.32000 29.475
47.34000 29.306
47.36000 26.713
47.38000 29.571
47.40000 28.102
47.42000 25.251
47.44000 18.329
47.46000 20.685
47.48000 21.589
47.50000 17.158
47.52000 12.402
47.54000 13.672
47.56000 15.943
47.58000 18.792
47.60000 12.909
47.62000 11.732
47.64000 15.484
47.66000 13.150
47.68000 13.922
47.70000 11.028
47.72000 9.124
47.74000 8.008
47.76000 7.609
47.78000 5.586
47.80000 1.312
47.82000 2.476
47.84000 -1.496
47.86000 1.487
47.88000 1.946
47.90000 2.072
47.92000 1.536
47.94000 5.804
47.96000 3.798
47.98000 0.077
48.00000 6.584
48.02000 5.413
48.04000 1.229
48.06000 1.709
48.08000 3.003
48.10000 9.267
48.12000 5.131
48.14000 0.253
48.16000 4.508
48.18000 3.924
48.20000 4.239
48.22000 3.946
48.24000 3.310
48.26000 1.866
48.28000 0.990
48.30000 -0.218
48.32000 0.589
48.34000 0.336
48.36000 -1.278
48.38000 0.137
48.40000 -0.791
48.42000 1.776
48.44000 1.135
48.46000 2.092
48.48000 6.377
48.50000 5.575
48.52000 1.114
48.54000 -2.835
48.56000 -0.300
48.58000 2.597
48.60000 2.270
48.62000 6.584
48.64000 3.756
48.66000 1.564
48.68000 4.195
48.70000 3.273
48.72000 6.187
48.74000 2.118
48.76000 -2.215
48.78000 -1.229
48.80000 1.125
48.82000 -0.357
48.84000 1.579
48.86000 6.209
48.88000 4.879
48.90000 4.947
48.92000 2.647
48.94000 -0.709
48.96000 -1.228
48.98000 3.365
49.00000 2.368
49.02000 4.886
49.04000 2.362
49.06000 -0.684
49.08000 0.047
49.10000 -0.440
49.12000 0.071
49.14000 1.183
49.16000 -1.984
49.18000 5.103
49.20000 5.798
49.22000 6.618
49.24000 4.947
49.26000 2.971
49.28000 3.632
49.30000 4.900
49.32000 5.523
49.34000 -0.189
49.36000 -0.981
49.38000 1.648
49.40000 3.282
49.42000 3.858
49.44000 6.017
49.46000 2.878
49.48000 -1.954
49.50000 -2.749
49.52000 1.596
49.54000 1.066
49.56000 7.273
49.58000 10.046
49.60000 4.171
49.62000 4.639
49.64000 6.463
49.66000 3.530
49.68000 6.121
49.70000 8.592
49.72000 3.669
49.74000 2.216
49.76000 0.950
49.78000 0.500
49.80000 4.457
49.82000 3.879
49.84000 3.365
49.86000 3.687
49.88000 6.551
49.90000 2.085
49.92000 0.805
49.94000 2.594
49.96000 6.303
49.98000 4.489
50.00000 2.349
50.02000 -0.668
50.04000 -1.083
50.06000 -1.563
50.08000 0.101
50.10000 1.774
50.12000 9.637
50.14000 4.900
50.16000 3.063
50.18000 2.705
50.20000 5.442
50.22000 3.664
50.24000 -1.375
50.26000 1.325
50.28000 4.862
50.30000 2.400
50.32000 4.946
50.34000 3.823
50.36000 1.429
50.38000 1.360
50.40000 1.432
50.42000 -0.442
50.44000 0.396
50.46000 0.540
50.48000 -2.706
50.50000 1.738
50.52000 0.884
50.54000 2.555
50.56000 2.943
50.58000 3.235
50.60000 2.099
50.62000 0.306
50.64000 -2.080
50.66000 0.809
50.68000 1.773
50.70000 2.063
50.72000 2.223
50.74000 1.106
50.76000 1.651
50.78000 4.116
50.80000 5.202
50.82000 2.674
50.84000 0.455
50.86000 -2.673
50.88000 0.198
50.90000 -0.440
50.92000 -0.591
50.94000 3.561
50.96000 3.845
50.98000 5.250
51.00000 1.995
51.02000 0.601
51.04000 1.439
51.06000 1.804
51.08000 3.362
51.10000 6.100
51.12000 4.800
51.14000 4.159
51.16000 5.186
51.18000 4.015
51.20000 4.759
51.22000 -0.302
51.24000 -2.646
51.26000 3.873
51.28000 4.022
51.30000 4.390
51.32000 2.221
51.34000 3.408
51.36000 2.853
51.38000 6.418
51.40000 2.829
51.42000 3.389
51.44000 2.581
51.46000 2.545
51.48000 6.530
51.50000 4.940
51.52000 1.605
51.54000 2.012
51.56000 3.633
51.58000 1.581
51.60000 -2.549
51.62000 -1.144
51.64000 3.716
51.66000 1.413
51.68000 2.768
51.70000 -1.183
51.72000 3.318
51.74000 1.771
51.76000 -0.027
51.78000 1.643
51.80000 -1.288
51.82000 0.232
51.84000 1.171
51.86000 4.081
51.88000 5.024
51.90000 0.015
51.92000 -0.224
51.94000 5.731
51.96000 5.879
51.98000 0.090
52.00000 2.416
52.02000 4.773
52.04000 5.961
52.06000 3.229
52.08000 0.813
52.10000 2.698
52.12000 0.498
52.14000 0.847
52.16000 2.920
52.18000 3.410
52.20000 3.781
52.22000 5.907
52.24000 3.651
52.26000 0.485
52.28000 -0.057
52.30000 1.676
52.32000 5.528
52.34000 2.901
52.36000 1.021
52.38000 3.358
52.40000 1.372
52.42000 5.033
52.44000 4.573
52.46000 5.610
52.48000 0.547
52.50000 -1.170
52.52000 -0.714
52.54000 5.673
52.56000 3.382
52.58000 1.229
52.60000 -0.076
52.62000 -2.452
52.64000 1.472
52.66000 1.404
52.68000 0.609
52.70000 5.428
52.72000 6.871
52.74000 5.801
52.76000 3.236
52.78000 4.081
52.80000 2.278
52.82000 0.371
52.84000 -2.612
52.86000 2.059
52.88000 6.487
52.90000 9.420
52.92000 7.564
52.94000 5.029
52.96000 -0.304
52.98000 -0.773
53.00000 -0.941
53.02000 0.904
53.04000 2.739
53.06000 2.440
53.08000 1.091
53.10000 1.446
53.12000 1.945
53.14000 2.613
53.16000 3.875
53.18000 1.206
53.20000 0.635
53.22000 1.213
53.24000 2.109
53.26000 -0.835
53.28000 1.206
53.30000 5.049
53.32000 3.098
53.34000 2.177
53.36000 3.138
53.38000 0.361
53.40000 2.338
53.42000 1.652
53.44000 -0.346
53.46000 4.853
53.48000 3.157
53.50000 4.726
53.52000 1.206
53.54000 -1.363
53.56000 -0.329
53.58000 1.516
53.60000 1.008
53.62000 3.528
53.64000 5.101
53.66000 -1.206
53.68000 -2.144
53.70000 -0.412
53.72000 -0.883
53.74000 -2.146
53.76000 -0.006
53.78000 1.630
53.80000 4.056
53.82000 1.864
53.84000 2.142
53.86000 4.544
53.88000 0.047
53.90000 4.721
53.92000 -0.570
53.94000 0.638
53.96000 4.605
53.98000 3.394
54.00000 2.591
54.02000 0.994
54.04000 -0.419
54.06000 3.702
54.08000 3.040
54.10000 2.796
54.12000 0.737
54.14000 0.900
54.16000 1.980
54.18000 0.731
54.20000 -2.554
54.22000 2.379
54.24000 0.536
54.26000 1.866
54.28000 5.078
54.30000 5.733
54.32000 3.161
54.34000 3.028
54.36000 3.160
54.38000 4.532
54.40000 2.526
54.42000 3.952
54.44000 1.605
54.46000 1.159
54.48000 -0.357
54.50000 -0.483
54.52000 -0.931
54.54000 2.235
54.56000 2.193
54.58000 4.011
54.60000 -1.383
54.62000 -2.529
54.64000 0.727
54.66000 4.972
54.68000 2.521
54.70000 4.122
54.72000 8.134
54.74000 4.062
54.76000 3.301
54.78000 4.796
54.80000 5.069
54.82000 4.055
54.84000 5.845
54.86000 4.653
54.88000 1.355
54.90000 0.448
54.92000 2.793
54.94000 2.902
54.96000 4.034
54.98000 2.887
55.00000 0.058
55.02000 2.746
55.04000 2.825
55.06000 2.780
55.08000 4.053
55.10000 6.198
55.12000 5.182
55.14000 2.359
55.16000 3.548
55.18000 3.889
55.20000 0.587
55.22000 3.572
55.24000 3.562
55.26000 2.596
55.28000 -0.174
55.30000 -1.370
55.32000 -1.000
55.34000 0.959
55.36000 5.279
55.38000 4.777
55.40000 1.751
55.42000 0.919
55.44000 4.942
55.46000 6.677
55.48000 5.001
55.50000 4.576
55.52000 3.396
55.54000 3.736
55.56000 4.436
55.58000 6.401
55.60000 6.711
55.62000 5.493
55.64000 3.380
55.66000 2.826
55.68000 3.190
55.70000 6.640
55.72000 4.905
55.74000 -2.497
55.76000 4.402
55.78000 5.789
55.80000 3.613
55.82000 2.684
55.84000 0.926
55.86000 3.746
55.88000 3.510
55.90000 1.724
55.92000 0.797
55.94000 0.688
55.96000 1.005
55.98000 4.195
56.00000 6.898
56.02000 6.242
56.04000 10.400
56.06000 7.692
56.08000 6.087
56.10000 3.859
56.12000 3.862
56.14000 5.325
56.16000 7.499
56.18000 8.204
56.20000 6.570
56.22000 2.557
56.24000 -2.195
56.26000 -2.243
56.28000 0.002
56.30000 1.387
56.32000 -0.590
56.34000 1.079
56.36000 0.395
56.38000 3.840
56.40000 0.883
56.42000 1.181
56.44000 2.108
56.46000 4.652
56.48000 3.658
56.50000 2.105
56.52000 4.644
56.54000 6.374
56.56000 6.126
56.58000 4.775
56.60000 -0.206
56.62000 -2.494
56.64000 0.365
56.66000 5.945
56.68000 2.661
56.70000 2.125
56.72000 5.863
56.74000 2.118
56.76000 2.750
56.78000 4.063
56.80000 4.434
56.82000 0.136
56.84000 -0.823
56.86000 2.874
56.88000 -0.219
56.90000 -2.490
56.92000 1.376
56.94000 3.994
56.96000 7.292
56.98000 2.682
57.00000 3.718
57.02000 -1.101
57.04000 1.129
57.06000 3.458
57.08000 2.903
57.10000 0.953
57.12000 0.612
57.14000 2.036
57.16000 0.746
57.18000 1.105
57.20000 0.867
57.22000 2.865
57.24000 2.783
57.26000 3.716
57.28000 2.790
57.30000 4.547
57.32000 5.209
57.34000 5.906
57.36000 0.882
57.38000 0.937
57.40000 1.242
57.42000 -0.840
57.44000 -1.513
57.46000 1.522
57.48000 1.116
57.50000 -0.843
57.52000 1.853
57.54000 2.173
57.56000 0.739
57.58000 1.538
57.60000 1.852
57.62000 4.774
57.64000 2.571
57.66000 -2.485
57.68000 -2.289
57.70000 3.253
57.72000 4.764
57.74000 -1.827
57.76000 -2.164
57.78000 -2.252
57.80000 -1.013
57.82000 0.640
57.84000 3.347
57.86000 0.898
57.88000 0.044
57.90000 3.385
57.92000 2.157
57.94000 -0.347
57.96000 2.920
57.98000 0.788
58.00000 0.741
58.02000 2.714
58.04000 4.834
58.06000 4.034
58.08000 1.917
58.10000 -1.330
58.12000 -0.815
58.14000 0.070
58.16000 4.766
58.18000 4.221
58.20000 2.439
58.22000 2.214
58.24000 -0.946
58.26000 0.667
58.28000 0.445
58.30000 0.345
58.32000 0.632
58.34000 5.759
58.36000 6.126
58.38000 1.983
58.40000 4.141
58.42000 3.148
58.44000 0.901
58.46000 0.887
58.48000 6.791
58.50000 7.301
58.52000 0.705
58.54000 1.113
58.56000 3.137
58.58000 2.595
58.60000 1.531
58.62000 4.737
58.64000 4.564
58.66000 5.671
58.68000 4.229
58.70000 1.454
58.72000 -2.446
58.74000 1.834
58.76000 5.259
58.78000 4.866
58.80000 6.829
58.82000 3.883
58.84000 -0.555
58.86000 0.886
58.88000 5.667
58.90000 2.017
58.92000 0.492
58.94000 2.955
58.96000 9.901
58.98000 7.976
59.00000 3.433
59.02000 3.093
59.04000 -0.115
59.06000 0.344
59.08000 2.317
59.10000 3.737
59.12000 2.946
59.14000 0.679
59.16000 -0.893
59.18000 2.342
59.20000 6.782
59.22000 1.811
59.24000 2.276
59.26000 3.705
59.28000 2.778
59.30000 4.088
59.32000 3.728
59.34000 2.532
59.36000 -0.514
59.38000 0.335
59.40000 -0.665
59.42000 4.662
59.44000 4.476
59.46000 0.970
59.48000 -1.081
59.50000 -1.928
59.52000 3.544
59.54000 3.480
59.56000 2.280
59.58000 2.109
59.60000 4.274
59.62000 3.613
59.64000 2.979
59.66000 4.326
59.68000 2.050
59.70000 1.091
59.72000 -1.283
59.74000 -2.394
59.76000 -1.272
59.78000 0.684
59.80000 0.904
59.82000 1.515
59.84000 5.350
59.86000 3.837
59.88000 5.321
59.90000 4.617
59.92000 3.666
59.94000 5.049
59.96000 2.876
59.98000 3.428
60.00000 7.788
60.02000 4.568
60.04000 2.261
60.06000 5.718
60.08000 2.657
60.10000 -2.373
60.12000 -2.340
60.14000 2.793
60.16000 5.965
60.18000 6.605
60.20000 3.189
60.22000 5.001
60.24000 4.733
60.26000 5.315
60.28000 3.765
60.30000 1.607
60.32000 2.602
60.34000 3.401
60.36000 3.716
60.38000 1.577
60.40000 4.246
60.42000 2.256
60.44000 0.996
60.46000 2.574
60.48000 4.157
60.50000 -0.017
60.52000 2.986
60.54000 3.621
60.56000 1.269
60.58000 3.915
60.60000 4.576
60.62000 6.115
60.64000 4.692
60.66000 5.758
60.68000 0.985
60.70000 2.060
60.72000 4.960
60.74000 5.340
60.76000 3.176
60.78000 1.149
60.80000 0.657
60.82000 3.327
60.84000 0.759
60.86000 2.869
60.88000 3.437
60.90000 1.213
60.92000 4.044
60.94000 2.021
60.96000 2.997
60.98000 3.235
61.00000 2.036
61.02000 5.354
61.04000 6.425
61.06000 2.862
61.08000 1.360
61.10000 3.847
61.12000 4.049
61.14000 0.293
61.16000 -1.060
61.18000 -2.368
61.20000 -0.472
61.22000 1.038
61.24000 3.326
61.26000 2.071
61.28000 4.545
61.30000 5.540
61.32000 0.583
61.34000 0.701
61.36000 1.204
61.38000 2.102
61.40000 4.217
61.42000 0.026
61.44000 -0.648
61.46000 -0.826
61.48000 0.158
61.50000 -0.956
61.52000 1.943
61.54000 3.051
61.56000 5.805
61.58000 2.929
61.60000 2.409
61.62000 0.708
61.64000 4.590
61.66000 5.734
61.68000 3.995
61.70000 1.838
61.72000 0.167
61.74000 2.924
61.76000 2.565
61.78000 -0.589
61.80000 -0.312
61.82000 -0.175
61.84000 2.019
61.86000 0.670
61.88000 -0.476
61.90000 0.254
61.92000 -0.516
61.94000 -0.903
61.96000 -0.258
61.98000 -0.375
62.00000 -1.079
62.02000 -0.679
62.04000 1.592
62.06000 0.329
62.08000 -0.778
62.10000 1.185
62.12000 1.744
62.14000 1.407
62.16000 0.825
62.18000 0.396
62.20000 0.022
62.22000 -0.565
62.24000 4.495
62.26000 2.976
62.28000 1.414
62.30000 -0.608
62.32000 -0.260
62.34000 1.795
62.36000 0.985
62.38000 2.697
62.40000 0.171
62.42000 2.714
62.44000 3.280
62.46000 2.224
62.48000 0.068
62.50000 -0.256
62.52000 1.386
62.54000 -1.004
62.56000 -2.354
62.58000 1.131
62.60000 1.880
62.62000 -0.662
62.64000 3.833
62.66000 3.561
62.68000 3.367
62.70000 2.921
62.72000 3.460
62.74000 1.855
62.76000 0.360
62.78000 0.739
62.80000 4.711
62.82000 6.974
62.84000 3.760
62.86000 4.530
62.88000 3.387
62.90000 2.443
62.92000 3.813
62.94000 0.631
62.96000 1.315
62.98000 -0.652
63.00000 0.483
63.02000 1.254
63.04000 3.339
63.06000 3.629
63.08000 4.056
63.10000 2.759
63.12000 0.197
63.14000 0.976
63.16000 -0.555
63.18000 -2.347
63.20000 -0.275
63.22000 1.136
63.24000 2.564
63.26000 1.444
63.28000 3.356
63.30000 3.453
63.32000 0.956
63.34000 1.048
63.36000 1.276
63.38000 4.772
63.40000 2.013
63.42000 0.395
63.44000 -2.339
63.46000 -2.339
63.48000 3.325
63.50000 2.501
63.52000 0.144
63.54000 -0.063
63.56000 1.038
63.58000 -0.097
63.60000 -0.541
63.62000 1.977
63.64000 -0.246
63.66000 1.082
63.68000 3.277
63.70000 4.179
63.72000 3.564
63.74000 4.238
63.76000 3.077
63.78000 2.020
63.80000 1.619
63.82000 1.510
63.84000 1.583
63.86000 -1.115
63.88000 -0.650
63.90000 0.669
63.92000 3.092
63.94000 2.560
63.96000 0.177
63.98000 0.218
64.00000 -2.354
64.02000 -1.421
64.04000 1.159
64.06000 0.972
64.08000 2.802
64.10000 6.025
64.12000 0.572
64.14000 2.246
64.16000 2.764
64.18000 1.306
64.20000 4.791
64.22000 5.922
64.24000 4.679
64.26000 2.006
64.28000 1.268
64.30000 0.039
64.32000 1.096
64.34000 1.393
64.36000 -1.600
64.38000 -1.254
64.40000 -0.538
64.42000 1.479
64.44000 0.462
64.46000 1.778
64.48000 1.633
64.50000 2.576
64.52000 1.530
64.54000 3.303
64.56000 1.099
64.58000 2.792
64.60000 5.732
64.62000 2.262
64.64000 -1.472
64.66000 -1.694
64.68000 -1.590
64.70000 1.524
64.72000 3.133
64.74000 3.900
64.76000 5.871
64.78000 -0.027
64.80000 3.109
64.82000 4.886
64.84000 1.539
64.86000 1.883
64.88000 0.754
64.90000 0.909
64.92000 -0.039
64.94000 1.382
64.96000 0.384
64.98000 -1.261
65.00000 -2.373
65.02000 -0.482
65.04000 3.154
65.06000 1.298
65.08000 0.377
65.10000 -1.162
65.12000 -1.340
65.14000 1.575
65.16000 3.208
65.18000 3.024
65.20000 1.059
65.22000 0.669
65.24000 2.554
65.26000 6.853
65.28000 5.683
65.30000 4.162
65.32000 4.371
65.34000 2.587
65.36000 0.225
65.38000 -1.351
65.40000 1.252
65.42000 2.364
65.44000 -1.671
65.46000 0.369
65.48000 1.487
65.50000 4.969
65.52000 3.302
65.54000 0.680
65.56000 1.039
65.58000 0.548
65.60000 0.882
65.62000 0.742
65.64000 1.958
65.66000 2.086
65.68000 1.698
65.70000 1.329
65.72000 3.605
65.74000 2.105
65.76000 1.884
65.78000 1.262
65.80000 -2.307
65.82000 -2.424
65.84000 -0.546
65.86000 -1.046
65.88000 1.313
65.90000 0.939
65.92000 1.104
65.94000 2.481
65.96000 0.525
65.98000 0.440
66.00000 0.625
66.02000 3.558
66.04000 1.864
66.06000 1.490
66.08000 1.136
66.10000 1.420
66.12000 4.112
66.14000 4.629
66.16000 3.416
66.18000 0.890
66.20000 -1.455
66.22000 1.342
66.24000 2.504
66.26000 1.635
66.28000 1.828
66.30000 2.346
66.32000 1.423
66.34000 -1.008
66.36000 1.509
66.38000 0.762
66.40000 -0.325
66.42000 3.933
66.44000 0.041
66.46000 -1.245
66.48000 1.924
66.50000 1.966
66.52000 4.527
66.54000 3.207
66.56000 1.396
66.58000 2.885
66.60000 1.287
66.62000 1.776
66.64000 2.419
66.66000 5.298
66.68000 1.663
66.70000 1.606
66.72000 2.385
66.74000 2.271
66.76000 3.964
66.78000 2.002
66.80000 0.787
66.82000 4.972
66.84000 4.351
66.86000 5.832
66.88000 5.477
66.90000 5.069
66.92000 6.591
66.94000 8.513
66.96000 9.039
66.98000 5.050
67.00000 8.298
67.02000 8.935
67.04000 10.212
67.06000 9.059
67.08000 8.400
67.10000 11.235
67.12000 8.163
67.14000 10.167
67.16000 8.247
67.18000 8.557
67.20000 7.944
67.22000 5.801
67.24000 6.168
67.26000 12.418
67.28000 12.644
67.30000 10.743
67.32000 11.149
67.34000 11.410
67.36000 13.515
67.38000 14.708
67.40000 13.188
67.42000 11.083
67.44000 13.144
67.46000 11.726
67.48000 14.204
67.50000 14.766
67.52000 14.895
67.54000 15.794
67.56000 13.192
67.58000 13.592
67.60000 15.964
67.62000 15.138
67.64000 13.698
67.66000 13.955
67.68000 18.469
67.70000 10.427
67.72000 15.134
67.74000 13.416
67.76000 14.035
67.78000 13.173
67.80000 13.968
67.82000 13.645
67.84000 15.125
67.86000 16.561
67.88000 19.513
67.90000 20.287
67.92000 19.110
67.94000 18.702
67.96000 16.917
67.98000 15.708
68.00000 14.975
68.02000 14.221
68.04000 14.256
68.06000 15.241
68.08000 17.859
68.10000 16.040
68.12000 13.935
68.14000 15.245
68.16000 13.646
68.18000 12.245
68.20000 12.406
68.22000 13.108
68.24000 9.113
68.26000 9.004
68.28000 10.516
68.30000 9.693
68.32000 12.336
68.34000 10.439
68.36000 9.144
68.38000 7.087
68.40000 5.166
68.42000 6.223
68.44000 6.295
68.46000 3.287
68.48000 4.971
68.50000 3.427
68.52000 4.142
68.54000 5.540
68.56000 5.095
68.58000 5.380
68.60000 6.190
68.62000 8.752
68.64000 4.300
68.66000 5.451
68.68000 5.602
68.70000 2.781
68.72000 3.103
68.74000 6.016
68.76000 8.189
68.78000 4.409
68.80000 -0.776
68.82000 0.795
68.84000 3.318
68.86000 2.375
68.88000 2.677
68.90000 2.897
68.92000 0.614
68.94000 -0.572
68.96000 1.127
68.98000 1.203
69.00000 -0.289
69.02000 2.053
69.04000 2.113
69.06000 2.170
69.08000 3.575
69.10000 4.244
69.12000 0.910
69.14000 1.422
69.16000 1.159
69.18000 0.645
69.20000 -1.467
69.22000 -1.577
69.24000 2.737
69.26000 4.761
69.28000 3.668
69.30000 1.072
69.32000 0.083
69.34000 -0.731
69.36000 -0.095
69.38000 -1.284
69.40000 2.900
69.42000 3.198
69.44000 3.958
69.46000 0.586
69.48000 2.091
69.50000 2.021
69.52000 -0.152
69.54000 -0.087
69.56000 1.700
69.58000 -1.124
69.60000 -0.665
69.62000 -2.306
69.64000 -1.567
69.66000 1.566
69.68000 0.447
69.70000 1.398
69.72000 1.890
69.74000 3.598
69.76000 2.216
69.78000 1.527
69.80000 -0.394
69.82000 -2.273
69.84000 -0.621
69.86000 0.774
69.88000 4.358
69.90000 5.321
69.92000 3.199
69.94000 3.684
69.96000 1.369
69.98000 0.494
70.00000 2.024
70.02000 5.622
70.04000 2.196
70.06000 2.142
70.08000 0.979
70.10000 3.483
70.12000 6.684
70.14000 3.921
70.16000 2.531
70.18000 2.433
70.20000 -0.528
70.22000 -0.158
70.24000 3.132
70.26000 -0.334
70.28000 -2.253
70.30000 2.786
70.32000 6.626
70.34000 6.555
70.36000 5.990
70.38000 4.540
70.40000 1.145
70.42000 1.658
70.44000 0.897
70.46000 3.576
70.48000 4.678
70.50000 1.887
70.52000 1.612
70.54000 4.865
70.56000 7.517
70.58000 3.737
70.60000 0.711
70.62000 1.850
70.64000 -1.058
70.66000 -1.122
70.68000 -1.129
70.70000 2.002
70.72000 -0.693
70.74000 2.617
70.76000 3.852
70.78000 3.279
70.80000 6.888
70.82000 2.509
70.84000 1.229
70.86000 2.949
70.88000 -0.376
70.90000 1.861
70.92000 1.726
70.94000 0.440
70.96000 -1.231
70.98000 0.518
71.00000 -0.258
71.02000 1.173
71.04000 6.181
71.06000 3.631
71.08000 -0.519
71.10000 6.599
71.12000 3.708
71.14000 5.322
71.16000 0.727
71.18000 -0.892
71.20000 0.241
71.22000 3.505
71.24000 3.436
71.26000 1.249
71.28000 1.504
71.30000 2.962
71.32000 5.017
71.34000 4.549
71.36000 2.492
71.38000 0.889
71.40000 0.026
71.42000 2.507
71.44000 -0.569
71.46000 4.239
71.48000 7.539
71.50000 1.917
71.52000 2.453
71.54000 0.649
71.56000 0.680
71.58000 3.671
71.60000 5.218
71.62000 3.670
71.64000 5.350
71.66000 6.182
71.68000 2.249
71.70000 1.946
71.72000 -2.234
71.74000 -0.083
71.76000 1.647
71.78000 1.736
71.80000 4.199
71.82000 2.386
71.84000 0.097
71.86000 3.957
71.88000 2.569
71.90000 2.916
71.92000 0.759
71.94000 0.233
71.96000 -0.301
71.98000 3.528
72.00000 3.352
72.02000 1.880
72.04000 4.057
72.06000 4.328
72.08000 3.572
72.10000 2.686
72.12000 4.084
72.14000 -0.535
72.16000 3.306
72.18000 2.246
72.20000 -0.025
72.22000 3.071
72.24000 1.486
72.26000 2.047
72.28000 6.851
72.30000 5.522
72.32000 3.212
72.34000 4.545
72.36000 4.935
72.38000 3.705
72.40000 3.460
72.42000 3.659
72.44000 2.581
72.46000 0.648
72.48000 -1.829
72.50000 3.273
72.52000 3.517
72.54000 -0.394
72.56000 -1.398
72.58000 -0.125
72.60000 2.284
72.62000 -2.199
72.64000 1.275
72.66000 3.045
72.68000 4.081
72.70000 3.640
72.72000 1.693
72.74000 1.412
72.76000 5.251
72.78000 2.075
72.80000 -0.923
72.82000 3.132
72.84000 2.422
72.86000 3.969
72.88000 3.261
72.90000 3.521
72.92000 2.018
72.94000 4.415
72.96000 4.726
72.98000 -1.444
73.00000 2.744
73.02000 5.277
73.04000 5.277
73.06000 0.668
73.08000 2.765
73.10000 4.710
73.12000 3.245
73.14000 5.619
73.16000 3.078
73.18000 0.434
73.20000 0.759
73.22000 2.798
73.24000 3.381
73.26000 2.088
73.28000 -0.375
73.30000 1.122
73.32000 0.065
73.34000 3.985
73.36000 3.291
73.38000 1.365
73.40000 4.390
73.42000 3.136
73.44000 2.202
73.46000 -0.359
73.48000 -2.182
73.50000 0.275
73.52000 1.731
73.54000 3.475
73.56000 5.040
73.58000 3.965
73.60000 1.512
73.62000 1.036
73.64000 0.580
73.66000 1.440
73.68000 4.853
73.70000 0.789
73.72000 1.759
73.74000 3.995
73.76000 3.720
73.78000 2.248
73.80000 0.328
73.82000 1.686
73.84000 2.187
73.86000 3.287
73.88000 5.719
73.90000 1.998
73.92000 1.542
73.94000 1.949
73.96000 3.889
73.98000 1.609
74.00000 0.738
74.02000 -0.674
74.04000 1.358
74.06000 2.819
74.08000 -1.367
74.10000 -1.199
74.12000 3.375
74.14000 2.929
74.16000 3.667
74.18000 0.116
74.20000 2.936
74.22000 5.462
74.24000 2.906
74.26000 -1.940
74.28000 -0.372
74.30000 4.014
74.32000 4.933
74.34000 5.071
74.36000 4.898
74.38000 1.729
74.40000 -0.466
74.42000 -1.980
74.44000 1.417
74.46000 5.165
74.48000 3.355
74.50000 -1.475
74.52000 -2.198
74.54000 -0.324
74.56000 2.069
74.58000 3.939
74.60000 3.537
74.62000 0.360
74.64000 -0.272
74.66000 2.320
74.68000 4.793
74.70000 5.629
74.72000 0.300
74.74000 -0.383
74.76000 0.344
74.78000 -1.281
74.80000 -1.970
74.82000 2.361
74.84000 1.611
74.86000 4.190
74.88000 2.558
74.90000 2.653
74.92000 0.183
74.94000 -1.083
74.96000 1.849
74.98000 3.876
75.00000 1.216
75.02000 2.350
75.04000 -1.293
75.06000 -2.209
75.08000 1.972
75.10000 1.117
75.12000 0.826
75.14000 1.592
75.16000 2.252
75.18000 4.810
75.20000 2.954
75.22000 4.578
75.24000 1.573
75.26000 -1.437
75.28000 1.103
75.30000 1.166
75.32000 -2.108
75.34000 -2.019
75.36000 -1.104
75.38000 -0.689
75.40000 0.396
75.42000 -1.070
75.44000 1.259
75.46000 0.804
75.48000 1.575
75.50000 -1.002
75.52000 0.306
75.54000 -1.993
75.56000 3.431
75.58000 5.154
75.60000 3.037
75.62000 2.718
75.64000 5.757
75.66000 2.709
75.68000 -0.462
75.70000 -1.387
75.72000 0.288
75.74000 4.667
75.76000 2.903
75.78000 0.476
75.80000 0.253
75.82000 -1.950
75.84000 -1.415
75.86000 1.508
75.88000 1.852
75.90000 3.104
75.92000 3.602
75.94000 3.402
75.96000 1.697
75.98000 0.394
76.00000 0.050
76.02000 1.487
76.04000 1.689
76.06000 4.083
76.08000 -0.412
76.10000 -2.137
76.12000 1.241
76.14000 0.190
76.16000 0.345
76.18000 1.002
76.20000 0.827
76.22000 3.678
76.24000 6.891
76.26000 4.803
76.28000 1.642
76.30000 6.430
76.32000 5.775
76.34000 4.899
76.36000 6.249
76.38000 5.377
76.40000 6.552
76.42000 1.082
76.44000 4.999
76.46000 5.257
76.48000 1.499
76.50000 1.882
76.52000 -2.178
76.54000 4.530
76.56000 7.197
76.58000 3.927
76.60000 1.637
76.62000 1.580
76.64000 -1.524
76.66000 -0.517
76.68000 2.484
76.70000 4.931
76.72000 2.971
76.74000 2.457
76.76000 4.045
76.78000 4.852
76.80000 8.020
76.82000 9.109
76.84000 4.885
76.86000 3.330
76.88000 4.674
76.90000 3.688
76.92000 5.563
76.94000 5.296
76.96000 6.225
76.98000 2.779
77.00000 0.914
77.02000 1.892
77.04000 2.292
77.06000 2.585
77.08000 1.877
77.10000 7.242
77.12000 7.057
77.14000 4.370
77.16000 1.912
77.18000 0.970
77.20000 3.246
77.22000 1.300
77.24000 2.625
77.26000 -2.051
77.28000 0.928
77.30000 0.634
77.32000 1.699
77.34000 2.281
77.36000 3.814
77.38000 3.568
77.40000 4.278
77.42000 5.254
77.44000 3.680
77.46000 5.618
77.48000 5.190
77.50000 2.325
77.52000 2.394
77.54000 1.413
77.56000 4.181
77.58000 5.816
77.60000 3.745
77.62000 7.094
77.64000 5.127
77.66000 1.806
77.68000 1.772
77.70000 2.779
77.72000 4.235
77.74000 3.500
77.76000 2.264
77.78000 -2.215
77.80000 -0.293
77.82000 3.624
77.84000 4.273
77.86000 2.336
77.88000 5.585
77.90000 8.005
77.92000 1.393
77.94000 -0.648
77.96000 2.247
77.98000 6.884
78.00000 4.001
78.02000 6.766
78.04000 3.337
78.06000 3.244
78.08000 2.704
78.10000 4.544
78.12000 5.160
78.14000 5.924
78.16000 3.312
78.18000 0.902
78.20000 1.527
78.22000 3.456
78.24000 3.439
78.26000 2.199
78.28000 0.606
78.30000 0.588
78.32000 2.389
78.34000 2.465
78.36000 -0.763
78.38000 1.313
78.40000 0.754
78.42000 0.818
78.44000 -0.943
78.46000 0.477
78.48000 1.332
78.50000 -0.891
78.52000 -1.420
78.54000 3.294
78.56000 3.052
78.58000 2.261
78.60000 -0.385
78.62000 3.127
78.64000 4.151
78.66000 3.638
78.68000 1.003
78.70000 3.334
78.72000 0.660
78.74000 4.191
78.76000 5.115
78.78000 1.905
78.80000 0.884
78.82000 3.737
78.84000 2.917
78.86000 3.782
78.88000 4.905
78.90000 1.714
78.92000 3.359
78.94000 3.654
78.96000 5.103
78.98000 1.954
79.00000 -1.383
79.02000 -1.211
79.04000 2.271
79.06000 5.280
79.08000 7.051
79.10000 4.416
79.12000 2.507
79.14000 0.145
79.16000 2.627
79.18000 5.690
79.20000 2.001
79.22000 0.080
79.24000 -2.294
79.26000 1.986
79.28000 4.865
79.30000 4.900
79.32000 -1.433
79.34000 -0.950
79.36000 0.071
79.38000 4.267
79.40000 5.194
79.42000 5.769
79.44000 2.826
79.46000 3.343
79.48000 -0.570
79.50000 -1.997
79.52000 -1.159
79.54000 -1.365
79.56000 2.060
79.58000 1.220
79.60000 0.978
79.62000 0.479
79.64000 3.009
79.66000 1.650
79.68000 3.620
79.70000 4.416
79.72000 1.537
79.74000 1.417
79.76000 1.567
79.78000 -0.496
79.80000 0.630
79.82000 1.811
79.84000 0.622
79.86000 2.252
79.88000 1.213
79.90000 1.638
79.92000 1.644
79.94000 2.661
79.96000 1.467
79.98000 4.265
80.00000 3.244
80.02000 0.653
80.04000 2.356
80.06000 2.953
80.08000 1.103
80.10000 3.226
80.12000 -0.425
80.14000 2.334
80.16000 2.769
80.18000 2.223
80.20000 3.869
80.22000 1.664
80.24000 -0.394
80.26000 3.090
80.28000 0.270
80.30000 1.451
80.32000 1.751
80.34000 1.567
80.36000 6.285
80.38000 4.360
80.40000 3.408
80.42000 4.244
80.44000 5.559
80.46000 2.907
80.48000 1.816
80.50000 8.874
80.52000 11.375
80.54000 7.809
80.56000 9.701
80.58000 4.241
80.60000 8.770
80.62000 5.794
80.64000 4.267
80.66000 4.955
80.68000 6.654
80.70000 4.188
80.72000 10.547
80.74000 10.112
80.76000 9.774
80.78000 11.902
80.80000 9.851
80.82000 6.985
80.84000 6.203
80.86000 13.292
80.88000 11.944
80.90000 8.334
80.92000 10.824
80.94000 8.230
80.96000 12.049
80.98000 11.138
81.00000 11.513
81.02000 9.201
81.04000 9.950
81.06000 16.136
81.08000 14.166
81.10000 13.995
81.12000 14.699
81.14000 14.395
81.16000 13.572
81.18000 13.022
81.20000 16.630
81.22000 14.445
81.24000 18.496
81.26000 17.080
81.28000 16.283
81.30000 18.474
81.32000 16.765
81.34000 14.162
81.36000 19.185
81.38000 19.274
81.40000 17.950
81.42000 15.482
81.44000 16.438
81.46000 15.009
81.48000 20.139
81.50000 22.890
81.52000 26.336
81.54000 23.944
81.56000 23.001
81.58000 19.568
81.60000 25.713
81.62000 24.864
81.64000 22.790
81.66000 22.264
81.68000 22.048
81.70000 24.756
81.72000 28.700
81.74000 27.828
81.76000 28.396
81.78000 25.329
81.80000 25.278
81.82000 24.961
81.84000 21.265
81.86000 21.286
81.88000 22.126
81.90000 23.766
81.92000 26.120
81.94000 24.893
81.96000 28.816
81.98000 27.605
82.00000 23.812
82.02000 19.258
82.04000 17.353
82.06000 24.314
82.08000 23.248
82.10000 23.990
82.12000 25.283
82.14000 22.231
82.16000 18.931
82.18000 21.747
82.20000 20.630
82.22000 21.325
82.24000 24.174
82.26000 23.311
82.28000 24.569
82.30000 23.266
82.32000 21.074
82.34000 19.362
82.36000 15.180
82.38000 19.005
82.40000 16.611
82.42000 13.461
82.44000 11.209
82.46000 14.272
82.48000 13.330
82.50000 12.551
82.52000 11.130
82.54000 10.083
82.56000 4.573
82.58000 7.218
82.60000 9.262
82.62000 4.345
82.64000 4.271
82.66000 7.788
82.68000 9.445
82.70000 7.195
82.72000 4.410
82.74000 4.711
82.76000 7.133
82.78000 5.653
82.80000 5.854
82.82000 2.354
82.84000 7.456
82.86000 8.013
82.88000 4.710
82.90000 1.390
82.92000 2.047
82.94000 1.327
82.96000 2.817
82.98000 4.530
83.00000 3.166
83.02000 4.015
83.04000 3.711
83.06000 5.745
83.08000 5.256
83.10000 4.096
83.12000 2.533
83.14000 0.678
83.16000 1.093
83.18000 0.812
83.20000 -0.289
83.22000 7.337
83.24000 8.027
83.26000 6.493
83.28000 2.711
83.30000 1.104
83.32000 0.876
83.34000 2.878
83.36000 0.103
83.38000 0.126
83.40000 -1.036
83.42000 -2.429
83.44000 4.351
83.46000 4.108
83.48000 0.273
83.50000 -0.935
83.52000 3.367
83.54000 5.185
83.56000 0.590
83.58000 0.591
83.60000 2.595
83.62000 3.169
83.64000 6.021
83.66000 3.438
83.68000 -0.075
83.70000 0.570
83.72000 2.118
83.74000 2.711
83.76000 0.246
83.78000 -2.383
83.80000 1.562
83.82000 1.563
83.84000 0.842
83.86000 -0.216
83.88000 -0.699
83.90000 -0.657
83.92000 2.015
83.94000 4.400
83.96000 3.407
83.98000 2.439
84.00000 2.154
84.02000 3.526
84.04000 2.143
84.06000 -0.815
84.08000 0.452
84.10000 3.580
84.12000 5.011
84.14000 1.938
84.16000 -2.377
84.18000 -1.778
84.20000 1.651
84.22000 3.537
84.24000 6.045
84.26000 1.926
84.28000 -0.569
84.30000 0.761
84.32000 2.737
84.34000 4.079
84.36000 0.751
84.38000 -0.517
84.40000 1.631
84.42000 2.569
84.44000 2.447
84.46000 6.396
84.48000 7.512
84.50000 5.358
84.52000 4.421
84.54000 3.966
84.56000 4.539
84.58000 0.714
84.60000 -0.535
84.62000 3.232
84.64000 3.588
84.66000 6.781
84.68000 4.796
84.70000 9.830
84.72000 8.649
84.74000 5.338
84.76000 2.841
84.78000 5.283
84.80000 7.001
84.82000 6.474
84.84000 5.645
84.86000 6.478
84.88000 12.007
84.90000 8.134
84.92000 8.109
84.94000 11.517
84.96000 15.093
84.98000 14.186
85.00000 7.582
85.02000 8.823
85.04000 11.629
85.06000 11.387
85.08000 13.915
85.10000 13.081
85.12000 12.644
85.14000 12.786
85.16000 15.489
85.18000 16.228
85.20000 11.481
85.22000 10.213
85.24000 13.917
85.26000 16.034
85.28000 20.249
85.30000 19.086
85.32000 20.907
85.34000 23.809
85.36000 16.729
85.38000 19.046
85.40000 18.212
85.42000 19.946
85.44000 23.967
85.46000 25.033
85.48000 27.557
85.50000 25.671
85.52000 23.950
85.54000 26.229
85.56000 26.464
85.58000 30.260
85.60000 29.025
85.62000 27.427
85.64000 28.288
85.66000 29.051
85.68000 31.011
85.70000 33.704
85.72000 36.458
85.74000 35.794
85.76000 29.915
85.78000 30.337
85.80000 33.047
85.82000 30.357
85.84000 30.688
85.86000 32.039
85.88000 34.206
85.90000 33.299
85.92000 32.349
85.94000 32.765
85.96000 34.277
85.98000 37.796
86.00000 34.066
86.02000 34.401
86.04000 31.612
86.06000 32.726
86.08000 30.506
86.10000 29.260
86.12000 25.761
86.14000 25.790
86.16000 25.057
86.18000 30.103
86.20000 33.316
86.22000 29.609
86.24000 23.370
86.26000 22.852
86.28000 20.581
86.30000 21.748
86.32000 23.214
86.34000 19.040
86.36000 13.373
86.38000 14.985
86.40000 18.992
86.42000 17.773
86.44000 20.727
86.46000 19.624
86.48000 19.980
86.50000 13.755
86.52000 15.322
86.54000 13.850
86.56000 8.955
86.58000 14.738
86.60000 12.885
86.62000 10.409
86.64000 12.728
86.66000 17.886
86.68000 9.128
86.70000 1.909
86.72000 5.516
86.74000 4.791
86.76000 4.986
86.78000 7.634
86.80000 5.932
86.82000 6.508
86.84000 5.093
86.86000 7.232
86.88000 0.352
86.90000 2.806
86.92000 5.465
86.94000 2.669
86.96000 2.131
86.98000 2.936
87.00000 3.250
87.02000 3.358
87.04000 3.287
87.06000 2.739
87.08000 2.700
87.10000 -0.122
87.12000 -0.368
87.14000 3.130
87.16000 3.513
87.18000 2.425
87.20000 3.767
87.22000 0.180
87.24000 2.158
87.26000 0.298
87.28000 1.778
87.30000 5.117
87.32000 1.063
87.34000 2.698
87.36000 3.381
87.38000 4.285
87.40000 3.658
87.42000 -0.334
87.44000 -1.388
87.46000 1.352
87.48000 2.499
87.50000 1.827
87.52000 3.720
87.54000 5.125
87.56000 4.018
87.58000 2.368
87.60000 1.177
87.62000 1.207
87.64000 -2.190
87.66000 -0.772
87.68000 0.944
87.70000 3.854
87.72000 2.047
87.74000 0.658
87.76000 2.519
87.78000 5.821
87.80000 0.584
87.82000 2.396
87.84000 4.894
87.86000 5.167
87.88000 5.471
87.90000 -0.076
87.92000 -2.142
87.94000 3.661
87.96000 3.658
87.98000 -0.116
88.00000 1.807
88.02000 1.028
88.04000 0.565
88.06000 2.225
88.08000 4.828
88.10000 4.604
88.12000 3.070
88.14000 1.118
88.16000 2.360
88.18000 4.239
88.20000 2.638
88.22000 -1.041
88.24000 0.140
88.26000 2.892
88.28000 6.485
88.30000 5.775
88.32000 5.267
88.34000 3.009
88.36000 0.642
88.38000 -2.079
88.40000 -0.697
88.42000 3.697
88.44000 4.389
88.46000 3.139
88.48000 2.882
88.50000 0.797
88.52000 0.735
88.54000 3.680
88.56000 3.625
88.58000 6.322
88.60000 4.318
88.62000 -0.026
88.64000 1.525
88.66000 2.927
88.68000 0.947
88.70000 2.678
88.72000 3.474
88.74000 2.004
88.76000 3.034
88.78000 5.049
88.80000 4.045
88.82000 3.441
88.84000 0.130
88.86000 1.241
88.88000 3.653
88.90000 4.533
88.92000 5.196
88.94000 7.128
88.96000 2.276
88.98000 -1.014
89.00000 -0.153
89.02000 1.641
89.04000 2.797
89.06000 6.098
89.08000 -0.685
89.10000 2.093
89.12000 3.183
89.14000 5.844
89.16000 2.592
89.18000 -0.130
89.20000 0.707
89.22000 6.102
89.24000 4.423
89.26000 1.596
89.28000 2.360
89.30000 3.306
89.32000 6.018
89.34000 5.658
89.36000 -0.946
89.38000 0.951
89.40000 4.854
89.42000 2.303
89.44000 0.872
89.46000 1.730
89.48000 1.814
89.50000 2.090
89.52000 5.745
89.54000 1.544
89.56000 4.759
89.58000 0.243
89.60000 0.144
89.62000 4.520
89.64000 4.744
89.66000 5.889
89.68000 5.944
89.70000 2.974
89.72000 3.350
89.74000 3.289
89.76000 4.234
89.78000 0.955
89.80000 -2.060
89.82000 1.127
89.84000 3.644
89.86000 0.729
89.88000 1.137
89.90000 4.735
89.92000 5.675
89.94000 2.515
89.96000 -0.607
89.98000 -1.047
90.00000 1.737
90.02000 2.458
90.04000 2.428
90.06000 7.454
90.08000 6.625
90.10000 4.487
90.12000 4.580
90.14000 4.416
90.16000 1.675
90.18000 1.774
90.20000 1.930
90.22000 9.293
90.24000 6.370
90.26000 3.101
90.28000 5.141
90.30000 6.397
90.32000 1.534
90.34000 2.503
90.36000 0.867
90.38000 2.290
90.40000 1.491
90.42000 2.172
90.44000 3.568
90.46000 3.780
90.48000 0.324
90.50000 1.986
90.52000 3.515
90.54000 7.270
90.56000 3.900
90.58000 3.787
90.60000 2.601
90.62000 1.345
90.64000 1.935
90.66000 1.644
90.68000 2.758
90.70000 4.745
90.72000 2.449
90.74000 4.821
90.76000 2.580
90.78000 2.469
90.80000 6.238
90.82000 4.217
90.84000 4.323
90.86000 1.424
90.88000 -2.044
90.90000 1.083
90.92000 4.940
90.94000 3.600
90.96000 2.648
90.98000 1.749
91.00000 1.454
91.02000 4.552
91.04000 6.269
91.06000 5.555
91.08000 0.637
91.10000 0.100
91.12000 1.217
91.14000 -0.006
91.16000 4.507
91.18000 9.772
91.20000 8.776
91.22000 4.838
91.24000 2.567
91.26000 4.396
91.28000 4.566
91.30000 3.104
91.32000 5.227
91.34000 3.725
91.36000 1.252
91.38000 1.639
91.40000 2.213
91.42000 2.659
91.44000 1.257
91.46000 5.642
91.48000 2.015
91.50000 0.946
91.52000 2.355
91.54000 6.612
91.56000 4.657
91.58000 2.811
91.60000 -0.543
91.62000 0.663
91.64000 5.357
91.66000 2.210
91.68000 1.431
91.70000 5.511
91.72000 4.579
91.74000 6.357
91.76000 3.744
91.78000 4.373
91.80000 2.515
91.82000 3.232
91.84000 2.922
91.86000 1.326
91.88000 5.072
91.90000 5.679
91.92000 3.090
91.94000 0.313
91.96000 -1.608
91.98000 4.216
92.00000 4.910
92.02000 2.504
92.04000 5.672
92.06000 7.061
92.08000 3.248
92.10000 4.419
92.12000 0.595
92.14000 -2.029
92.16000 8.682
92.18000 7.983
92.20000 5.459
92.22000 3.297
92.24000 4.628
92.26000 0.755
92.28000 1.239
92.30000 2.331
92.32000 1.215
92.34000 4.709
92.36000 3.881
92.38000 1.976
92.40000 6.184
92.42000 5.863
92.44000 2.322
92.46000 5.710
92.48000 3.150
92.50000 0.646
92.52000 0.840
92.54000 4.857
92.56000 3.622
92.58000 3.821
92.60000 3.613
92.62000 2.637
92.64000 3.570
92.66000 4.199
92.68000 3.324
92.70000 5.999
92.72000 2.412
92.74000 3.859
92.76000 2.674
92.78000 0.208
92.80000 4.148
92.82000 4.399
92.84000 4.769
92.86000 -2.081
92.88000 -2.060
92.90000 1.149
92.92000 3.198
92.94000 0.028
92.96000 2.151
92.98000 0.777
93.00000 0.548
93.02000 -0.856
93.04000 1.730
93.06000 3.855
93.08000 3.143
93.10000 3.296
93.12000 6.464
93.14000 1.566
93.16000 -0.779
93.18000 0.727
93.20000 3.113
93.22000 1.258
93.24000 0.310
93.26000 4.348
93.28000 2.399
93.30000 2.251
93.32000 0.111
93.34000 -1.874
93.36000 0.274
93.38000 4.558
93.40000 3.182
93.42000 2.672
93.44000 2.529
93.46000 0.961
93.48000 1.630
93.50000 -1.286
93.52000 6.353
93.54000 5.043
93.56000 6.781
93.58000 6.761
93.60000 4.467
93.62000 4.317
93.64000 9.374
93.66000 7.115
93.68000 6.227
93.70000 3.645
93.72000 -1.072
93.74000 2.117
93.76000 -0.628
93.78000 0.348
93.80000 1.797
93.82000 3.621
93.84000 4.114
93.86000 3.365
93.88000 2.416
93.90000 -2.080
93.92000 1.260
93.94000 0.206
93.96000 2.204
93.98000 7.162
94.00000 6.365
94.02000 3.305
94.04000 2.293
94.06000 1.917
94.08000 1.770
94.10000 -1.658
94.12000 -0.386
94.14000 0.745
94.16000 2.176
94.18000 2.114
94.20000 0.541
94.22000 1.543
94.24000 0.819
94.26000 0.307
94.28000 2.234
94.30000 3.155
94.32000 1.899
94.34000 1.922
94.36000 -1.918
94.38000 1.392
94.40000 2.050
94.42000 2.483
94.44000 0.368
94.46000 0.474
94.48000 0.596
94.50000 1.986
94.52000 1.074
94.54000 0.869
94.56000 5.287
94.58000 5.151
94.60000 4.502
94.62000 4.904
94.64000 4.256
94.66000 2.569
94.68000 -0.622
94.70000 4.013
94.72000 6.473
94.74000 5.053
94.76000 4.717
94.78000 1.851
94.80000 4.546
94.82000 5.716
94.84000 4.299
94.86000 5.463
94.88000 4.635
94.90000 2.733
94.92000 2.414
94.94000 1.780
94.96000 -1.609
94.98000 3.355
95.00000 4.238
95.02000 5.519
95.04000 3.595
95.06000 3.489
95.08000 8.150
95.10000 4.333
95.12000 3.212
95.14000 2.642
95.16000 2.206
95.18000 3.304
95.20000 2.371
95.22000 3.171
95.24000 0.076
95.26000 0.390
95.28000 0.719
95.30000 1.088
95.32000 6.312
95.34000 -2.065
95.36000 0.688
95.38000 0.306
95.40000 2.044
95.42000 2.188
95.44000 0.443
95.46000 1.420
95.48000 6.155
95.50000 1.608
95.52000 1.432
95.54000 1.110
95.56000 0.186
95.58000 2.702
95.60000 5.110
95.62000 6.675
95.64000 6.683
95.66000 1.767
95.68000 2.333
95.70000 3.345
95.72000 3.841
95.74000 1.630
95.76000 2.261
95.78000 0.972
95.80000 8.603
95.82000 4.052
95.84000 8.551
95.86000 8.870
95.88000 4.917
95.90000 0.302
95.92000 0.683
95.94000 6.967
95.96000 11.490
95.98000 10.928
96.00000 5.962
96.02000 2.729
96.04000 5.073
96.06000 4.172
96.08000 -2.024
96.10000 5.087
96.12000 7.659
96.14000 4.846
96.16000 6.788
96.18000 6.218
96.20000 5.073
96.22000 10.420
96.24000 5.403
96.26000 2.804
96.28000 3.688
96.30000 8.535
96.32000 5.060
96.34000 1.342
96.36000 -0.961
96.38000 2.587
96.40000 2.635
96.42000 2.791
96.44000 4.234
96.46000 4.936
96.48000 4.259
96.50000 8.764
96.52000 8.580
96.54000 9.669
96.56000 5.142
96.58000 1.238
96.60000 0.406
96.62000 -0.988
96.64000 6.062
96.66000 4.852
96.68000 1.743
96.70000 0.841
96.72000 5.703
96.74000 4.537
96.76000 4.934
96.78000 3.605
96.80000 2.189
96.82000 7.621
96.84000 7.421
96.86000 4.106
96.88000 10.555
96.90000 2.413
96.92000 3.328
96.94000 2.959
96.96000 6.617
96.98000 3.618
97.00000 1.546
97.02000 4.558
97.04000 2.683
97.06000 5.485
97.08000 5.338
97.10000 6.715
97.12000 7.896
97.14000 5.861
97.16000 5.766
97.18000 1.041
97.20000 3.161
97.22000 0.895
97.24000 2.271
97.26000 6.381
97.28000 0.438
97.30000 1.500
97.32000 5.131
97.34000 6.732
97.36000 1.627
97.38000 3.541
97.40000 3.731
97.42000 6.698
97.44000 6.348
97.46000 6.130
97.48000 2.792
97.50000 3.559
97.52000 8.553
97.54000 8.965
97.56000 4.626
97.58000 0.005
97.60000 -0.620
97.62000 -0.258
97.64000 -2.043
97.66000 5.453
97.68000 5.252
97.70000 3.346
97.72000 4.683
97.74000 5.181
97.76000 6.706
97.78000 7.448
97.80000 4.710
97.82000 5.234
97.84000 4.125
97.86000 10.036
97.88000 7.312
97.90000 5.554
97.92000 6.089
97.94000 6.765
97.96000 4.974
97.98000 5.258
98.00000 7.592
98.02000 2.737
98.04000 2.589
98.06000 0.743
98.08000 4.411
98.10000 5.249
98.12000 4.204
98.14000 2.067
98.16000 0.076
98.18000 5.512
98.20000 3.661
98.22000 -1.157
98.24000 -2.038
98.26000 4.808
98.28000 7.406
98.30000 7.724
98.32000 5.967
98.34000 4.705
98.36000 8.688
98.38000 7.008
98.40000 4.112
98.42000 11.696
98.44000 6.154
98.46000 3.771
98.48000 6.037
98.50000 7.473
98.52000 11.160
98.54000 2.460
98.56000 3.125
98.58000 7.778
98.60000 3.553
98.62000 5.483
98.64000 5.847
98.66000 5.355
98.68000 4.263
98.70000 2.551
98.72000 -0.810
98.74000 2.508
98.76000 4.797
98.78000 6.195
98.80000 7.227
98.82000 7.820
98.84000 8.805
98.86000 11.718
98.88000 5.394
98.90000 7.135
98.92000 10.646
98.94000 15.179
98.96000 11.662
98.98000 13.686
99.00000 3.474
99.02000 7.585
99.04000 14.364
99.06000 5.772
99.08000 6.233
99.10000 3.467
99.12000 7.157
99.14000 -0.839
99.16000 -0.834
99.18000 7.327
99.20000 9.915
99.22000 15.360
99.24000 4.946
99.26000 6.672
99.28000 -1.802
99.30000 7.273
99.32000 7.062
99.34000 14.718
99.36000 7.920
99.38000 3.708
99.40000 7.743
99.42000 11.336
99.44000 12.836
99.46000 6.774
99.48000 3.625
99.50000 3.093
99.52000 -1.934
99.54000 0.477
99.56000 8.402
99.58000 13.175
99.60000 8.800
99.62000 7.839
99.64000 11.653
99.66000 15.013
99.68000 11.523
99.70000 7.930
99.72000 8.622
99.74000 -2.461
99.76000 5.239
99.78000 17.067
99.80000 11.979
99.82000 3.771
99.84000 14.372
99.86000 8.118
99.88000 -2.003
99.90000 1.933
99.92000 7.448
99.94000 16.251
99.96000 2.212
99.98000 0.000
