'Id: "0011389" Comment: "Integrate frame 0011389_Au-Ir-Rh_Au-Rich_XRD_Mapping-312-0000.gfrmwith cursor Wedge Cursor #5" Operator: "B?rgel" Anode: "Cu" Wavelength: "1.5406" Scantype: "2Theta (TwoTheta)" TimePerStep: "1" X: "-22.5" Y: "36" Z: "5.95" 
10.00000 0.000
10.02000 7.994
10.04000 -4.639
10.06000 -4.610
10.08000 -1.060
10.10000 15.326
10.12000 21.637
10.14000 24.993
10.16000 21.300
10.18000 5.803
10.20000 2.898
10.22000 14.224
10.24000 17.485
10.26000 17.070
10.28000 12.283
10.30000 18.028
10.32000 30.982
10.34000 45.867
10.36000 15.155
10.38000 19.956
10.40000 13.707
10.42000 18.753
10.44000 15.135
10.46000 20.400
10.48000 21.328
10.50000 17.621
10.52000 9.584
10.54000 6.098
10.56000 16.080
10.58000 18.519
10.60000 7.293
10.62000 6.271
10.64000 7.280
10.66000 15.923
10.68000 16.342
10.70000 13.413
10.72000 15.246
10.74000 23.129
10.76000 41.853
10.78000 31.586
10.80000 24.065
10.82000 25.234
10.84000 12.813
10.86000 13.512
10.88000 17.114
10.90000 5.912
10.92000 -4.525
10.94000 -2.828
10.96000 20.953
10.98000 23.666
11.00000 15.038
11.02000 5.553
11.04000 -3.572
11.06000 18.579
11.08000 36.897
11.10000 24.108
11.12000 16.784
11.14000 15.292
11.16000 18.508
11.18000 15.975
11.20000 8.417
11.22000 7.393
11.24000 12.203
11.26000 22.073
11.28000 20.731
11.30000 31.732
11.32000 21.819
11.34000 -1.036
11.36000 4.348
11.38000 19.989
11.40000 31.784
11.42000 32.762
11.44000 26.405
11.46000 10.358
11.48000 7.202
11.50000 -1.747
11.52000 8.844
11.54000 16.712
11.56000 10.439
11.58000 6.885
11.60000 6.943
11.62000 10.542
11.64000 4.698
11.66000 4.785
11.68000 20.482
11.70000 18.944
11.72000 17.048
11.74000 17.716
11.76000 8.800
11.78000 2.122
11.80000 -4.556
11.82000 -2.408
11.84000 7.623
11.86000 5.629
11.88000 13.611
11.90000 14.448
11.92000 17.704
11.94000 23.194
11.96000 12.911
11.98000 7.266
12.00000 4.103
12.02000 5.718
12.04000 13.066
12.06000 18.032
12.08000 12.873
12.10000 16.206
12.12000 14.509
12.14000 18.708
12.16000 8.246
12.18000 0.213
12.20000 14.448
12.22000 11.426
12.24000 9.306
12.26000 10.520
12.28000 13.599
12.30000 11.896
12.32000 9.922
12.34000 -2.614
12.36000 5.391
12.38000 10.135
12.40000 5.208
12.42000 4.474
12.44000 24.252
12.46000 12.911
12.48000 10.687
12.50000 7.703
12.52000 18.365
12.54000 15.935
12.56000 13.407
12.58000 3.520
12.60000 6.238
12.62000 11.916
12.64000 11.104
12.66000 7.194
12.68000 0.269
12.70000 3.702
12.72000 3.492
12.74000 6.575
12.76000 12.179
12.78000 15.838
12.80000 11.949
12.82000 13.273
12.84000 3.287
12.86000 9.478
12.88000 10.863
12.90000 6.070
12.92000 4.505
12.94000 9.448
12.96000 7.039
12.98000 1.062
13.00000 6.718
13.02000 9.224
13.04000 17.680
13.06000 18.120
13.08000 14.543
13.10000 12.454
13.12000 4.991
13.14000 1.366
13.16000 -0.467
13.18000 -1.722
13.20000 2.713
13.22000 -0.865
13.24000 9.167
13.26000 12.046
13.28000 9.307
13.30000 8.692
13.32000 8.955
13.34000 16.713
13.36000 20.642
13.38000 12.671
13.40000 7.056
13.42000 1.702
13.44000 5.894
13.46000 3.284
13.48000 7.300
13.50000 14.011
13.52000 13.533
13.54000 11.177
13.56000 19.695
13.58000 18.826
13.60000 7.748
13.62000 13.215
13.64000 5.315
13.66000 12.218
13.68000 10.636
13.70000 5.376
13.72000 4.829
13.74000 -0.208
13.76000 1.568
13.78000 6.616
13.80000 3.252
13.82000 4.728
13.84000 10.552
13.86000 -4.563
13.88000 -1.056
13.90000 8.365
13.92000 8.694
13.94000 0.012
13.96000 3.000
13.98000 5.830
14.00000 8.825
14.02000 1.026
14.04000 2.664
14.06000 6.220
14.08000 -0.524
14.10000 -0.245
14.12000 4.975
14.14000 10.382
14.16000 8.938
14.18000 7.532
14.20000 4.601
14.22000 5.480
14.24000 1.878
14.26000 -1.446
14.28000 1.047
14.30000 1.279
14.32000 1.323
14.34000 0.609
14.36000 -4.550
14.38000 5.728
14.40000 6.769
14.42000 1.214
14.44000 3.255
14.46000 7.543
14.48000 4.901
14.50000 2.789
14.52000 5.458
14.54000 10.548
14.56000 2.994
14.58000 0.444
14.60000 8.388
14.62000 12.488
14.64000 13.495
14.66000 11.700
14.68000 8.830
14.70000 7.282
14.72000 4.946
14.74000 4.479
14.76000 6.070
14.78000 2.030
14.80000 3.423
14.82000 5.243
14.84000 10.812
14.86000 11.955
14.88000 11.368
14.90000 5.246
14.92000 8.808
14.94000 15.649
14.96000 13.376
14.98000 8.606
15.00000 18.748
15.02000 21.663
15.04000 13.961
15.06000 10.996
15.08000 8.635
15.10000 20.582
15.12000 25.798
15.14000 14.176
15.16000 14.298
15.18000 11.446
15.20000 9.973
15.22000 11.662
15.24000 2.164
15.26000 1.381
15.28000 3.774
15.30000 11.061
15.32000 6.970
15.34000 -4.001
15.36000 3.663
15.38000 6.108
15.40000 -0.655
15.42000 1.813
15.44000 5.784
15.46000 7.648
15.48000 15.884
15.50000 5.392
15.52000 2.367
15.54000 5.865
15.56000 2.636
15.58000 3.827
15.60000 1.619
15.62000 7.140
15.64000 5.306
15.66000 11.929
15.68000 20.261
15.70000 7.550
15.72000 -1.189
15.74000 2.259
15.76000 4.625
15.78000 2.682
15.80000 3.213
15.82000 9.596
15.84000 12.674
15.86000 12.434
15.88000 9.153
15.90000 3.346
15.92000 7.123
15.94000 6.552
15.96000 12.351
15.98000 15.797
16.00000 6.467
16.02000 6.893
16.04000 4.963
16.06000 0.308
16.08000 3.991
16.10000 0.435
16.12000 2.380
16.14000 5.508
16.16000 4.653
16.18000 7.627
16.20000 4.274
16.22000 4.925
16.24000 5.697
16.26000 6.349
16.28000 3.108
16.30000 -4.477
16.32000 -3.016
16.34000 4.498
16.36000 11.463
16.38000 8.573
16.40000 -0.630
16.42000 -2.966
16.44000 4.509
16.46000 3.392
16.48000 10.797
16.50000 9.401
16.52000 13.838
16.54000 11.876
16.56000 8.199
16.58000 -1.676
16.60000 4.950
16.62000 4.259
16.64000 8.284
16.66000 3.113
16.68000 5.145
16.70000 1.889
16.72000 -0.691
16.74000 8.260
16.76000 10.649
16.78000 1.130
16.80000 7.297
16.82000 9.530
16.84000 3.046
16.86000 6.953
16.88000 12.800
16.90000 12.225
16.92000 10.629
16.94000 10.557
16.96000 8.825
16.98000 13.810
17.00000 6.262
17.02000 4.360
17.04000 2.690
17.06000 1.552
17.08000 -4.421
17.10000 2.669
17.12000 11.437
17.14000 13.428
17.16000 6.766
17.18000 8.538
17.20000 6.321
17.22000 1.228
17.24000 4.162
17.26000 12.267
17.28000 14.681
17.30000 11.073
17.32000 12.394
17.34000 6.938
17.36000 6.797
17.38000 14.909
17.40000 11.915
17.42000 4.194
17.44000 5.031
17.46000 7.689
17.48000 0.146
17.50000 -0.724
17.52000 3.170
17.54000 4.338
17.56000 6.268
17.58000 6.252
17.60000 9.123
17.62000 4.826
17.64000 9.382
17.66000 14.221
17.68000 12.072
17.70000 7.767
17.72000 10.644
17.74000 7.049
17.76000 7.106
17.78000 5.617
17.80000 2.738
17.82000 4.896
17.84000 10.323
17.86000 3.404
17.88000 2.783
17.90000 1.299
17.92000 7.135
17.94000 5.785
17.96000 9.375
17.98000 2.642
18.00000 6.540
18.02000 10.045
18.04000 9.159
18.06000 -0.625
18.08000 4.668
18.10000 8.867
18.12000 8.705
18.14000 2.251
18.16000 6.537
18.18000 12.270
18.20000 13.225
18.22000 7.893
18.24000 4.641
18.26000 8.873
18.28000 8.830
18.30000 7.849
18.32000 6.346
18.34000 4.480
18.36000 5.351
18.38000 3.878
18.40000 11.322
18.42000 17.031
18.44000 2.382
18.46000 2.231
18.48000 3.487
18.50000 5.088
18.52000 5.277
18.54000 10.435
18.56000 6.830
18.58000 -1.076
18.60000 4.300
18.62000 2.527
18.64000 8.175
18.66000 1.758
18.68000 1.943
18.70000 0.070
18.72000 -0.015
18.74000 -3.498
18.76000 5.498
18.78000 3.844
18.80000 4.897
18.82000 5.935
18.84000 3.619
18.86000 4.060
18.88000 2.488
18.90000 -0.843
18.92000 4.148
18.94000 9.012
18.96000 11.927
18.98000 9.892
19.00000 4.802
19.02000 3.725
19.04000 7.505
19.06000 7.574
19.08000 10.639
19.10000 11.093
19.12000 9.871
19.14000 14.948
19.16000 17.030
19.18000 11.379
19.20000 4.508
19.22000 3.462
19.24000 7.285
19.26000 5.248
19.28000 7.548
19.30000 20.085
19.32000 18.227
19.34000 11.905
19.36000 7.852
19.38000 11.304
19.40000 8.884
19.42000 7.209
19.44000 -0.265
19.46000 -4.248
19.48000 0.159
19.50000 11.543
19.52000 16.915
19.54000 8.560
19.56000 3.320
19.58000 14.388
19.60000 14.464
19.62000 12.869
19.64000 13.957
19.66000 8.088
19.68000 6.444
19.70000 12.052
19.72000 11.713
19.74000 4.117
19.76000 7.444
19.78000 5.233
19.80000 7.131
19.82000 13.399
19.84000 10.987
19.86000 12.437
19.88000 11.283
19.90000 12.470
19.92000 15.454
19.94000 5.103
19.96000 8.025
19.98000 8.253
20.00000 0.945
20.02000 -4.209
20.04000 2.892
20.06000 12.826
20.08000 11.945
20.10000 14.202
20.12000 7.822
20.14000 9.949
20.16000 6.104
20.18000 6.397
20.20000 10.297
20.22000 11.932
20.24000 5.808
20.26000 9.865
20.28000 1.766
20.30000 11.579
20.32000 13.502
20.34000 10.272
20.36000 8.096
20.38000 0.853
20.40000 3.738
20.42000 7.417
20.44000 9.043
20.46000 5.816
20.48000 8.287
20.50000 7.961
20.52000 5.298
20.54000 3.427
20.56000 10.667
20.58000 19.089
20.60000 12.148
20.62000 9.159
20.64000 6.501
20.66000 6.289
20.68000 4.257
20.70000 0.636
20.72000 5.455
20.74000 13.126
20.76000 12.468
20.78000 13.340
20.80000 12.699
20.82000 8.387
20.84000 10.076
20.86000 6.291
20.88000 4.760
20.90000 7.572
20.92000 12.588
20.94000 2.874
20.96000 1.343
20.98000 5.293
21.00000 6.714
21.02000 5.605
21.04000 4.369
21.06000 5.199
21.08000 6.384
21.10000 10.941
21.12000 5.294
21.14000 4.455
21.16000 5.934
21.18000 -0.642
21.20000 -4.179
21.22000 -0.017
21.24000 10.535
21.26000 9.329
21.28000 1.296
21.30000 5.739
21.32000 7.022
21.34000 4.777
21.36000 9.804
21.38000 9.663
21.40000 9.079
21.42000 4.011
21.44000 6.205
21.46000 9.271
21.48000 11.839
21.50000 12.450
21.52000 6.201
21.54000 9.985
21.56000 9.265
21.58000 4.775
21.60000 5.664
21.62000 1.394
21.64000 4.297
21.66000 10.336
21.68000 3.751
21.70000 4.599
21.72000 -0.849
21.74000 4.216
21.76000 3.283
21.78000 1.979
21.80000 1.908
21.82000 -1.177
21.84000 5.383
21.86000 8.358
21.88000 6.524
21.90000 0.019
21.92000 2.213
21.94000 3.521
21.96000 7.614
21.98000 3.277
22.00000 9.199
22.02000 9.907
22.04000 6.767
22.06000 0.566
22.08000 3.121
22.10000 1.388
22.12000 2.981
22.14000 -4.148
22.16000 -2.980
22.18000 6.985
22.20000 6.092
22.22000 3.762
22.24000 3.095
22.26000 0.660
22.28000 -0.822
22.30000 0.174
22.32000 1.991
22.34000 3.123
22.36000 0.155
22.38000 0.440
22.40000 0.323
22.42000 6.366
22.44000 9.867
22.46000 4.060
22.48000 1.084
22.50000 -0.818
22.52000 2.652
22.54000 4.371
22.56000 7.777
22.58000 10.691
22.60000 8.111
22.62000 3.864
22.64000 5.398
22.66000 5.112
22.68000 1.449
22.70000 7.135
22.72000 4.962
22.74000 0.835
22.76000 3.408
22.78000 1.580
22.80000 5.867
22.82000 2.912
22.84000 4.042
22.86000 3.930
22.88000 -0.283
22.90000 -1.038
22.92000 2.807
22.94000 5.736
22.96000 4.299
22.98000 2.226
23.00000 -1.408
23.02000 2.536
23.04000 4.028
23.06000 0.834
23.08000 3.873
23.10000 2.948
23.12000 -2.173
23.14000 -1.464
23.16000 5.135
23.18000 9.906
23.20000 -0.416
23.22000 -4.088
23.24000 3.404
23.26000 6.746
23.28000 3.477
23.30000 3.007
23.32000 4.287
23.34000 -1.974
23.36000 -4.093
23.38000 0.986
23.40000 3.639
23.42000 1.653
23.44000 2.793
23.46000 1.529
23.48000 -2.494
23.50000 1.262
23.52000 0.952
23.54000 6.811
23.56000 -0.763
23.58000 -1.362
23.60000 3.542
23.62000 2.804
23.64000 -0.126
23.66000 5.103
23.68000 3.952
23.70000 -0.396
23.72000 -2.061
23.74000 -1.728
23.76000 3.529
23.78000 5.697
23.80000 4.903
23.82000 4.315
23.84000 6.112
23.86000 3.960
23.88000 1.534
23.90000 -3.928
23.92000 -2.503
23.94000 2.681
23.96000 7.914
23.98000 5.472
24.00000 1.779
24.02000 0.949
24.04000 -0.967
24.06000 3.872
24.08000 6.161
24.10000 6.920
24.12000 10.194
24.14000 8.895
24.16000 8.362
24.18000 7.534
24.20000 3.750
24.22000 3.274
24.24000 7.711
24.26000 2.595
24.28000 0.855
24.30000 9.932
24.32000 3.961
24.34000 -1.490
24.36000 4.904
24.38000 8.672
24.40000 6.999
24.42000 10.102
24.44000 9.497
24.46000 4.797
24.48000 5.483
24.50000 3.145
24.52000 6.359
24.54000 6.733
24.56000 6.799
24.58000 4.452
24.60000 0.923
24.62000 4.920
24.64000 8.363
24.66000 6.467
24.68000 5.838
24.70000 2.573
24.72000 2.858
24.74000 6.065
24.76000 14.391
24.78000 10.188
24.80000 4.203
24.82000 3.365
24.84000 12.088
24.86000 7.869
24.88000 5.228
24.90000 3.511
24.92000 1.120
24.94000 4.501
24.96000 7.979
24.98000 3.870
25.00000 -3.958
25.02000 3.633
25.04000 13.056
25.06000 6.538
25.08000 1.951
25.10000 6.795
25.12000 4.466
25.14000 5.631
25.16000 8.336
25.18000 7.682
25.20000 7.695
25.22000 3.675
25.24000 0.647
25.26000 4.308
25.28000 3.887
25.30000 0.474
25.32000 -0.075
25.34000 -0.940
25.36000 4.022
25.38000 0.875
25.40000 1.955
25.42000 2.967
25.44000 1.811
25.46000 2.956
25.48000 -0.787
25.50000 4.027
25.52000 4.636
25.54000 2.924
25.56000 -2.976
25.58000 0.353
25.60000 5.398
25.62000 7.223
25.64000 4.820
25.66000 8.928
25.68000 6.776
25.70000 4.584
25.72000 2.046
25.74000 1.727
25.76000 4.039
25.78000 2.753
25.80000 3.087
25.82000 3.217
25.84000 8.729
25.86000 7.693
25.88000 3.054
25.90000 3.418
25.92000 2.313
25.94000 3.637
25.96000 2.252
25.98000 0.285
26.00000 -0.441
26.02000 -2.575
26.04000 -1.882
26.06000 2.633
26.08000 4.746
26.10000 1.119
26.12000 3.042
26.14000 6.889
26.16000 4.863
26.18000 2.207
26.20000 -0.331
26.22000 2.444
26.24000 4.473
26.26000 8.715
26.28000 6.871
26.30000 1.319
26.32000 -0.386
26.34000 1.645
26.36000 1.912
26.38000 3.432
26.40000 1.092
26.42000 -0.476
26.44000 0.814
26.46000 3.323
26.48000 1.161
26.50000 2.914
26.52000 7.757
26.54000 5.114
26.56000 -0.701
26.58000 -0.805
26.60000 -0.677
26.62000 1.267
26.64000 0.057
26.66000 0.475
26.68000 2.816
26.70000 2.760
26.72000 5.202
26.74000 3.447
26.76000 1.945
26.78000 0.469
26.80000 -1.048
26.82000 -1.463
26.84000 4.377
26.86000 10.162
26.88000 4.638
26.90000 3.390
26.92000 2.576
26.94000 7.023
26.96000 8.974
26.98000 4.262
27.00000 6.748
27.02000 10.448
27.04000 10.354
27.06000 7.060
27.08000 7.448
27.10000 3.797
27.12000 1.624
27.14000 6.273
27.16000 5.212
27.18000 0.680
27.20000 -3.874
27.22000 3.185
27.24000 6.853
27.26000 4.356
27.28000 6.528
27.30000 3.392
27.32000 5.096
27.34000 0.753
27.36000 0.296
27.38000 3.667
27.40000 1.609
27.42000 -3.226
27.44000 -3.209
27.46000 3.337
27.48000 3.843
27.50000 -0.013
27.52000 -0.789
27.54000 1.006
27.56000 5.128
27.58000 4.055
27.60000 6.535
27.62000 4.741
27.64000 5.155
27.66000 6.361
27.68000 7.890
27.70000 7.847
27.72000 5.132
27.74000 5.626
27.76000 7.771
27.78000 1.326
27.80000 -0.806
27.82000 -0.073
27.84000 4.274
27.86000 0.947
27.88000 -1.073
27.90000 -0.531
27.92000 5.181
27.94000 9.212
27.96000 10.486
27.98000 7.820
28.00000 4.264
28.02000 1.872
28.04000 5.018
28.06000 1.243
28.08000 0.628
28.10000 0.102
28.12000 3.504
28.14000 5.847
28.16000 3.784
28.18000 2.390
28.20000 2.009
28.22000 2.048
28.24000 5.327
28.26000 7.551
28.28000 5.985
28.30000 4.150
28.32000 0.507
28.34000 1.093
28.36000 1.364
28.38000 1.280
28.40000 1.868
28.42000 3.834
28.44000 1.006
28.46000 2.248
28.48000 2.641
28.50000 1.229
28.52000 -3.801
28.54000 -2.929
28.56000 2.720
28.58000 3.050
28.60000 4.049
28.62000 6.021
28.64000 2.633
28.66000 0.858
28.68000 1.892
28.70000 3.502
28.72000 7.002
28.74000 0.696
28.76000 -2.534
28.78000 -1.253
28.80000 1.766
28.82000 1.646
28.84000 -2.695
28.86000 2.027
28.88000 1.391
28.90000 2.106
28.92000 3.875
28.94000 3.208
28.96000 0.779
28.98000 3.649
29.00000 6.168
29.02000 4.173
29.04000 0.781
29.06000 -0.418
29.08000 1.808
29.10000 -0.809
29.12000 2.769
29.14000 -2.144
29.16000 -1.565
29.18000 1.828
29.20000 4.678
29.22000 5.958
29.24000 4.340
29.26000 0.086
29.28000 7.240
29.30000 4.112
29.32000 3.956
29.34000 0.537
29.36000 -0.458
29.38000 -2.777
29.40000 0.966
29.42000 2.885
29.44000 9.530
29.46000 8.935
29.48000 -0.968
29.50000 2.127
29.52000 8.376
29.54000 5.388
29.56000 1.100
29.58000 4.450
29.60000 4.202
29.62000 5.175
29.64000 3.828
29.66000 2.898
29.68000 -1.161
29.70000 1.099
29.72000 6.452
29.74000 2.567
29.76000 -0.957
29.78000 2.111
29.80000 3.796
29.82000 2.715
29.84000 -2.020
29.86000 -3.736
29.88000 -0.911
29.90000 2.572
29.92000 -0.222
29.94000 -0.092
29.96000 0.929
29.98000 3.306
30.00000 7.056
30.02000 0.432
30.04000 -3.535
30.06000 -0.880
30.08000 4.600
30.10000 7.499
30.12000 4.977
30.14000 4.164
30.16000 7.716
30.18000 5.788
30.20000 4.851
30.22000 4.522
30.24000 3.284
30.26000 3.174
30.28000 2.544
30.30000 0.717
30.32000 -1.293
30.34000 2.038
30.36000 2.399
30.38000 4.412
30.40000 -0.180
30.42000 1.134
30.44000 -1.255
30.46000 -0.783
30.48000 -2.288
30.50000 -3.183
30.52000 1.280
30.54000 7.938
30.56000 8.359
30.58000 7.215
30.60000 5.359
30.62000 11.214
30.64000 10.920
30.66000 10.671
30.68000 11.570
30.70000 7.726
30.72000 1.076
30.74000 2.000
30.76000 3.786
30.78000 2.777
30.80000 5.476
30.82000 0.723
30.84000 7.547
30.86000 4.506
30.88000 5.914
30.90000 2.638
30.92000 -3.662
30.94000 -0.978
30.96000 7.905
30.98000 8.656
31.00000 7.139
31.02000 7.075
31.04000 8.162
31.06000 7.381
31.08000 8.565
31.10000 9.498
31.12000 7.193
31.14000 4.491
31.16000 3.130
31.18000 1.150
31.20000 1.271
31.22000 3.273
31.24000 6.825
31.26000 3.863
31.28000 4.311
31.30000 -1.325
31.32000 4.749
31.34000 2.494
31.36000 2.585
31.38000 5.762
31.40000 5.321
31.42000 0.578
31.44000 1.043
31.46000 0.911
31.48000 -0.364
31.50000 4.150
31.52000 5.495
31.54000 5.640
31.56000 4.633
31.58000 4.790
31.60000 9.088
31.62000 8.768
31.64000 0.971
31.66000 0.809
31.68000 -3.383
31.70000 0.400
31.72000 1.389
31.74000 4.722
31.76000 1.312
31.78000 -0.105
31.80000 -0.261
31.82000 0.486
31.84000 7.335
31.86000 0.258
31.88000 -0.932
31.90000 -0.282
31.92000 4.768
31.94000 4.828
31.96000 8.333
31.98000 4.163
32.00000 -1.944
32.02000 -0.835
32.04000 -2.347
32.06000 -3.668
32.08000 0.308
32.10000 0.179
32.12000 -0.373
32.14000 3.108
32.16000 0.582
32.18000 4.706
32.20000 6.075
32.22000 3.385
32.24000 -1.664
32.26000 0.013
32.28000 1.174
32.30000 -0.402
32.32000 -3.468
32.34000 -1.183
32.36000 5.736
32.38000 5.722
32.40000 1.221
32.42000 0.079
32.44000 0.725
32.46000 7.519
32.48000 3.301
32.50000 3.717
32.52000 -0.266
32.54000 3.275
32.56000 4.029
32.58000 -0.635
32.60000 1.160
32.62000 -0.632
32.64000 -1.754
32.66000 -0.226
32.68000 0.174
32.70000 -2.006
32.72000 -0.098
32.74000 0.840
32.76000 -0.614
32.78000 4.990
32.80000 5.095
32.82000 2.193
32.84000 0.505
32.86000 3.411
32.88000 -0.966
32.90000 -2.735
32.92000 -0.354
32.94000 -1.297
32.96000 3.873
32.98000 9.292
33.00000 3.499
33.02000 -2.400
33.04000 2.840
33.06000 5.342
33.08000 1.384
33.10000 0.511
33.12000 2.886
33.14000 5.834
33.16000 0.993
33.18000 0.929
33.20000 1.404
33.22000 5.288
33.24000 2.281
33.26000 2.999
33.28000 7.012
33.30000 7.359
33.32000 6.019
33.34000 7.304
33.36000 7.719
33.38000 11.037
33.40000 8.646
33.42000 8.698
33.44000 5.778
33.46000 8.587
33.48000 10.469
33.50000 7.506
33.52000 5.500
33.54000 6.898
33.56000 5.929
33.58000 -0.924
33.60000 -1.469
33.62000 -0.100
33.64000 6.362
33.66000 4.568
33.68000 2.886
33.70000 5.145
33.72000 -2.183
33.74000 -3.608
33.76000 6.674
33.78000 3.180
33.80000 3.630
33.82000 2.444
33.84000 4.730
33.86000 4.319
33.88000 6.110
33.90000 3.969
33.92000 2.093
33.94000 3.947
33.96000 2.830
33.98000 1.966
34.00000 8.960
34.02000 12.841
34.04000 5.385
34.06000 4.610
34.08000 8.147
34.10000 6.663
34.12000 1.585
34.14000 2.609
34.16000 7.831
34.18000 8.246
34.20000 6.481
34.22000 6.116
34.24000 6.627
34.26000 3.448
34.28000 4.419
34.30000 5.617
34.32000 6.477
34.34000 4.015
34.36000 2.780
34.38000 0.905
34.40000 -0.907
34.42000 -1.924
34.44000 0.610
34.46000 6.174
34.48000 6.804
34.50000 8.096
34.52000 2.973
34.54000 7.153
34.56000 7.243
34.58000 10.141
34.60000 6.484
34.62000 2.487
34.64000 2.850
34.66000 7.592
34.68000 5.719
34.70000 9.671
34.72000 12.001
34.74000 10.517
34.76000 4.462
34.78000 7.002
34.80000 4.257
34.82000 6.378
34.84000 7.374
34.86000 2.703
34.88000 2.293
34.90000 2.358
34.92000 -0.153
34.94000 2.670
34.96000 5.333
34.98000 0.111
35.00000 1.398
35.02000 3.846
35.04000 2.130
35.06000 -0.812
35.08000 -3.614
35.10000 5.002
35.12000 0.700
35.14000 2.309
35.16000 2.260
35.18000 1.473
35.20000 -2.014
35.22000 0.008
35.24000 2.375
35.26000 4.500
35.28000 0.185
35.30000 -0.458
35.32000 2.021
35.34000 -0.534
35.36000 -1.207
35.38000 4.147
35.40000 4.562
35.42000 0.836
35.44000 1.317
35.46000 -1.825
35.48000 3.689
35.50000 5.870
35.52000 -1.441
35.54000 -3.618
35.56000 -1.764
35.58000 1.110
35.60000 4.488
35.62000 0.608
35.64000 3.419
35.66000 -0.056
35.68000 -1.466
35.70000 1.392
35.72000 6.877
35.74000 3.332
35.76000 -0.246
35.78000 0.567
35.80000 2.538
35.82000 0.612
35.84000 4.651
35.86000 4.323
35.88000 2.483
35.90000 5.549
35.92000 2.958
35.94000 3.902
35.96000 2.664
35.98000 1.667
36.00000 0.425
36.02000 -0.218
36.04000 3.898
36.06000 1.461
36.08000 4.810
36.10000 2.147
36.12000 -0.750
36.14000 2.451
36.16000 1.814
36.18000 3.673
36.20000 -0.599
36.22000 4.310
36.24000 1.743
36.26000 2.521
36.28000 3.094
36.30000 3.628
36.32000 14.767
36.34000 6.057
36.36000 2.518
36.38000 2.610
36.40000 1.658
36.42000 4.504
36.44000 7.591
36.46000 9.850
36.48000 3.978
36.50000 2.788
36.52000 5.951
36.54000 6.312
36.56000 7.692
36.58000 8.016
36.60000 6.812
36.62000 12.543
36.64000 16.932
36.66000 11.692
36.68000 9.359
36.70000 10.600
36.72000 6.873
36.74000 6.641
36.76000 3.297
36.78000 10.439
36.80000 10.045
36.82000 11.139
36.84000 11.771
36.86000 10.339
36.88000 12.646
36.90000 11.612
36.92000 5.952
36.94000 4.393
36.96000 10.099
36.98000 13.046
37.00000 13.074
37.02000 14.410
37.04000 10.340
37.06000 11.005
37.08000 10.120
37.10000 15.426
37.12000 15.597
37.14000 14.865
37.16000 14.039
37.18000 16.848
37.20000 20.861
37.22000 21.502
37.24000 23.242
37.26000 24.500
37.28000 26.129
37.30000 19.204
37.32000 18.757
37.34000 21.689
37.36000 16.103
37.38000 18.153
37.40000 24.369
37.42000 28.804
37.44000 23.486
37.46000 28.170
37.48000 26.354
37.50000 26.599
37.52000 26.445
37.54000 27.495
37.56000 25.488
37.58000 28.940
37.60000 33.209
37.62000 33.482
37.64000 37.564
37.66000 38.942
37.68000 37.521
37.70000 33.070
37.72000 32.168
37.74000 31.681
37.76000 36.692
37.78000 36.564
37.80000 38.048
37.82000 41.169
37.84000 47.461
37.86000 46.640
37.88000 45.051
37.90000 47.252
37.92000 47.611
37.94000 49.492
37.96000 52.061
37.98000 47.368
38.00000 47.094
38.02000 51.269
38.04000 52.664
38.06000 55.978
38.08000 60.615
38.10000 63.999
38.12000 69.238
38.14000 70.749
38.16000 74.237
38.18000 81.421
38.20000 81.936
38.22000 82.799
38.24000 89.805
38.26000 94.644
38.28000 104.260
38.30000 107.083
38.32000 118.098
38.34000 129.192
38.36000 133.597
38.38000 138.326
38.40000 141.637
38.42000 157.813
38.44000 172.735
38.46000 175.490
38.48000 187.184
38.50000 197.607
38.52000 207.019
38.54000 222.175
38.56000 238.409
38.58000 239.682
38.60000 245.239
38.62000 259.022
38.64000 266.398
38.66000 272.579
38.68000 277.177
38.70000 292.017
38.72000 291.068
38.74000 286.386
38.76000 288.821
38.78000 289.400
38.80000 289.420
38.82000 283.880
38.84000 280.826
38.86000 279.978
38.88000 271.720
38.90000 263.174
38.92000 247.502
38.94000 245.578
38.96000 241.451
38.98000 232.277
39.00000 219.419
39.02000 205.414
39.04000 197.467
39.06000 186.767
39.08000 175.634
39.10000 167.988
39.12000 153.973
39.14000 144.431
39.16000 135.623
39.18000 132.368
39.20000 122.169
39.22000 118.168
39.24000 112.297
39.26000 99.477
39.28000 94.672
39.30000 87.001
39.32000 83.263
39.34000 85.056
39.36000 78.754
39.38000 73.922
39.40000 70.277
39.42000 66.446
39.44000 67.746
39.46000 71.832
39.48000 63.857
39.50000 54.597
39.52000 55.027
39.54000 54.563
39.56000 51.051
39.58000 42.614
39.60000 50.764
39.62000 48.009
39.64000 43.101
39.66000 37.771
39.68000 37.275
39.70000 33.578
39.72000 35.982
39.74000 39.516
39.76000 37.682
39.78000 34.595
39.80000 31.672
39.82000 28.705
39.84000 29.046
39.86000 28.343
39.88000 29.565
39.90000 26.364
39.92000 27.427
39.94000 28.300
39.96000 27.557
39.98000 22.524
40.00000 18.823
40.02000 17.641
40.04000 18.514
40.06000 20.371
40.08000 21.876
40.10000 21.989
40.12000 18.075
40.14000 15.201
40.16000 15.648
40.18000 14.491
40.20000 19.064
40.22000 18.328
40.24000 19.577
40.26000 21.719
40.28000 16.945
40.30000 17.890
40.32000 15.927
40.34000 13.282
40.36000 12.507
40.38000 14.675
40.40000 13.747
40.42000 16.089
40.44000 20.132
40.46000 21.418
40.48000 19.425
40.50000 12.020
40.52000 7.982
40.54000 12.261
40.56000 13.662
40.58000 11.618
40.60000 12.533
40.62000 12.765
40.64000 9.517
40.66000 7.641
40.68000 7.042
40.70000 9.765
40.72000 14.647
40.74000 8.905
40.76000 6.700
40.78000 9.377
40.80000 6.853
40.82000 8.233
40.84000 6.902
40.86000 11.155
40.88000 2.968
40.90000 7.347
40.92000 9.351
40.94000 4.051
40.96000 7.166
40.98000 7.812
41.00000 7.824
41.02000 7.802
41.04000 5.245
41.06000 11.115
41.08000 6.375
41.10000 1.702
41.12000 3.181
41.14000 2.774
41.16000 -0.272
41.18000 1.598
41.20000 0.626
41.22000 4.462
41.24000 7.249
41.26000 6.614
41.28000 6.493
41.30000 8.180
41.32000 5.703
41.34000 4.340
41.36000 6.777
41.38000 7.395
41.40000 5.085
41.42000 -0.505
41.44000 1.227
41.46000 4.204
41.48000 2.860
41.50000 -1.198
41.52000 1.300
41.54000 2.067
41.56000 -0.982
41.58000 2.790
41.60000 3.639
41.62000 3.695
41.64000 3.438
41.66000 2.519
41.68000 0.507
41.70000 3.175
41.72000 4.964
41.74000 5.710
41.76000 2.453
41.78000 0.722
41.80000 2.814
41.82000 6.545
41.84000 4.023
41.86000 4.676
41.88000 5.765
41.90000 3.210
41.92000 4.556
41.94000 1.390
41.96000 -3.400
41.98000 0.271
42.00000 7.242
42.02000 8.520
42.04000 2.461
42.06000 0.529
42.08000 2.659
42.10000 0.776
42.12000 0.216
42.14000 -0.834
42.16000 1.773
42.18000 7.287
42.20000 4.706
42.22000 3.054
42.24000 3.373
42.26000 5.934
42.28000 8.320
42.30000 3.090
42.32000 2.434
42.34000 3.759
42.36000 5.428
42.38000 3.393
42.40000 3.673
42.42000 3.005
42.44000 2.015
42.46000 -0.024
42.48000 -0.790
42.50000 1.911
42.52000 6.269
42.54000 3.936
42.56000 -3.369
42.58000 -0.112
42.60000 2.249
42.62000 -2.015
42.64000 -1.399
42.66000 1.698
42.68000 2.530
42.70000 3.936
42.72000 2.837
42.74000 0.698
42.76000 0.205
42.78000 4.103
42.80000 3.747
42.82000 -1.294
42.84000 -1.764
42.86000 -3.349
42.88000 -0.279
42.90000 1.500
42.92000 0.970
42.94000 6.413
42.96000 2.850
42.98000 -1.138
43.00000 -0.950
43.02000 -1.330
43.04000 0.573
43.06000 6.373
43.08000 8.124
43.10000 5.046
43.12000 2.140
43.14000 0.444
43.16000 1.783
43.18000 -2.278
43.20000 -3.323
43.22000 0.326
43.24000 3.863
43.26000 4.871
43.28000 1.773
43.30000 -0.538
43.32000 0.547
43.34000 0.141
43.36000 -1.200
43.38000 -2.225
43.40000 1.545
43.42000 4.598
43.44000 4.433
43.46000 2.879
43.48000 1.195
43.50000 2.476
43.52000 3.118
43.54000 2.087
43.56000 -0.880
43.58000 0.960
43.60000 4.642
43.62000 5.768
43.64000 6.800
43.66000 4.083
43.68000 0.333
43.70000 2.658
43.72000 2.190
43.74000 1.146
43.76000 -2.309
43.78000 3.877
43.80000 4.619
43.82000 1.877
43.84000 1.257
43.86000 4.223
43.88000 6.046
43.90000 4.269
43.92000 5.341
43.94000 5.185
43.96000 5.906
43.98000 5.716
44.00000 6.960
44.02000 3.953
44.04000 5.095
44.06000 9.928
44.08000 11.420
44.10000 8.292
44.12000 8.475
44.14000 10.822
44.16000 10.828
44.18000 9.659
44.20000 5.693
44.22000 6.376
44.24000 10.916
44.26000 9.817
44.28000 11.471
44.30000 14.234
44.32000 17.492
44.34000 23.498
44.36000 22.867
44.38000 21.498
44.40000 22.752
44.42000 21.919
44.44000 26.131
44.46000 25.348
44.48000 31.714
44.50000 35.339
44.52000 33.274
44.54000 35.924
44.56000 40.308
44.58000 45.439
44.60000 44.524
44.62000 43.658
44.64000 49.134
44.66000 52.980
44.68000 52.767
44.70000 56.856
44.72000 59.704
44.74000 63.476
44.76000 62.205
44.78000 66.483
44.80000 76.001
44.82000 83.219
44.84000 81.393
44.86000 87.639
44.88000 91.322
44.90000 94.788
44.92000 94.389
44.94000 96.869
44.96000 106.656
44.98000 104.428
45.00000 106.332
45.02000 104.563
45.04000 110.710
45.06000 108.355
45.08000 107.134
45.10000 109.877
45.12000 109.377
45.14000 113.334
45.16000 115.461
45.18000 112.540
45.20000 108.051
45.22000 102.197
45.24000 105.049
45.26000 101.404
45.28000 97.854
45.30000 94.723
45.32000 88.790
45.34000 86.835
45.36000 84.819
45.38000 73.773
45.40000 71.077
45.42000 72.130
45.44000 66.454
45.46000 62.484
45.48000 61.257
45.50000 59.786
45.52000 55.613
45.54000 49.767
45.56000 43.897
45.58000 38.762
45.60000 35.256
45.62000 38.441
45.64000 40.915
45.66000 39.399
45.68000 33.742
45.70000 29.534
45.72000 24.780
45.74000 23.055
45.76000 24.257
45.78000 23.638
45.80000 18.854
45.82000 18.759
45.84000 19.315
45.86000 19.162
45.88000 18.369
45.90000 15.098
45.92000 12.549
45.94000 12.972
45.96000 8.762
45.98000 8.753
46.00000 12.042
46.02000 13.690
46.04000 8.499
46.06000 6.406
46.08000 4.320
46.10000 3.212
46.12000 2.709
46.14000 3.314
46.16000 4.756
46.18000 4.518
46.20000 7.378
46.22000 10.304
46.24000 7.702
46.26000 5.122
46.28000 2.669
46.30000 0.968
46.32000 5.696
46.34000 1.578
46.36000 3.410
46.38000 1.721
46.40000 -3.010
46.42000 0.304
46.44000 -0.139
46.46000 1.838
46.48000 1.358
46.50000 1.188
46.52000 0.592
46.54000 1.132
46.56000 0.267
46.58000 -2.013
46.60000 -2.317
46.62000 -1.284
46.64000 0.628
46.66000 -1.520
46.68000 1.705
46.70000 0.721
46.72000 0.233
46.74000 1.088
46.76000 1.674
46.78000 2.107
46.80000 2.457
46.82000 3.309
46.84000 1.704
46.86000 -0.144
46.88000 -0.762
46.90000 1.007
46.92000 0.026
46.94000 -1.985
46.96000 2.261
46.98000 1.854
47.00000 0.025
47.02000 -2.911
47.04000 1.771
47.06000 -0.011
47.08000 2.066
47.10000 3.085
47.12000 1.028
47.14000 -2.588
47.16000 -2.892
47.18000 0.184
47.20000 0.916
47.22000 -0.844
47.24000 -2.884
47.26000 -0.439
47.28000 1.999
47.30000 0.202
47.32000 -0.927
47.34000 -1.021
47.36000 4.228
47.38000 5.302
47.40000 2.104
47.42000 -0.362
47.44000 1.620
47.46000 1.825
47.48000 4.441
47.50000 2.079
47.52000 2.834
47.54000 1.869
47.56000 1.289
47.58000 0.899
47.60000 2.672
47.62000 1.309
47.64000 -0.961
47.66000 -1.005
47.68000 -2.841
47.70000 2.274
47.72000 0.192
47.74000 -2.261
47.76000 2.892
47.78000 5.193
47.80000 3.265
47.82000 3.889
47.84000 5.878
47.86000 2.126
47.88000 7.323
47.90000 5.131
47.92000 4.765
47.94000 3.504
47.96000 4.453
47.98000 7.863
48.00000 8.362
48.02000 4.573
48.04000 3.099
48.06000 4.348
48.08000 2.662
48.10000 3.394
48.12000 3.439
48.14000 -0.876
48.16000 2.067
48.18000 4.983
48.20000 1.225
48.22000 2.570
48.24000 0.654
48.26000 -1.552
48.28000 -1.483
48.30000 -1.434
48.32000 3.402
48.34000 1.077
48.36000 2.255
48.38000 0.887
48.40000 5.589
48.42000 1.002
48.44000 -1.225
48.46000 -0.673
48.48000 0.655
48.50000 2.138
48.52000 2.532
48.54000 -1.041
48.56000 -0.310
48.58000 -1.609
48.60000 -2.771
48.62000 0.754
48.64000 2.150
48.66000 -0.084
48.68000 -2.068
48.70000 -0.753
48.72000 -2.115
48.74000 1.311
48.76000 4.422
48.78000 2.371
48.80000 3.843
48.82000 5.804
48.84000 5.236
48.86000 6.276
48.88000 3.708
48.90000 2.063
48.92000 2.308
48.94000 2.284
48.96000 3.019
48.98000 1.651
49.00000 -0.303
49.02000 -0.152
49.04000 6.442
49.06000 2.808
49.08000 -0.388
49.10000 0.099
49.12000 1.211
49.14000 1.814
49.16000 1.215
49.18000 6.284
49.20000 5.724
49.22000 4.842
49.24000 1.466
49.26000 1.358
49.28000 -0.751
49.30000 -1.009
49.32000 2.271
49.34000 1.565
49.36000 4.566
49.38000 2.828
49.40000 0.844
49.42000 3.594
49.44000 1.930
49.46000 -1.161
49.48000 -2.716
49.50000 -0.374
49.52000 3.204
49.54000 -0.461
49.56000 -0.931
49.58000 0.739
49.60000 0.334
49.62000 2.484
49.64000 4.348
49.66000 8.064
49.68000 8.810
49.70000 4.899
49.72000 2.630
49.74000 3.470
49.76000 2.025
49.78000 2.760
49.80000 3.551
49.82000 2.540
49.84000 5.321
49.86000 1.802
49.88000 -1.513
49.90000 1.687
49.92000 2.284
49.94000 4.066
49.96000 2.974
49.98000 3.789
50.00000 5.310
50.02000 4.306
50.04000 3.163
50.06000 2.132
50.08000 2.268
50.10000 5.895
50.12000 5.830
50.14000 9.523
50.16000 5.851
50.18000 4.438
50.20000 3.868
50.22000 4.817
50.24000 9.528
50.26000 2.063
50.28000 -2.111
50.30000 -2.660
50.32000 0.145
50.34000 2.823
50.36000 2.586
50.38000 1.684
50.40000 5.480
50.42000 2.913
50.44000 1.584
50.46000 -0.835
50.48000 4.839
50.50000 2.402
50.52000 3.275
50.54000 0.211
50.56000 5.625
50.58000 2.212
50.60000 3.820
50.62000 4.961
50.64000 1.918
50.66000 8.400
50.68000 4.915
50.70000 1.964
50.72000 0.558
50.74000 2.436
50.76000 4.672
50.78000 5.574
50.80000 5.304
50.82000 6.535
50.84000 3.530
50.86000 -0.328
50.88000 2.855
50.90000 4.165
50.92000 -0.702
50.94000 7.697
50.96000 11.471
50.98000 5.943
51.00000 4.638
51.02000 0.813
51.04000 0.175
51.06000 4.706
51.08000 5.763
51.10000 1.216
51.12000 -2.209
51.14000 0.786
51.16000 7.472
51.18000 8.171
51.20000 5.486
51.22000 -1.831
51.24000 -0.565
51.26000 5.018
51.28000 2.143
51.30000 -0.514
51.32000 0.641
51.34000 6.433
51.36000 4.952
51.38000 5.888
51.40000 3.075
51.42000 1.189
51.44000 -0.528
51.46000 3.406
51.48000 3.768
51.50000 4.724
51.52000 3.264
51.54000 4.439
51.56000 7.469
51.58000 1.472
51.60000 -2.617
51.62000 0.453
51.64000 2.354
51.66000 2.234
51.68000 -0.599
51.70000 1.464
51.72000 3.459
51.74000 3.083
51.76000 3.523
51.78000 3.478
51.80000 1.981
51.82000 2.668
51.84000 1.520
51.86000 3.763
51.88000 6.418
51.90000 5.718
51.92000 5.677
51.94000 7.123
51.96000 8.619
51.98000 3.176
52.00000 3.148
52.02000 2.116
52.04000 1.526
52.06000 7.173
52.08000 4.509
52.10000 1.188
52.12000 5.257
52.14000 9.717
52.16000 8.596
52.18000 3.581
52.20000 7.145
52.22000 5.196
52.24000 4.969
52.26000 3.885
52.28000 5.572
52.30000 7.616
52.32000 0.365
52.34000 3.356
52.36000 5.840
52.38000 6.008
52.40000 2.008
52.42000 -2.607
52.44000 2.338
52.46000 3.831
52.48000 2.639
52.50000 4.382
52.52000 2.302
52.54000 0.206
52.56000 4.620
52.58000 5.702
52.60000 10.325
52.62000 5.119
52.64000 4.290
52.66000 5.001
52.68000 0.147
52.70000 4.474
52.72000 4.901
52.74000 4.330
52.76000 5.129
52.78000 3.361
52.80000 4.711
52.82000 5.375
52.84000 0.824
52.86000 0.915
52.88000 6.632
52.90000 5.471
52.92000 4.493
52.94000 3.555
52.96000 3.546
52.98000 3.074
53.00000 2.488
53.02000 4.405
53.04000 4.332
53.06000 2.424
53.08000 3.794
53.10000 0.501
53.12000 1.156
53.14000 1.842
53.16000 0.751
53.18000 3.326
53.20000 3.293
53.22000 3.373
53.24000 0.352
53.26000 -1.809
53.28000 1.537
53.30000 4.309
53.32000 6.065
53.34000 2.119
53.36000 -2.525
53.38000 0.813
53.40000 4.798
53.42000 3.222
53.44000 1.694
53.46000 3.353
53.48000 2.356
53.50000 -0.245
53.52000 0.892
53.54000 2.246
53.56000 1.519
53.58000 0.125
53.60000 -0.893
53.62000 -0.688
53.64000 5.673
53.66000 3.416
53.68000 2.943
53.70000 2.676
53.72000 1.812
53.74000 3.295
53.76000 1.849
53.78000 1.648
53.80000 5.667
53.82000 1.281
53.84000 1.100
53.86000 3.433
53.88000 3.329
53.90000 1.866
53.92000 -0.562
53.94000 -1.547
53.96000 -0.041
53.98000 -1.008
54.00000 2.529
54.02000 2.070
54.04000 5.122
54.06000 2.266
54.08000 -0.699
54.10000 -0.624
54.12000 0.627
54.14000 5.995
54.16000 2.487
54.18000 2.031
54.20000 0.201
54.22000 -0.467
54.24000 -2.322
54.26000 -2.601
54.28000 2.119
54.30000 4.045
54.32000 -0.150
54.34000 -2.197
54.36000 1.381
54.38000 0.788
54.40000 3.737
54.42000 1.444
54.44000 -1.005
54.46000 -0.905
54.48000 -1.390
54.50000 3.294
54.52000 2.656
54.54000 3.073
54.56000 3.320
54.58000 4.820
54.60000 0.436
54.62000 0.534
54.64000 1.857
54.66000 0.908
54.68000 -0.069
54.70000 -0.204
54.72000 3.244
54.74000 4.232
54.76000 4.062
54.78000 0.606
54.80000 -2.580
54.82000 -1.307
54.84000 -1.370
54.86000 2.155
54.88000 2.075
54.90000 0.982
54.92000 7.221
54.94000 2.900
54.96000 0.316
54.98000 1.001
55.00000 1.673
55.02000 2.149
55.04000 2.654
55.06000 5.107
55.08000 3.379
55.10000 -0.703
55.12000 3.717
55.14000 3.613
55.16000 3.286
55.18000 5.009
55.20000 3.748
55.22000 0.204
55.24000 1.279
55.26000 3.749
55.28000 1.361
55.30000 -0.749
55.32000 1.046
55.34000 4.223
55.36000 3.250
55.38000 -1.399
55.40000 -1.158
55.42000 2.730
55.44000 2.830
55.46000 4.500
55.48000 1.099
55.50000 1.684
55.52000 4.105
55.54000 4.817
55.56000 3.293
55.58000 -0.597
55.60000 2.919
55.62000 5.492
55.64000 2.035
55.66000 2.081
55.68000 4.409
55.70000 5.605
55.72000 1.133
55.74000 -2.058
55.76000 0.136
55.78000 0.947
55.80000 1.072
55.82000 0.808
55.84000 2.377
55.86000 1.045
55.88000 2.232
55.90000 3.053
55.92000 2.677
55.94000 4.289
55.96000 3.339
55.98000 3.708
56.00000 4.022
56.02000 5.158
56.04000 10.408
56.06000 2.395
56.08000 0.634
56.10000 3.354
56.12000 1.766
56.14000 -2.536
56.16000 -0.906
56.18000 2.367
56.20000 4.342
56.22000 9.573
56.24000 7.317
56.26000 3.896
56.28000 4.296
56.30000 3.416
56.32000 3.516
56.34000 2.547
56.36000 2.192
56.38000 2.851
56.40000 2.556
56.42000 7.363
56.44000 4.524
56.46000 5.987
56.48000 4.565
56.50000 -1.062
56.52000 -1.484
56.54000 3.795
56.56000 4.402
56.58000 3.609
56.60000 4.650
56.62000 4.932
56.64000 3.773
56.66000 4.927
56.68000 0.656
56.70000 -1.510
56.72000 1.622
56.74000 5.966
56.76000 9.811
56.78000 8.265
56.80000 3.274
56.82000 1.670
56.84000 2.743
56.86000 4.707
56.88000 4.772
56.90000 11.051
56.92000 12.655
56.94000 8.702
56.96000 6.514
56.98000 2.975
57.00000 1.817
57.02000 0.837
57.04000 2.559
57.06000 2.431
57.08000 -0.762
57.10000 0.183
57.12000 4.360
57.14000 3.767
57.16000 1.080
57.18000 1.897
57.20000 2.844
57.22000 3.887
57.24000 7.104
57.26000 8.429
57.28000 12.152
57.30000 6.462
57.32000 8.676
57.34000 10.364
57.36000 5.559
57.38000 -2.424
57.40000 4.679
57.42000 7.477
57.44000 6.122
57.46000 6.189
57.48000 7.050
57.50000 2.901
57.52000 4.830
57.54000 4.590
57.56000 3.041
57.58000 2.910
57.60000 5.072
57.62000 6.773
57.64000 6.911
57.66000 1.905
57.68000 4.667
57.70000 3.247
57.72000 5.799
57.74000 3.433
57.76000 0.476
57.78000 1.445
57.80000 3.167
57.82000 4.629
57.84000 2.808
57.86000 5.252
57.88000 1.551
57.90000 0.066
57.92000 1.078
57.94000 5.297
57.96000 7.219
57.98000 8.845
58.00000 5.842
58.02000 3.989
58.04000 1.076
58.06000 2.963
58.08000 6.165
58.10000 7.068
58.12000 1.726
58.14000 3.511
58.16000 2.590
58.18000 2.963
58.20000 3.032
58.22000 4.906
58.24000 1.750
58.26000 1.558
58.28000 3.825
58.30000 4.255
58.32000 4.829
58.34000 5.245
58.36000 3.810
58.38000 4.589
58.40000 5.920
58.42000 4.862
58.44000 2.316
58.46000 1.021
58.48000 0.527
58.50000 3.765
58.52000 3.663
58.54000 2.419
58.56000 0.540
58.58000 0.712
58.60000 -0.484
58.62000 4.150
58.64000 1.521
58.66000 -2.031
58.68000 -1.635
58.70000 -2.430
58.72000 0.620
58.74000 2.667
58.76000 2.844
58.78000 1.865
58.80000 1.542
58.82000 1.657
58.84000 0.922
58.86000 -1.927
58.88000 0.966
58.90000 3.556
58.92000 2.335
58.94000 4.061
58.96000 0.971
58.98000 3.611
59.00000 8.832
59.02000 6.859
59.04000 3.975
59.06000 3.085
59.08000 1.178
59.10000 -2.426
59.12000 -1.741
59.14000 3.655
59.16000 2.162
59.18000 -0.905
59.20000 -1.791
59.22000 -1.677
59.24000 -0.463
59.26000 1.316
59.28000 4.057
59.30000 2.916
59.32000 5.435
59.34000 6.059
59.36000 2.687
59.38000 1.220
59.40000 2.388
59.42000 0.180
59.44000 0.214
59.46000 3.873
59.48000 3.387
59.50000 2.545
59.52000 1.887
59.54000 1.626
59.56000 3.736
59.58000 0.384
59.60000 -1.964
59.62000 -1.725
59.64000 0.304
59.66000 2.791
59.68000 -1.286
59.70000 2.821
59.72000 3.844
59.74000 4.689
59.76000 2.284
59.78000 1.746
59.80000 1.890
59.82000 2.714
59.84000 -0.961
59.86000 1.991
59.88000 5.881
59.90000 2.016
59.92000 2.145
59.94000 5.884
59.96000 6.831
59.98000 2.980
60.00000 4.364
60.02000 0.573
60.04000 1.844
60.06000 0.849
60.08000 4.776
60.10000 3.127
60.12000 4.532
60.14000 3.690
60.16000 1.731
60.18000 2.332
60.20000 -0.335
60.22000 0.451
60.24000 2.270
60.26000 1.536
60.28000 3.169
60.30000 1.725
60.32000 0.333
60.34000 1.275
60.36000 2.367
60.38000 1.122
60.40000 -1.909
60.42000 -2.373
60.44000 -1.973
60.46000 -0.853
60.48000 2.211
60.50000 -0.165
60.52000 2.485
60.54000 5.022
60.56000 6.128
60.58000 5.018
60.60000 4.122
60.62000 1.181
60.64000 1.908
60.66000 -0.313
60.68000 3.412
60.70000 5.078
60.72000 5.123
60.74000 4.105
60.76000 5.043
60.78000 2.142
60.80000 2.250
60.82000 1.927
60.84000 4.435
60.86000 4.221
60.88000 3.292
60.90000 0.233
60.92000 -1.408
60.94000 -0.949
60.96000 0.017
60.98000 3.332
61.00000 4.027
61.02000 3.406
61.04000 3.452
61.06000 2.862
61.08000 2.128
61.10000 -1.842
61.12000 0.263
61.14000 2.341
61.16000 0.838
61.18000 1.507
61.20000 6.276
61.22000 1.573
61.24000 3.049
61.26000 1.364
61.28000 1.179
61.30000 0.368
61.32000 0.133
61.34000 1.046
61.36000 -1.828
61.38000 -1.689
61.40000 1.671
61.42000 -0.096
61.44000 2.610
61.46000 2.741
61.48000 1.524
61.50000 -0.967
61.52000 0.711
61.54000 4.609
61.56000 3.897
61.58000 0.978
61.60000 0.449
61.62000 0.196
61.64000 4.637
61.66000 1.592
61.68000 0.636
61.70000 0.995
61.72000 2.185
61.74000 1.436
61.76000 4.374
61.78000 2.572
61.80000 3.227
61.82000 4.594
61.84000 1.527
61.86000 -2.350
61.88000 -0.328
61.90000 4.258
61.92000 1.095
61.94000 1.782
61.96000 -1.350
61.98000 -1.181
62.00000 2.194
62.02000 0.338
62.04000 3.800
62.06000 3.000
62.08000 -1.746
62.10000 0.306
62.12000 -0.203
62.14000 0.045
62.16000 1.334
62.18000 3.534
62.20000 2.469
62.22000 1.880
62.24000 1.211
62.26000 1.853
62.28000 4.308
62.30000 5.920
62.32000 0.948
62.34000 0.200
62.36000 -0.206
62.38000 -2.323
62.40000 -1.113
62.42000 -1.813
62.44000 0.769
62.46000 2.696
62.48000 2.971
62.50000 3.023
62.52000 3.246
62.54000 5.491
62.56000 7.368
62.58000 4.046
62.60000 4.985
62.62000 3.857
62.64000 2.865
62.66000 1.760
62.68000 2.761
62.70000 3.417
62.72000 3.996
62.74000 2.012
62.76000 2.397
62.78000 1.066
62.80000 0.253
62.82000 2.040
62.84000 0.924
62.86000 -0.315
62.88000 0.000
62.90000 -2.323
62.92000 3.100
62.94000 0.385
62.96000 0.495
62.98000 0.529
63.00000 2.494
63.02000 2.165
63.04000 3.595
63.06000 4.789
63.08000 3.738
63.10000 1.358
63.12000 1.430
63.14000 1.025
63.16000 1.360
63.18000 1.080
63.20000 0.788
63.22000 0.735
63.24000 -1.498
63.26000 1.211
63.28000 0.914
63.30000 -0.111
63.32000 -1.622
63.34000 2.740
63.36000 4.925
63.38000 1.276
63.40000 2.241
63.42000 0.077
63.44000 0.886
63.46000 -0.302
63.48000 1.244
63.50000 -1.573
63.52000 -0.063
63.54000 1.580
63.56000 1.969
63.58000 0.459
63.60000 -0.743
63.62000 -0.146
63.64000 0.532
63.66000 0.024
63.68000 -0.337
63.70000 -0.312
63.72000 3.372
63.74000 1.660
63.76000 1.013
63.78000 -0.509
63.80000 0.587
63.82000 1.906
63.84000 -1.342
63.86000 2.450
63.88000 -0.182
63.90000 -0.129
63.92000 -0.441
63.94000 2.145
63.96000 2.760
63.98000 1.706
64.00000 -2.074
64.02000 -0.368
64.04000 1.913
64.06000 1.043
64.08000 4.420
64.10000 4.165
64.12000 3.600
64.14000 5.341
64.16000 2.387
64.18000 -2.339
64.20000 0.111
64.22000 1.945
64.24000 1.571
64.26000 2.392
64.28000 4.443
64.30000 2.597
64.32000 0.582
64.34000 0.454
64.36000 1.321
64.38000 0.351
64.40000 -1.405
64.42000 1.204
64.44000 -0.650
64.46000 -0.312
64.48000 -2.183
64.50000 1.092
64.52000 0.815
64.54000 -1.438
64.56000 1.481
64.58000 2.473
64.60000 0.644
64.62000 0.100
64.64000 -1.064
64.66000 -0.899
64.68000 3.557
64.70000 3.221
64.72000 0.480
64.74000 -2.355
64.76000 1.639
64.78000 3.010
64.80000 3.101
64.82000 1.027
64.84000 1.289
64.86000 1.806
64.88000 4.103
64.90000 0.205
64.92000 -2.357
64.94000 0.402
64.96000 1.955
64.98000 2.675
65.00000 0.491
65.02000 0.054
65.04000 1.790
65.06000 0.077
65.08000 -0.122
65.10000 1.751
65.12000 1.623
65.14000 3.181
65.16000 2.275
65.18000 1.444
65.20000 0.934
65.22000 2.362
65.24000 5.838
65.26000 3.790
65.28000 5.141
65.30000 1.066
65.32000 1.592
65.34000 2.723
65.36000 5.711
65.38000 2.438
65.40000 3.282
65.42000 6.649
65.44000 6.229
65.46000 5.163
65.48000 5.783
65.50000 4.191
65.52000 4.657
65.54000 10.806
65.56000 6.304
65.58000 7.143
65.60000 5.456
65.62000 7.479
65.64000 7.450
65.66000 6.101
65.68000 6.998
65.70000 6.711
65.72000 6.758
65.74000 4.006
65.76000 4.262
65.78000 4.058
65.80000 4.052
65.82000 2.619
65.84000 4.019
65.86000 8.814
65.88000 6.516
65.90000 3.971
65.92000 4.150
65.94000 3.391
65.96000 3.806
65.98000 4.544
66.00000 6.640
66.02000 8.647
66.04000 7.154
66.06000 6.279
66.08000 4.080
66.10000 0.946
66.12000 1.285
66.14000 0.611
66.16000 -1.295
66.18000 -0.892
66.20000 5.793
66.22000 3.465
66.24000 0.588
66.26000 3.692
66.28000 0.711
66.30000 0.169
66.32000 0.609
66.34000 -0.750
66.36000 1.365
66.38000 0.861
66.40000 0.637
66.42000 -0.136
66.44000 0.191
66.46000 1.696
66.48000 3.859
66.50000 3.554
66.52000 0.400
66.54000 1.339
66.56000 1.011
66.58000 1.923
66.60000 -0.122
66.62000 1.756
66.64000 1.927
66.66000 2.495
66.68000 2.307
66.70000 -0.282
66.72000 -0.392
66.74000 3.906
66.76000 0.405
66.78000 -2.052
66.80000 -1.342
66.82000 0.807
66.84000 2.981
66.86000 1.664
66.88000 -0.310
66.90000 -0.037
66.92000 1.218
66.94000 1.274
66.96000 3.077
66.98000 2.579
67.00000 0.759
67.02000 0.202
67.04000 -0.533
67.06000 3.215
67.08000 4.257
67.10000 -2.260
67.12000 -0.250
67.14000 1.233
67.16000 2.111
67.18000 -1.032
67.20000 -1.874
67.22000 0.250
67.24000 0.735
67.26000 1.065
67.28000 -0.460
67.30000 2.882
67.32000 4.112
67.34000 3.841
67.36000 3.112
67.38000 1.240
67.40000 -0.162
67.42000 1.374
67.44000 0.117
67.46000 0.894
67.48000 3.376
67.50000 1.713
67.52000 2.314
67.54000 2.125
67.56000 2.014
67.58000 0.621
67.60000 1.329
67.62000 5.466
67.64000 4.460
67.66000 0.161
67.68000 -2.224
67.70000 -0.439
67.72000 1.900
67.74000 1.928
67.76000 2.231
67.78000 -0.029
67.80000 0.471
67.82000 1.590
67.84000 3.656
67.86000 3.070
67.88000 1.121
67.90000 2.603
67.92000 4.746
67.94000 2.547
67.96000 1.801
67.98000 1.398
68.00000 0.082
68.02000 -1.084
68.04000 -0.802
68.06000 2.094
68.08000 -0.107
68.10000 -1.333
68.12000 1.394
68.14000 2.242
68.16000 4.084
68.18000 2.582
68.20000 2.669
68.22000 -0.459
68.24000 1.907
68.26000 4.670
68.28000 1.298
68.30000 1.244
68.32000 2.323
68.34000 4.189
68.36000 0.191
68.38000 -0.012
68.40000 2.864
68.42000 2.461
68.44000 1.763
68.46000 0.501
68.48000 -0.009
68.50000 0.141
68.52000 0.566
68.54000 -1.730
68.56000 0.577
68.58000 -0.573
68.60000 -2.178
68.62000 1.050
68.64000 3.509
68.66000 1.009
68.68000 1.641
68.70000 3.404
68.72000 1.447
68.74000 1.840
68.76000 1.321
68.78000 0.788
68.80000 -1.945
68.82000 2.780
68.84000 6.666
68.86000 4.813
68.88000 4.535
68.90000 4.705
68.92000 2.680
68.94000 -1.225
68.96000 -0.704
68.98000 1.729
69.00000 2.689
69.02000 3.524
69.04000 1.367
69.06000 1.546
69.08000 1.426
69.10000 0.321
69.12000 1.740
69.14000 1.559
69.16000 0.454
69.18000 0.710
69.20000 3.618
69.22000 2.923
69.24000 1.709
69.26000 1.593
69.28000 0.854
69.30000 0.254
69.32000 2.336
69.34000 -0.864
69.36000 -0.426
69.38000 0.355
69.40000 1.441
69.42000 1.621
69.44000 2.764
69.46000 2.726
69.48000 4.218
69.50000 4.779
69.52000 1.336
69.54000 0.564
69.56000 2.522
69.58000 1.469
69.60000 4.580
69.62000 -0.073
69.64000 -1.362
69.66000 3.800
69.68000 3.771
69.70000 1.708
69.72000 2.619
69.74000 2.451
69.76000 3.325
69.78000 1.809
69.80000 3.003
69.82000 2.633
69.84000 3.486
69.86000 2.362
69.88000 -1.780
69.90000 1.045
69.92000 3.102
69.94000 0.242
69.96000 0.382
69.98000 2.804
70.00000 1.546
70.02000 2.280
70.04000 4.418
70.06000 3.579
70.08000 2.728
70.10000 3.399
70.12000 5.255
70.14000 3.532
70.16000 -2.112
70.18000 0.300
70.20000 1.753
70.22000 2.001
70.24000 2.717
70.26000 2.481
70.28000 2.545
70.30000 -0.520
70.32000 1.475
70.34000 3.219
70.36000 3.477
70.38000 0.310
70.40000 -0.089
70.42000 1.596
70.44000 1.209
70.46000 -1.468
70.48000 0.777
70.50000 2.517
70.52000 1.695
70.54000 0.832
70.56000 0.804
70.58000 4.177
70.60000 9.676
70.62000 7.359
70.64000 5.217
70.66000 6.056
70.68000 3.355
70.70000 3.404
70.72000 3.461
70.74000 2.441
70.76000 0.952
70.78000 1.237
70.80000 2.087
70.82000 1.161
70.84000 3.171
70.86000 2.985
70.88000 2.433
70.90000 1.404
70.92000 2.347
70.94000 -0.130
70.96000 -0.765
70.98000 -1.473
71.00000 -2.110
71.02000 1.794
71.04000 2.635
71.06000 1.192
71.08000 0.894
71.10000 0.368
71.12000 1.813
71.14000 -0.426
71.16000 -1.113
71.18000 0.297
71.20000 1.370
71.22000 2.763
71.24000 1.440
71.26000 -0.332
71.28000 2.336
71.30000 0.907
71.32000 0.849
71.34000 2.126
71.36000 -0.134
71.38000 1.170
71.40000 0.702
71.42000 2.657
71.44000 0.724
71.46000 -0.932
71.48000 -0.058
71.50000 2.259
71.52000 -0.828
71.54000 -1.931
71.56000 0.944
71.58000 0.455
71.60000 0.133
71.62000 3.961
71.64000 3.079
71.66000 -0.312
71.68000 0.473
71.70000 0.824
71.72000 0.590
71.74000 0.548
71.76000 3.222
71.78000 1.402
71.80000 -2.085
71.82000 1.280
71.84000 3.551
71.86000 3.273
71.88000 1.580
71.90000 4.088
71.92000 3.322
71.94000 -1.661
71.96000 1.073
71.98000 0.030
72.00000 1.258
72.02000 2.864
72.04000 1.357
72.06000 0.918
72.08000 0.699
72.10000 0.882
72.12000 2.805
72.14000 3.683
72.16000 2.235
72.18000 4.563
72.20000 5.676
72.22000 1.927
72.24000 0.547
72.26000 0.211
72.28000 0.366
72.30000 -0.559
72.32000 0.570
72.34000 0.752
72.36000 1.864
72.38000 1.335
72.40000 2.403
72.42000 -0.008
72.44000 1.147
72.46000 3.919
72.48000 3.120
72.50000 2.830
72.52000 -2.064
72.54000 0.034
72.56000 -0.378
72.58000 -0.145
72.60000 1.666
72.62000 1.341
72.64000 1.075
72.66000 -0.257
72.68000 0.283
72.70000 1.363
72.72000 3.264
72.74000 7.838
72.76000 6.079
72.78000 1.233
72.80000 0.017
72.82000 -0.143
72.84000 -0.597
72.86000 0.190
72.88000 1.222
72.90000 0.693
72.92000 4.945
72.94000 4.825
72.96000 3.069
72.98000 3.621
73.00000 2.260
73.02000 -0.631
73.04000 1.355
73.06000 4.314
73.08000 4.156
73.10000 3.639
73.12000 0.271
73.14000 -2.031
73.16000 3.081
73.18000 4.804
73.20000 5.509
73.22000 0.681
73.24000 2.371
73.26000 1.096
73.28000 -0.966
73.30000 2.413
73.32000 1.925
73.34000 3.522
73.36000 4.495
73.38000 4.511
73.40000 1.677
73.42000 1.571
73.44000 2.787
73.46000 4.700
73.48000 1.865
73.50000 0.399
73.52000 1.552
73.54000 1.775
73.56000 -2.028
73.58000 -0.377
73.60000 -0.023
73.62000 3.204
73.64000 3.819
73.66000 2.823
73.68000 3.342
73.70000 3.771
73.72000 1.715
73.74000 0.000
73.76000 1.470
73.78000 0.091
73.80000 2.098
73.82000 2.692
73.84000 2.765
73.86000 3.412
73.88000 3.370
73.90000 2.570
73.92000 1.512
73.94000 1.347
73.96000 0.088
73.98000 3.069
74.00000 4.128
74.02000 4.946
74.04000 5.348
74.06000 1.438
74.08000 -0.729
74.10000 1.992
74.12000 -2.032
74.14000 -0.030
74.16000 3.929
74.18000 -1.934
74.20000 -1.973
74.22000 -0.772
74.24000 1.589
74.26000 1.367
74.28000 2.753
74.30000 0.606
74.32000 -1.469
74.34000 1.585
74.36000 -0.591
74.38000 -0.658
74.40000 -1.089
74.42000 -0.387
74.44000 1.704
74.46000 2.168
74.48000 2.065
74.50000 3.043
74.52000 3.247
74.54000 5.256
74.56000 2.325
74.58000 0.827
74.60000 2.224
74.62000 2.638
74.64000 1.243
74.66000 -0.049
74.68000 -0.825
74.70000 3.428
74.72000 2.680
74.74000 1.704
74.76000 3.928
74.78000 4.189
74.80000 4.210
74.82000 3.172
74.84000 4.364
74.86000 3.717
74.88000 -1.200
74.90000 -2.051
74.92000 1.548
74.94000 2.358
74.96000 1.921
74.98000 0.475
75.00000 2.251
75.02000 -0.440
75.04000 2.578
75.06000 2.988
75.08000 2.375
75.10000 -0.383
75.12000 -0.074
75.14000 -1.770
75.16000 1.736
75.18000 0.776
75.20000 1.182
75.22000 2.685
75.24000 -0.568
75.26000 1.632
75.28000 2.141
75.30000 3.933
75.32000 1.766
75.34000 1.174
75.36000 0.094
75.38000 -0.141
75.40000 1.118
75.42000 1.364
75.44000 1.467
75.46000 0.631
75.48000 0.968
75.50000 0.692
75.52000 1.149
75.54000 4.103
75.56000 5.171
75.58000 3.282
75.60000 1.950
75.62000 -0.104
75.64000 0.927
75.66000 0.869
75.68000 -2.077
75.70000 -1.486
75.72000 1.297
75.74000 4.662
75.76000 3.646
75.78000 3.563
75.80000 1.536
75.82000 1.441
75.84000 5.372
75.86000 7.555
75.88000 9.313
75.90000 3.913
75.92000 3.613
75.94000 4.293
75.96000 4.111
75.98000 0.900
76.00000 -1.166
76.02000 -1.629
76.04000 1.342
76.06000 4.342
76.08000 3.927
76.10000 2.801
76.12000 -0.590
76.14000 -0.035
76.16000 -0.262
76.18000 -2.079
76.20000 -1.421
76.22000 1.220
76.24000 2.349
76.26000 4.720
76.28000 6.055
76.30000 0.988
76.32000 3.135
76.34000 2.243
76.36000 0.859
76.38000 2.581
76.40000 1.255
76.42000 0.839
76.44000 0.071
76.46000 -1.743
76.48000 -2.040
76.50000 1.024
76.52000 1.900
76.54000 6.163
76.56000 7.761
76.58000 4.891
76.60000 1.303
76.62000 -0.912
76.64000 0.581
76.66000 2.347
76.68000 1.668
76.70000 -1.411
76.72000 -2.117
76.74000 -0.843
76.76000 -0.169
76.78000 1.886
76.80000 1.779
76.82000 1.136
76.84000 -0.614
76.86000 0.622
76.88000 2.713
76.90000 1.831
76.92000 4.122
76.94000 4.609
76.96000 5.116
76.98000 2.599
77.00000 1.263
77.02000 3.052
77.04000 3.638
77.06000 1.701
77.08000 0.736
77.10000 -0.367
77.12000 2.459
77.14000 3.481
77.16000 2.042
77.18000 2.521
77.20000 1.514
77.22000 0.895
77.24000 3.491
77.26000 3.068
77.28000 0.888
77.30000 -2.153
77.32000 2.360
77.34000 3.131
77.36000 2.348
77.38000 3.268
77.40000 1.288
77.42000 3.132
77.44000 1.779
77.46000 -0.091
77.48000 3.705
77.50000 3.905
77.52000 4.436
77.54000 4.376
77.56000 2.737
77.58000 0.734
77.60000 2.575
77.62000 3.850
77.64000 3.050
77.66000 4.559
77.68000 5.516
77.70000 3.685
77.72000 4.055
77.74000 4.220
77.76000 5.314
77.78000 1.298
77.80000 4.799
77.82000 3.508
77.84000 -0.599
77.86000 1.994
77.88000 2.712
77.90000 1.108
77.92000 1.652
77.94000 3.611
77.96000 4.575
77.98000 4.931
78.00000 3.469
78.02000 3.966
78.04000 6.092
78.06000 7.157
78.08000 4.094
78.10000 4.341
78.12000 2.357
78.14000 6.160
78.16000 9.098
78.18000 11.042
78.20000 10.552
78.22000 5.777
78.24000 7.012
78.26000 8.176
78.28000 9.125
78.30000 8.063
78.32000 8.312
78.34000 12.789
78.36000 12.614
78.38000 13.677
78.40000 15.829
78.42000 20.346
78.44000 16.652
78.46000 15.179
78.48000 16.102
78.50000 16.521
78.52000 19.677
78.54000 22.070
78.56000 24.859
78.58000 23.279
78.60000 25.159
78.62000 22.309
78.64000 22.274
78.66000 21.553
78.68000 23.795
78.70000 24.544
78.72000 27.553
78.74000 26.294
78.76000 24.952
78.78000 28.870
78.80000 27.067
78.82000 26.315
78.84000 30.312
78.86000 30.827
78.88000 30.206
78.90000 33.754
78.92000 35.858
78.94000 32.638
78.96000 29.279
78.98000 29.486
79.00000 34.731
79.02000 32.182
79.04000 29.438
79.06000 28.219
79.08000 32.079
79.10000 28.989
79.12000 22.220
79.14000 21.849
79.16000 24.328
79.18000 20.915
79.20000 20.529
79.22000 25.757
79.24000 20.245
79.26000 20.397
79.28000 20.081
79.30000 18.769
79.32000 18.296
79.34000 18.534
79.36000 17.964
79.38000 16.828
79.40000 15.264
79.42000 15.185
79.44000 12.704
79.46000 15.163
79.48000 13.631
79.50000 10.132
79.52000 10.000
79.54000 11.271
79.56000 12.006
79.58000 10.646
79.60000 8.243
79.62000 6.009
79.64000 6.614
79.66000 10.292
79.68000 7.827
79.70000 3.355
79.72000 3.290
79.74000 4.953
79.76000 8.149
79.78000 5.688
79.80000 6.846
79.82000 6.146
79.84000 6.577
79.86000 7.580
79.88000 6.798
79.90000 8.216
79.92000 4.791
79.94000 5.072
79.96000 5.141
79.98000 2.193
80.00000 2.079
80.02000 2.891
80.04000 0.227
80.06000 1.468
80.08000 2.980
80.10000 1.280
80.12000 4.584
80.14000 -0.566
80.16000 1.941
80.18000 4.242
80.20000 0.988
80.22000 2.891
80.24000 1.403
80.26000 2.986
80.28000 2.789
80.30000 2.588
80.32000 -0.711
80.34000 -0.310
80.36000 1.543
80.38000 2.719
80.40000 6.264
80.42000 7.660
80.44000 3.324
80.46000 3.687
80.48000 0.801
80.50000 0.636
80.52000 5.421
80.54000 2.888
80.56000 -1.391
80.58000 1.616
80.60000 2.742
80.62000 1.158
80.64000 1.969
80.66000 1.491
80.68000 -2.335
80.70000 -0.494
80.72000 1.467
80.74000 4.185
80.76000 3.802
80.78000 0.243
80.80000 0.394
80.82000 -1.588
80.84000 -0.655
80.86000 1.958
80.88000 6.161
80.90000 0.738
80.92000 0.727
80.94000 1.566
80.96000 2.635
80.98000 1.510
81.00000 6.254
81.02000 1.076
81.04000 -1.117
81.06000 -1.483
81.08000 -0.599
81.10000 0.005
81.12000 2.163
81.14000 0.898
81.16000 0.396
81.18000 3.039
81.20000 4.662
81.22000 4.077
81.24000 3.748
81.26000 4.070
81.28000 2.513
81.30000 5.874
81.32000 3.749
81.34000 1.599
81.36000 1.316
81.38000 1.366
81.40000 3.515
81.42000 2.671
81.44000 3.629
81.46000 2.146
81.48000 4.877
81.50000 4.015
81.52000 8.435
81.54000 11.779
81.56000 7.640
81.58000 8.858
81.60000 6.977
81.62000 6.610
81.64000 3.846
81.66000 4.881
81.68000 6.074
81.70000 7.932
81.72000 6.876
81.74000 7.420
81.76000 10.122
81.78000 8.631
81.80000 8.873
81.82000 8.173
81.84000 12.920
81.86000 10.403
81.88000 12.038
81.90000 11.878
81.92000 9.029
81.94000 9.748
81.96000 6.919
81.98000 7.864
82.00000 13.873
82.02000 12.092
82.04000 13.648
82.06000 14.920
82.08000 13.225
82.10000 11.366
82.12000 14.024
82.14000 16.768
82.16000 21.156
82.18000 18.264
82.20000 19.157
82.22000 17.404
82.24000 19.751
82.26000 22.398
82.28000 26.788
82.30000 22.925
82.32000 25.218
82.34000 26.041
82.36000 29.251
82.38000 26.984
82.40000 26.730
82.42000 33.406
82.44000 36.463
82.46000 35.690
82.48000 37.118
82.50000 39.007
82.52000 39.701
82.54000 38.990
82.56000 36.914
82.58000 40.182
82.60000 41.491
82.62000 48.543
82.64000 53.289
82.66000 53.278
82.68000 49.282
82.70000 54.858
82.72000 55.934
82.74000 58.572
82.76000 61.231
82.78000 66.141
82.80000 69.056
82.82000 69.326
82.84000 73.528
82.86000 73.268
82.88000 77.448
82.90000 75.240
82.92000 74.468
82.94000 80.115
82.96000 81.269
82.98000 76.099
83.00000 83.162
83.02000 86.156
83.04000 83.616
83.06000 83.194
83.08000 83.739
83.10000 86.037
83.12000 87.503
83.14000 88.119
83.16000 88.982
83.18000 84.455
83.20000 78.911
83.22000 76.570
83.24000 80.943
83.26000 79.211
83.28000 80.158
83.30000 76.240
83.32000 77.413
83.34000 76.226
83.36000 69.578
83.38000 64.900
83.40000 61.716
83.42000 61.729
83.44000 56.544
83.46000 55.914
83.48000 55.100
83.50000 53.949
83.52000 52.242
83.54000 49.184
83.56000 48.568
83.58000 45.332
83.60000 34.665
83.62000 37.600
83.64000 37.669
83.66000 33.962
83.68000 32.154
83.70000 31.325
83.72000 28.796
83.74000 21.617
83.76000 21.713
83.78000 22.142
83.80000 24.504
83.82000 24.139
83.84000 23.924
83.86000 21.649
83.88000 17.913
83.90000 15.515
83.92000 15.201
83.94000 12.032
83.96000 13.495
83.98000 11.454
84.00000 10.893
84.02000 9.257
84.04000 9.955
84.06000 9.139
84.08000 5.379
84.10000 7.329
84.12000 9.626
84.14000 8.416
84.16000 5.900
84.18000 5.625
84.20000 7.406
84.22000 3.987
84.24000 3.605
84.26000 4.271
84.28000 4.223
84.30000 3.017
84.32000 -0.466
84.34000 -1.270
84.36000 5.213
84.38000 4.770
84.40000 7.318
84.42000 2.756
84.44000 -0.235
84.46000 2.552
84.48000 0.220
84.50000 -1.706
84.52000 0.135
84.54000 1.225
84.56000 1.623
84.58000 0.994
84.60000 -0.178
84.62000 1.245
84.64000 2.165
84.66000 0.649
84.68000 6.894
84.70000 5.924
84.72000 3.602
84.74000 3.658
84.76000 0.280
84.78000 -1.227
84.80000 -2.164
84.82000 -1.582
84.84000 0.902
84.86000 -0.904
84.88000 2.646
84.90000 1.657
84.92000 1.824
84.94000 0.450
84.96000 -1.466
84.98000 3.410
85.00000 1.369
85.02000 -0.823
85.04000 -1.394
85.06000 -0.343
85.08000 -0.543
85.10000 -1.005
85.12000 1.691
85.14000 4.641
85.16000 1.577
85.18000 0.457
85.20000 1.258
85.22000 -0.959
85.24000 -0.194
85.26000 1.900
85.28000 3.816
85.30000 3.687
85.32000 1.519
85.34000 2.996
85.36000 3.995
85.38000 2.687
85.40000 4.384
85.42000 1.290
85.44000 -2.052
85.46000 0.324
85.48000 2.605
85.50000 2.384
85.52000 2.438
85.54000 0.483
85.56000 1.825
85.58000 2.522
85.60000 -0.082
85.62000 -1.485
85.64000 -1.867
85.66000 2.036
85.68000 1.423
85.70000 -2.008
85.72000 -1.287
85.74000 1.113
85.76000 1.668
85.78000 1.172
85.80000 3.594
85.82000 6.046
85.84000 5.283
85.86000 4.522
85.88000 3.375
85.90000 3.944
85.92000 0.375
85.94000 1.220
85.96000 1.164
85.98000 -1.867
86.00000 -1.987
86.02000 0.323
86.04000 3.554
86.06000 4.002
86.08000 1.925
86.10000 2.788
86.12000 0.452
86.14000 4.622
86.16000 3.634
86.18000 1.074
86.20000 3.733
86.22000 4.658
86.24000 0.891
86.26000 1.137
86.28000 0.983
86.30000 4.515
86.32000 5.804
86.34000 3.234
86.36000 1.652
86.38000 1.903
86.40000 2.696
86.42000 3.962
86.44000 3.050
86.46000 1.602
86.48000 2.417
86.50000 0.695
86.52000 -0.150
86.54000 -1.964
86.56000 -1.644
86.58000 -1.811
86.60000 1.965
86.62000 2.131
86.64000 1.776
86.66000 2.072
86.68000 1.259
86.70000 3.482
86.72000 3.665
86.74000 0.711
86.76000 2.493
86.78000 1.054
86.80000 1.648
86.82000 -1.068
86.84000 -1.273
86.86000 0.587
86.88000 -1.195
86.90000 1.459
86.92000 4.189
86.94000 3.485
86.96000 2.248
86.98000 1.223
87.00000 2.468
87.02000 0.168
87.04000 3.024
87.06000 1.440
87.08000 2.382
87.10000 3.672
87.12000 3.346
87.14000 5.667
87.16000 4.701
87.18000 3.058
87.20000 1.824
87.22000 1.774
87.24000 3.806
87.26000 1.886
87.28000 -1.351
87.30000 0.837
87.32000 0.120
87.34000 -1.020
87.36000 -0.288
87.38000 0.058
87.40000 2.856
87.42000 3.318
87.44000 2.010
87.46000 1.354
87.48000 -0.189
87.50000 3.765
87.52000 4.725
87.54000 2.673
87.56000 2.062
87.58000 1.903
87.60000 2.737
87.62000 4.131
87.64000 2.866
87.66000 2.050
87.68000 0.687
87.70000 0.881
87.72000 0.039
87.74000 -1.928
87.76000 -1.051
87.78000 1.223
87.80000 5.052
87.82000 3.526
87.84000 4.186
87.86000 3.895
87.88000 1.217
87.90000 -0.370
87.92000 2.799
87.94000 4.374
87.96000 2.902
87.98000 -0.383
88.00000 1.888
88.02000 5.623
88.04000 1.711
88.06000 3.023
88.08000 2.457
88.10000 2.075
88.12000 0.312
88.14000 -1.926
88.16000 1.228
88.18000 3.796
88.20000 1.437
88.22000 2.961
88.24000 6.867
88.26000 3.431
88.28000 2.589
88.30000 2.678
88.32000 1.309
88.34000 0.912
88.36000 -1.001
88.38000 0.916
88.40000 0.010
88.42000 1.538
88.44000 3.533
88.46000 -1.432
88.48000 -0.833
88.50000 1.340
88.52000 2.730
88.54000 2.079
88.56000 2.797
88.58000 2.692
88.60000 5.613
88.62000 1.553
88.64000 1.155
88.66000 3.217
88.68000 1.621
88.70000 -1.166
88.72000 2.256
88.74000 4.464
88.76000 0.412
88.78000 -0.535
88.80000 0.124
88.82000 -1.013
88.84000 0.463
88.86000 -1.009
88.88000 -1.938
88.90000 1.713
88.92000 2.039
88.94000 1.749
88.96000 1.116
88.98000 1.196
89.00000 1.976
89.02000 4.330
89.04000 0.525
89.06000 -0.144
89.08000 -0.320
89.10000 1.526
89.12000 1.848
89.14000 1.562
89.16000 -1.041
89.18000 -0.666
89.20000 1.127
89.22000 3.121
89.24000 4.710
89.26000 0.665
89.28000 0.697
89.30000 1.893
89.32000 2.545
89.34000 -1.370
89.36000 1.226
89.38000 1.414
89.40000 2.085
89.42000 2.607
89.44000 0.431
89.46000 -0.519
89.48000 0.028
89.50000 2.502
89.52000 0.187
89.54000 -1.514
89.56000 4.656
89.58000 5.741
89.60000 4.728
89.62000 4.185
89.64000 1.117
89.66000 1.903
89.68000 2.959
89.70000 -0.445
89.72000 -1.912
89.74000 0.753
89.76000 2.039
89.78000 1.821
89.80000 1.605
89.82000 -0.793
89.84000 2.234
89.86000 3.206
89.88000 1.048
89.90000 -1.913
89.92000 -1.814
89.94000 1.706
89.96000 3.669
89.98000 5.805
90.00000 7.178
90.02000 5.193
90.04000 3.814
90.06000 4.500
90.08000 1.789
90.10000 2.207
90.12000 0.255
90.14000 0.936
90.16000 0.891
90.18000 0.408
90.20000 3.323
90.22000 1.707
90.24000 3.341
90.26000 2.229
90.28000 0.298
90.30000 -0.929
90.32000 1.358
90.34000 3.131
90.36000 4.954
90.38000 2.086
90.40000 0.735
90.42000 1.896
90.44000 4.827
90.46000 3.500
90.48000 2.592
90.50000 1.790
90.52000 2.681
90.54000 2.171
90.56000 -0.900
90.58000 -0.322
90.60000 2.323
90.62000 5.822
90.64000 3.746
90.66000 2.790
90.68000 3.027
90.70000 0.876
90.72000 0.435
90.74000 2.110
90.76000 7.042
90.78000 4.909
90.80000 3.000
90.82000 -1.829
90.84000 -0.651
90.86000 0.760
90.88000 1.909
90.90000 5.856
90.92000 5.310
90.94000 1.409
90.96000 2.835
90.98000 3.962
91.00000 -1.880
91.02000 -0.337
91.04000 3.026
91.06000 3.916
91.08000 0.551
91.10000 -0.835
91.12000 -0.889
91.14000 3.261
91.16000 4.270
91.18000 1.747
91.20000 2.129
91.22000 2.397
91.24000 1.280
91.26000 1.098
91.28000 2.095
91.30000 2.879
91.32000 3.374
91.34000 0.933
91.36000 3.156
91.38000 1.993
91.40000 3.658
91.42000 2.599
91.44000 0.967
91.46000 3.048
91.48000 1.909
91.50000 0.160
91.52000 3.048
91.54000 4.500
91.56000 4.222
91.58000 1.125
91.60000 -0.687
91.62000 2.153
91.64000 3.485
91.66000 4.170
91.68000 4.164
91.70000 1.514
91.72000 1.644
91.74000 1.774
91.76000 0.944
91.78000 2.354
91.80000 2.012
91.82000 4.446
91.84000 3.466
91.86000 -0.269
91.88000 0.102
91.90000 1.855
91.92000 1.374
91.94000 0.281
91.96000 0.822
91.98000 -0.427
92.00000 -1.626
92.02000 2.298
92.04000 0.391
92.06000 1.149
92.08000 2.125
92.10000 -0.154
92.12000 -0.002
92.14000 4.572
92.16000 6.699
92.18000 7.095
92.20000 6.656
92.22000 3.367
92.24000 2.943
92.26000 1.488
92.28000 3.051
92.30000 5.367
92.32000 3.332
92.34000 0.489
92.36000 -1.893
92.38000 0.242
92.40000 -0.038
92.42000 -0.434
92.44000 3.444
92.46000 2.968
92.48000 1.021
92.50000 -0.404
92.52000 5.953
92.54000 5.100
92.56000 3.611
92.58000 1.241
92.60000 3.768
92.62000 2.368
92.64000 1.306
92.66000 -0.543
92.68000 0.807
92.70000 4.018
92.72000 6.773
92.74000 5.970
92.76000 2.316
92.78000 1.596
92.80000 0.500
92.82000 0.873
92.84000 1.288
92.86000 1.011
92.88000 3.919
92.90000 4.348
92.92000 3.433
92.94000 3.284
92.96000 2.946
92.98000 3.770
93.00000 4.063
93.02000 -1.549
93.04000 -0.054
93.06000 1.024
93.08000 2.595
93.10000 3.935
93.12000 -1.092
93.14000 -0.105
93.16000 -0.102
93.18000 -0.026
93.20000 2.082
93.22000 6.618
93.24000 7.425
93.26000 3.945
93.28000 1.409
93.30000 0.378
93.32000 2.749
93.34000 4.603
93.36000 5.951
93.38000 0.505
93.40000 -0.120
93.42000 4.251
93.44000 6.032
93.46000 4.282
93.48000 2.474
93.50000 1.727
93.52000 -0.359
93.54000 4.479
93.56000 4.507
93.58000 2.800
93.60000 1.544
93.62000 3.052
93.64000 0.576
93.66000 1.137
93.68000 1.905
93.70000 1.138
93.72000 1.895
93.74000 0.173
93.76000 -0.861
93.78000 3.147
93.80000 2.950
93.82000 3.284
93.84000 4.758
93.86000 5.276
93.88000 10.158
93.90000 8.948
93.92000 5.804
93.94000 3.190
93.96000 4.360
93.98000 0.756
94.00000 1.427
94.02000 3.894
94.04000 0.991
94.06000 1.329
94.08000 3.338
94.10000 2.140
94.12000 2.229
94.14000 4.853
94.16000 7.059
94.18000 4.607
94.20000 4.057
94.22000 0.077
94.24000 -0.554
94.26000 0.577
94.28000 -1.878
94.30000 -0.647
94.32000 1.870
94.34000 4.333
94.36000 3.900
94.38000 7.926
94.40000 8.075
94.42000 7.957
94.44000 5.083
94.46000 5.006
94.48000 2.992
94.50000 0.907
94.52000 4.197
94.54000 5.218
94.56000 2.573
94.58000 4.052
94.60000 3.586
94.62000 0.787
94.64000 4.319
94.66000 4.207
94.68000 6.993
94.70000 3.503
94.72000 5.272
94.74000 6.134
94.76000 6.399
94.78000 4.437
94.80000 3.816
94.82000 4.254
94.84000 6.052
94.86000 6.039
94.88000 5.527
94.90000 7.911
94.92000 7.460
94.94000 2.372
94.96000 1.250
94.98000 1.626
95.00000 4.309
95.02000 0.576
95.04000 3.917
95.06000 8.672
95.08000 7.136
95.10000 4.418
95.12000 3.401
95.14000 3.141
95.16000 4.161
95.18000 4.426
95.20000 2.793
95.22000 0.889
95.24000 4.472
95.26000 5.329
95.28000 9.515
95.30000 5.228
95.32000 2.901
95.34000 3.332
95.36000 4.889
95.38000 6.149
95.40000 5.966
95.42000 2.838
95.44000 0.448
95.46000 1.063
95.48000 2.343
95.50000 3.868
95.52000 6.723
95.54000 3.780
95.56000 1.123
95.58000 4.373
95.60000 3.658
95.62000 2.370
95.64000 2.193
95.66000 2.011
95.68000 4.217
95.70000 5.608
95.72000 8.339
95.74000 7.501
95.76000 2.922
95.78000 2.878
95.80000 3.815
95.82000 3.259
95.84000 3.851
95.86000 6.757
95.88000 5.371
95.90000 3.635
95.92000 1.942
95.94000 3.014
95.96000 5.579
95.98000 8.098
96.00000 8.325
96.02000 10.000
96.04000 11.104
96.06000 6.268
96.08000 6.907
96.10000 7.661
96.12000 5.790
96.14000 7.723
96.16000 10.025
96.18000 6.224
96.20000 3.670
96.22000 1.172
96.24000 9.917
96.26000 9.349
96.28000 6.123
96.30000 1.969
96.32000 -1.865
96.34000 4.419
96.36000 2.277
96.38000 3.475
96.40000 7.537
96.42000 11.597
96.44000 7.397
96.46000 6.641
96.48000 6.435
96.50000 7.513
96.52000 8.904
96.54000 5.862
96.56000 4.326
96.58000 4.636
96.60000 3.666
96.62000 5.508
96.64000 4.091
96.66000 5.728
96.68000 4.957
96.70000 3.829
96.72000 3.579
96.74000 4.703
96.76000 3.464
96.78000 1.638
96.80000 5.292
96.82000 3.925
96.84000 5.188
96.86000 7.620
96.88000 4.102
96.90000 6.413
96.92000 4.582
96.94000 3.661
96.96000 5.842
96.98000 2.896
97.00000 5.251
97.02000 3.392
97.04000 1.314
97.06000 7.500
97.08000 8.911
97.10000 5.986
97.12000 1.742
97.14000 0.623
97.16000 5.697
97.18000 3.734
97.20000 3.706
97.22000 5.224
97.24000 4.334
97.26000 4.617
97.28000 4.260
97.30000 1.863
97.32000 4.194
97.34000 4.735
97.36000 3.024
97.38000 3.502
97.40000 6.161
97.42000 8.245
97.44000 5.936
97.46000 4.772
97.48000 4.263
97.50000 2.980
97.52000 1.891
97.54000 8.514
97.56000 7.213
97.58000 4.452
97.60000 3.740
97.62000 3.056
97.64000 2.392
97.66000 -0.377
97.68000 6.044
97.70000 6.363
97.72000 4.992
97.74000 4.629
97.76000 4.551
97.78000 4.929
97.80000 3.665
97.82000 6.575
97.84000 3.705
97.86000 6.176
97.88000 8.685
97.90000 8.668
97.92000 6.438
97.94000 3.394
97.96000 4.004
97.98000 -0.403
98.00000 -1.850
98.02000 4.299
98.04000 0.492
98.06000 2.777
98.08000 0.755
98.10000 -1.885
98.12000 1.626
98.14000 4.366
98.16000 5.066
98.18000 8.375
98.20000 15.904
98.22000 9.250
98.24000 6.610
98.26000 2.219
98.28000 3.149
98.30000 4.051
98.32000 3.037
98.34000 3.939
98.36000 10.252
98.38000 6.178
98.40000 -1.402
98.42000 7.166
98.44000 8.547
98.46000 4.814
98.48000 8.137
98.50000 4.938
98.52000 7.127
98.54000 7.603
98.56000 2.039
98.58000 -0.411
98.60000 3.961
98.62000 12.922
98.64000 9.444
98.66000 4.998
98.68000 4.691
98.70000 8.503
98.72000 3.023
98.74000 2.755
98.76000 4.901
98.78000 6.824
98.80000 9.201
98.82000 8.694
98.84000 6.995
98.86000 8.749
98.88000 5.554
98.90000 9.618
98.92000 11.232
98.94000 3.030
98.96000 5.611
98.98000 9.216
99.00000 13.083
99.02000 5.703
99.04000 7.474
99.06000 8.130
99.08000 9.957
99.10000 3.040
99.12000 6.155
99.14000 7.158
99.16000 10.241
99.18000 7.683
99.20000 6.647
99.22000 6.614
99.24000 7.236
99.26000 8.675
99.28000 2.143
99.30000 2.057
99.32000 6.737
99.34000 4.630
99.36000 5.947
99.38000 -4.500
99.40000 2.985
99.42000 11.908
99.44000 6.805
99.46000 5.318
99.48000 6.153
99.50000 4.503
99.52000 5.732
99.54000 4.456
99.56000 3.089
99.58000 6.826
99.60000 0.662
99.62000 3.751
99.64000 -1.646
99.66000 1.037
99.68000 4.265
99.70000 -0.627
99.72000 2.000
99.74000 1.414
99.76000 0.181
99.78000 0.393
99.80000 3.726
99.82000 0.744
99.84000 3.211
99.86000 4.313
99.88000 -1.722
99.90000 0.065
99.92000 1.323
99.94000 -2.084
99.96000 -2.155
99.98000 0.000
