'Id: "0011388" Comment: "Integrate frame 0011388_Au-Ir-Rh_Rh-rich_XRD-Mapping-207-0000.gfrmwith cursor Wedge Cursor #5" Operator: "B?rgel" Anode: "Cu" Wavelength: "1.5406" Scantype: "2Theta (TwoTheta)" TimePerStep: "1" X: "-9" Y: "9" Z: "5.95" 
10.00000 0.000
10.02000 -4.240
10.04000 3.886
10.06000 5.042
10.08000 4.284
10.10000 -0.604
10.12000 17.867
10.14000 12.817
10.16000 19.051
10.18000 17.572
10.20000 4.121
10.22000 -0.554
10.24000 -0.713
10.26000 3.295
10.28000 9.979
10.30000 13.614
10.32000 15.593
10.34000 -4.206
10.36000 20.809
10.38000 16.754
10.40000 8.122
10.42000 22.531
10.44000 19.546
10.46000 20.331
10.48000 16.924
10.50000 2.217
10.52000 8.531
10.54000 14.986
10.56000 19.024
10.58000 20.638
10.60000 13.806
10.62000 7.374
10.64000 4.119
10.66000 -0.732
10.68000 -4.260
10.70000 11.771
10.72000 9.479
10.74000 22.754
10.76000 35.930
10.78000 26.031
10.80000 24.160
10.82000 21.939
10.84000 8.017
10.86000 12.692
10.88000 6.409
10.90000 22.743
10.92000 24.075
10.94000 18.839
10.96000 10.256
10.98000 14.999
11.00000 22.150
11.02000 16.899
11.04000 25.419
11.06000 31.186
11.08000 34.895
11.10000 13.245
11.12000 3.140
11.14000 -4.275
11.16000 13.623
11.18000 20.556
11.20000 7.051
11.22000 7.283
11.24000 20.619
11.26000 20.550
11.28000 22.764
11.30000 18.402
11.32000 20.194
11.34000 28.519
11.36000 21.943
11.38000 25.386
11.40000 27.471
11.42000 16.646
11.44000 15.091
11.46000 24.271
11.48000 18.385
11.50000 21.135
11.52000 10.768
11.54000 10.022
11.56000 20.081
11.58000 23.621
11.60000 13.920
11.62000 22.910
11.64000 23.580
11.66000 11.745
11.68000 14.669
11.70000 20.732
11.72000 11.366
11.74000 6.260
11.76000 7.222
11.78000 9.926
11.80000 3.878
11.82000 7.804
11.84000 14.562
11.86000 26.033
11.88000 23.514
11.90000 19.414
11.92000 13.155
11.94000 11.502
11.96000 18.618
11.98000 19.264
12.00000 15.869
12.02000 15.670
12.04000 18.462
12.06000 10.032
12.08000 9.712
12.10000 11.827
12.12000 16.600
12.14000 16.338
12.16000 14.785
12.18000 5.323
12.20000 10.747
12.22000 13.029
12.24000 9.509
12.26000 16.005
12.28000 25.782
12.30000 25.308
12.32000 24.831
12.34000 8.575
12.36000 9.321
12.38000 14.204
12.40000 18.951
12.42000 11.773
12.44000 12.296
12.46000 7.616
12.48000 5.558
12.50000 12.174
12.52000 11.555
12.54000 8.526
12.56000 18.488
12.58000 11.110
12.60000 14.414
12.62000 16.547
12.64000 16.848
12.66000 19.698
12.68000 11.305
12.70000 16.942
12.72000 10.259
12.74000 6.435
12.76000 18.749
12.78000 16.937
12.80000 27.977
12.82000 18.517
12.84000 9.268
12.86000 7.304
12.88000 5.135
12.90000 7.801
12.92000 14.574
12.94000 24.131
12.96000 11.917
12.98000 9.658
13.00000 13.956
13.02000 15.934
13.04000 20.864
13.06000 24.190
13.08000 22.886
13.10000 14.461
13.12000 14.586
13.14000 21.659
13.16000 18.344
13.18000 13.864
13.20000 8.895
13.22000 14.170
13.24000 12.463
13.26000 16.265
13.28000 10.078
13.30000 12.023
13.32000 13.005
13.34000 5.912
13.36000 11.169
13.38000 10.197
13.40000 15.319
13.42000 11.119
13.44000 18.627
13.46000 21.166
13.48000 19.284
13.50000 25.509
13.52000 17.924
13.54000 5.595
13.56000 2.930
13.58000 4.635
13.60000 2.587
13.62000 5.975
13.64000 12.225
13.66000 10.684
13.68000 11.852
13.70000 8.944
13.72000 2.571
13.74000 4.482
13.76000 11.803
13.78000 15.516
13.80000 2.954
13.82000 -1.266
13.84000 6.956
13.86000 6.794
13.88000 4.373
13.90000 2.003
13.92000 11.605
13.94000 13.951
13.96000 9.942
13.98000 7.392
14.00000 21.831
14.02000 18.682
14.04000 12.001
14.06000 9.639
14.08000 7.942
14.10000 11.638
14.12000 16.681
14.14000 8.924
14.16000 0.524
14.18000 -1.515
14.20000 1.191
14.22000 10.051
14.24000 22.807
14.26000 14.024
14.28000 13.117
14.30000 8.730
14.32000 9.837
14.34000 14.432
14.36000 14.338
14.38000 8.677
14.40000 14.573
14.42000 10.876
14.44000 5.110
14.46000 9.076
14.48000 6.690
14.50000 9.201
14.52000 3.403
14.54000 7.619
14.56000 10.487
14.58000 4.097
14.60000 -1.358
14.62000 -0.594
14.64000 -0.067
14.66000 8.798
14.68000 7.490
14.70000 12.334
14.72000 11.105
14.74000 1.308
14.76000 10.959
14.78000 4.979
14.80000 -3.823
14.82000 6.104
14.84000 2.111
14.86000 -3.288
14.88000 5.905
14.90000 12.556
14.92000 9.235
14.94000 12.352
14.96000 15.983
14.98000 6.366
15.00000 8.762
15.02000 16.019
15.04000 12.000
15.06000 8.480
15.08000 16.653
15.10000 10.938
15.12000 14.828
15.14000 9.771
15.16000 11.648
15.18000 14.265
15.20000 9.966
15.22000 14.819
15.24000 16.534
15.26000 14.921
15.28000 12.860
15.30000 10.506
15.32000 10.508
15.34000 14.425
15.36000 15.551
15.38000 9.708
15.40000 3.107
15.42000 13.274
15.44000 12.889
15.46000 12.659
15.48000 4.241
15.50000 1.196
15.52000 11.343
15.54000 9.440
15.56000 15.152
15.58000 14.641
15.60000 8.892
15.62000 6.458
15.64000 7.256
15.66000 2.193
15.68000 5.776
15.70000 6.944
15.72000 6.707
15.74000 7.045
15.76000 2.425
15.78000 4.797
15.80000 1.738
15.82000 7.947
15.84000 7.407
15.86000 15.591
15.88000 12.457
15.90000 -4.416
15.92000 -2.147
15.94000 6.831
15.96000 10.685
15.98000 1.918
16.00000 5.973
16.02000 12.444
16.04000 16.495
16.06000 14.832
16.08000 15.911
16.10000 16.876
16.12000 18.177
16.14000 13.989
16.16000 11.558
16.18000 2.298
16.20000 -1.302
16.22000 6.574
16.24000 12.599
16.26000 15.596
16.28000 5.202
16.30000 3.314
16.32000 1.022
16.34000 11.264
16.36000 12.375
16.38000 13.824
16.40000 6.610
16.42000 10.901
16.44000 13.360
16.46000 9.930
16.48000 13.185
16.50000 10.234
16.52000 -1.978
16.54000 -2.309
16.56000 3.995
16.58000 8.488
16.60000 -4.398
16.62000 -1.974
16.64000 7.297
16.66000 7.448
16.68000 3.455
16.70000 7.039
16.72000 8.192
16.74000 9.629
16.76000 9.589
16.78000 4.304
16.80000 5.079
16.82000 7.498
16.84000 16.600
16.86000 13.917
16.88000 9.326
16.90000 9.222
16.92000 12.840
16.94000 6.714
16.96000 2.814
16.98000 6.926
17.00000 5.730
17.02000 1.418
17.04000 5.650
17.06000 3.352
17.08000 4.158
17.10000 -0.460
17.12000 4.566
17.14000 5.810
17.16000 3.013
17.18000 1.083
17.20000 0.845
17.22000 6.907
17.24000 3.425
17.26000 -0.123
17.28000 2.570
17.30000 7.748
17.32000 6.755
17.34000 4.907
17.36000 -0.307
17.38000 2.548
17.40000 9.555
17.42000 0.357
17.44000 -0.156
17.46000 3.241
17.48000 6.418
17.50000 18.772
17.52000 13.312
17.54000 8.264
17.56000 11.763
17.58000 13.569
17.60000 5.050
17.62000 6.049
17.64000 3.068
17.66000 5.751
17.68000 8.054
17.70000 1.870
17.72000 0.034
17.74000 3.743
17.76000 10.254
17.78000 4.521
17.80000 0.318
17.82000 -1.987
17.84000 0.832
17.86000 6.050
17.88000 0.852
17.90000 -1.330
17.92000 1.019
17.94000 4.806
17.96000 8.008
17.98000 8.380
18.00000 4.925
18.02000 8.287
18.04000 2.332
18.06000 1.604
18.08000 2.121
18.10000 2.583
18.12000 0.573
18.14000 1.793
18.16000 4.552
18.18000 0.087
18.20000 -2.619
18.22000 3.059
18.24000 6.075
18.26000 4.880
18.28000 -4.352
18.30000 -0.004
18.32000 0.464
18.34000 0.458
18.36000 4.396
18.38000 11.893
18.40000 12.697
18.42000 4.137
18.44000 -1.450
18.46000 3.159
18.48000 7.910
18.50000 1.706
18.52000 -3.454
18.54000 -1.544
18.56000 -1.417
18.58000 0.639
18.60000 4.415
18.62000 1.876
18.64000 -3.348
18.66000 -1.822
18.68000 1.107
18.70000 1.490
18.72000 -1.641
18.74000 4.337
18.76000 1.222
18.78000 -0.825
18.80000 2.258
18.82000 4.392
18.84000 3.054
18.86000 -1.303
18.88000 4.162
18.90000 10.065
18.92000 4.826
18.94000 4.037
18.96000 3.118
18.98000 -0.230
19.00000 1.235
19.02000 3.448
19.04000 7.028
19.06000 4.443
19.08000 3.508
19.10000 -0.906
19.12000 -1.676
19.14000 0.034
19.16000 5.825
19.18000 11.514
19.20000 1.972
19.22000 -3.467
19.24000 -2.189
19.26000 -1.748
19.28000 -3.621
19.30000 -1.902
19.32000 5.245
19.34000 3.376
19.36000 -1.756
19.38000 4.942
19.40000 6.913
19.42000 2.190
19.44000 1.928
19.46000 -3.469
19.48000 -2.313
19.50000 0.176
19.52000 8.648
19.54000 5.097
19.56000 -3.418
19.58000 1.247
19.60000 7.124
19.62000 4.825
19.64000 1.941
19.66000 3.417
19.68000 3.838
19.70000 5.589
19.72000 2.344
19.74000 2.373
19.76000 3.500
19.78000 7.036
19.80000 -1.705
19.82000 2.879
19.84000 4.198
19.86000 4.081
19.88000 9.232
19.90000 4.690
19.92000 -1.520
19.94000 -1.434
19.96000 -1.316
19.98000 -3.026
20.00000 -0.457
20.02000 -0.064
20.04000 0.031
20.06000 -0.428
20.08000 -4.248
20.10000 -1.420
20.12000 -3.337
20.14000 1.090
20.16000 6.657
20.18000 0.571
20.20000 4.264
20.22000 7.037
20.24000 3.316
20.26000 -0.663
20.28000 1.678
20.30000 -0.070
20.32000 2.979
20.34000 1.868
20.36000 4.614
20.38000 3.603
20.40000 5.143
20.42000 3.066
20.44000 8.474
20.46000 9.459
20.48000 2.118
20.50000 5.325
20.52000 7.119
20.54000 8.046
20.56000 12.609
20.58000 9.172
20.60000 5.501
20.62000 0.626
20.64000 3.819
20.66000 5.825
20.68000 5.130
20.70000 5.846
20.72000 7.278
20.74000 4.479
20.76000 6.682
20.78000 3.307
20.80000 3.741
20.82000 9.897
20.84000 6.635
20.86000 4.497
20.88000 5.292
20.90000 4.397
20.92000 5.933
20.94000 3.287
20.96000 5.563
20.98000 8.201
21.00000 1.954
21.02000 1.845
21.04000 1.686
21.06000 3.575
21.08000 6.010
21.10000 8.056
21.12000 6.153
21.14000 1.568
21.16000 3.382
21.18000 2.567
21.20000 0.203
21.22000 -0.164
21.24000 5.742
21.26000 0.989
21.28000 4.545
21.30000 8.589
21.32000 3.504
21.34000 -2.595
21.36000 -4.136
21.38000 1.880
21.40000 7.261
21.42000 14.513
21.44000 12.075
21.46000 11.794
21.48000 7.560
21.50000 6.350
21.52000 10.663
21.54000 12.977
21.56000 8.002
21.58000 7.777
21.60000 9.380
21.62000 3.003
21.64000 -0.390
21.66000 7.593
21.68000 12.576
21.70000 11.333
21.72000 11.245
21.74000 7.771
21.76000 2.217
21.78000 4.436
21.80000 6.424
21.82000 6.083
21.84000 3.071
21.86000 -0.864
21.88000 -4.116
21.90000 -2.754
21.92000 0.484
21.94000 8.470
21.96000 8.015
21.98000 10.922
22.00000 11.583
22.02000 9.493
22.04000 2.025
22.06000 10.169
22.08000 8.851
22.10000 -1.162
22.12000 -0.942
22.14000 8.343
22.16000 3.420
22.18000 1.618
22.20000 4.675
22.22000 8.012
22.24000 9.791
22.26000 3.543
22.28000 0.934
22.30000 9.557
22.32000 10.350
22.34000 -1.684
22.36000 4.040
22.38000 6.682
22.40000 7.552
22.42000 1.613
22.44000 -0.014
22.46000 -0.420
22.48000 -2.508
22.50000 -3.564
22.52000 -0.828
22.54000 2.515
22.56000 -0.587
22.58000 4.584
22.60000 6.432
22.62000 2.271
22.64000 -1.476
22.66000 1.604
22.68000 -0.044
22.70000 0.188
22.72000 2.557
22.74000 7.439
22.76000 8.286
22.78000 3.114
22.80000 -3.676
22.82000 0.457
22.84000 4.221
22.86000 5.400
22.88000 3.213
22.90000 1.848
22.92000 7.300
22.94000 7.446
22.96000 2.402
22.98000 1.918
23.00000 6.571
23.02000 2.082
23.04000 1.729
23.06000 3.698
23.08000 2.652
23.10000 1.778
23.12000 -0.509
23.14000 -3.811
23.16000 2.523
23.18000 6.161
23.20000 6.784
23.22000 2.872
23.24000 2.583
23.26000 4.545
23.28000 9.676
23.30000 5.735
23.32000 8.720
23.34000 6.029
23.36000 2.336
23.38000 3.853
23.40000 7.573
23.42000 7.215
23.44000 4.198
23.46000 5.598
23.48000 7.702
23.50000 7.678
23.52000 1.269
23.54000 -4.059
23.56000 0.026
23.58000 4.251
23.60000 1.689
23.62000 -0.177
23.64000 3.349
23.66000 4.224
23.68000 6.831
23.70000 0.523
23.72000 3.494
23.74000 5.330
23.76000 4.297
23.78000 2.716
23.80000 -1.307
23.82000 4.288
23.84000 4.930
23.86000 11.337
23.88000 9.144
23.90000 4.505
23.92000 1.214
23.94000 0.425
23.96000 1.735
23.98000 0.198
24.00000 -3.118
24.02000 0.443
24.04000 7.525
24.06000 6.222
24.08000 0.807
24.10000 2.196
24.12000 2.224
24.14000 5.426
24.16000 13.706
24.18000 9.889
24.20000 6.344
24.22000 6.867
24.24000 3.976
24.26000 7.790
24.28000 11.423
24.30000 9.072
24.32000 12.448
24.34000 8.742
24.36000 3.910
24.38000 1.553
24.40000 4.064
24.42000 0.962
24.44000 3.420
24.46000 5.590
24.48000 8.261
24.50000 7.691
24.52000 6.805
24.54000 6.733
24.56000 -2.056
24.58000 3.247
24.60000 4.922
24.62000 4.274
24.64000 11.718
24.66000 8.176
24.68000 6.855
24.70000 -0.074
24.72000 -3.949
24.74000 0.522
24.76000 2.491
24.78000 4.313
24.80000 4.084
24.82000 6.932
24.84000 7.744
24.86000 7.406
24.88000 7.976
24.90000 11.482
24.92000 9.625
24.94000 8.981
24.96000 6.503
24.98000 3.516
25.00000 6.564
25.02000 6.266
25.04000 6.821
25.06000 15.227
25.08000 9.675
25.10000 2.219
25.12000 1.927
25.14000 1.347
25.16000 3.811
25.18000 6.725
25.20000 1.106
25.22000 -2.848
25.24000 0.309
25.26000 5.254
25.28000 6.621
25.30000 3.492
25.32000 1.438
25.34000 -1.425
25.36000 1.796
25.38000 3.894
25.40000 2.392
25.42000 4.651
25.44000 6.711
25.46000 3.812
25.48000 9.136
25.50000 7.040
25.52000 3.261
25.54000 4.622
25.56000 4.787
25.58000 2.814
25.60000 0.198
25.62000 5.026
25.64000 5.938
25.66000 6.378
25.68000 1.542
25.70000 4.734
25.72000 4.137
25.74000 6.649
25.76000 3.586
25.78000 3.195
25.80000 2.185
25.82000 4.964
25.84000 7.749
25.86000 6.626
25.88000 5.213
25.90000 2.929
25.92000 3.950
25.94000 2.065
25.96000 2.570
25.98000 4.735
26.00000 9.834
26.02000 5.334
26.04000 4.259
26.06000 10.406
26.08000 12.293
26.10000 5.156
26.12000 3.791
26.14000 2.322
26.16000 4.709
26.18000 8.434
26.20000 4.500
26.22000 -3.895
26.24000 1.454
26.26000 5.701
26.28000 7.257
26.30000 2.963
26.32000 8.350
26.34000 8.159
26.36000 2.685
26.38000 2.155
26.40000 5.730
26.42000 10.027
26.44000 1.845
26.46000 0.962
26.48000 8.796
26.50000 6.215
26.52000 0.950
26.54000 -2.235
26.56000 0.896
26.58000 -1.809
26.60000 -2.000
26.62000 5.720
26.64000 9.103
26.66000 7.153
26.68000 9.433
26.70000 9.228
26.72000 6.862
26.74000 5.525
26.76000 3.432
26.78000 4.056
26.80000 4.008
26.82000 4.085
26.84000 4.323
26.86000 5.178
26.88000 5.024
26.90000 0.504
26.92000 -0.857
26.94000 1.000
26.96000 7.725
26.98000 8.716
27.00000 3.236
27.02000 3.476
27.04000 2.685
27.06000 4.646
27.08000 3.927
27.10000 5.218
27.12000 1.843
27.14000 5.246
27.16000 5.790
27.18000 4.641
27.20000 9.431
27.22000 3.282
27.24000 5.781
27.26000 3.912
27.28000 1.202
27.30000 2.899
27.32000 0.769
27.34000 4.340
27.36000 3.190
27.38000 3.676
27.40000 4.079
27.42000 5.639
27.44000 6.288
27.46000 4.302
27.48000 1.515
27.50000 1.248
27.52000 -1.270
27.54000 3.330
27.56000 4.172
27.58000 5.980
27.60000 6.440
27.62000 3.896
27.64000 2.391
27.66000 4.669
27.68000 4.320
27.70000 5.882
27.72000 3.228
27.74000 9.028
27.76000 3.289
27.78000 -0.823
27.80000 5.464
27.82000 4.762
27.84000 4.268
27.86000 4.407
27.88000 5.512
27.90000 10.052
27.92000 0.324
27.94000 -0.801
27.96000 -3.785
27.98000 -1.190
28.00000 0.528
28.02000 -2.786
28.04000 2.542
28.06000 2.454
28.08000 6.464
28.10000 4.333
28.12000 2.355
28.14000 3.849
28.16000 3.725
28.18000 -0.386
28.20000 1.324
28.22000 4.510
28.24000 3.546
28.26000 2.216
28.28000 6.955
28.30000 10.394
28.32000 3.072
28.34000 3.321
28.36000 3.835
28.38000 5.739
28.40000 5.184
28.42000 5.178
28.44000 5.466
28.46000 6.823
28.48000 1.387
28.50000 5.074
28.52000 4.081
28.54000 2.240
28.56000 -3.705
28.58000 1.007
28.60000 0.202
28.62000 1.023
28.64000 -0.611
28.66000 -0.445
28.68000 0.949
28.70000 1.410
28.72000 3.671
28.74000 0.820
28.76000 2.529
28.78000 -1.285
28.80000 -1.397
28.82000 7.577
28.84000 3.052
28.86000 2.933
28.88000 0.991
28.90000 -0.123
28.92000 0.701
28.94000 4.924
28.96000 4.022
28.98000 2.626
29.00000 5.899
29.02000 3.423
29.04000 3.818
29.06000 3.458
29.08000 7.437
29.10000 10.529
29.12000 7.758
29.14000 7.780
29.16000 7.005
29.18000 2.875
29.20000 3.097
29.22000 4.030
29.24000 6.148
29.26000 8.240
29.28000 4.086
29.30000 3.530
29.32000 3.723
29.34000 2.086
29.36000 -1.047
29.38000 1.421
29.40000 1.676
29.42000 1.055
29.44000 -1.377
29.46000 -0.178
29.48000 6.012
29.50000 9.374
29.52000 7.072
29.54000 3.678
29.56000 3.598
29.58000 -0.171
29.60000 -3.711
29.62000 -1.911
29.64000 3.933
29.66000 8.443
29.68000 1.604
29.70000 0.505
29.72000 6.483
29.74000 7.667
29.76000 2.005
29.78000 2.365
29.80000 3.309
29.82000 5.414
29.84000 4.596
29.86000 6.571
29.88000 6.005
29.90000 7.317
29.92000 6.074
29.94000 9.325
29.96000 7.487
29.98000 1.119
30.00000 2.388
30.02000 2.206
30.04000 2.043
30.06000 4.359
30.08000 8.314
30.10000 3.872
30.12000 6.463
30.14000 8.397
30.16000 2.246
30.18000 -2.053
30.20000 -0.072
30.22000 2.670
30.24000 1.987
30.26000 2.561
30.28000 0.965
30.30000 2.785
30.32000 -0.031
30.34000 -1.510
30.36000 3.500
30.38000 8.498
30.40000 5.764
30.42000 0.891
30.44000 4.687
30.46000 4.851
30.48000 1.102
30.50000 -3.662
30.52000 2.430
30.54000 3.649
30.56000 2.298
30.58000 5.636
30.60000 5.848
30.62000 6.529
30.64000 5.289
30.66000 -1.264
30.68000 -0.710
30.70000 1.887
30.72000 2.568
30.74000 3.531
30.76000 2.649
30.78000 6.299
30.80000 7.710
30.82000 5.792
30.84000 6.925
30.86000 7.633
30.88000 7.426
30.90000 6.313
30.92000 1.733
30.94000 6.397
30.96000 5.835
30.98000 3.213
31.00000 6.655
31.02000 0.631
31.04000 6.566
31.06000 9.833
31.08000 3.828
31.10000 3.661
31.12000 7.976
31.14000 0.574
31.16000 5.924
31.18000 4.445
31.20000 7.884
31.22000 -0.256
31.24000 -0.780
31.26000 3.302
31.28000 -1.966
31.30000 1.606
31.32000 3.863
31.34000 1.896
31.36000 2.736
31.38000 0.034
31.40000 -1.242
31.42000 -3.654
31.44000 1.889
31.46000 2.255
31.48000 3.186
31.50000 3.320
31.52000 2.300
31.54000 5.365
31.56000 4.405
31.58000 -0.648
31.60000 -0.345
31.62000 0.309
31.64000 0.772
31.66000 5.015
31.68000 0.796
31.70000 -1.198
31.72000 1.263
31.74000 -1.417
31.76000 2.610
31.78000 2.486
31.80000 -1.217
31.82000 -0.362
31.84000 1.096
31.86000 -2.208
31.88000 -1.647
31.90000 7.143
31.92000 7.006
31.94000 4.199
31.96000 -0.151
31.98000 -3.084
32.00000 0.968
32.02000 -3.639
32.04000 0.653
32.06000 4.743
32.08000 2.497
32.10000 -1.463
32.12000 -0.098
32.14000 -0.749
32.16000 -3.063
32.18000 -0.640
32.20000 3.899
32.22000 6.609
32.24000 1.883
32.26000 -2.474
32.28000 0.078
32.30000 -0.427
32.32000 -1.662
32.34000 0.088
32.36000 -1.307
32.38000 4.420
32.40000 4.148
32.42000 1.894
32.44000 4.213
32.46000 3.603
32.48000 6.844
32.50000 4.936
32.52000 -0.815
32.54000 -1.664
32.56000 -0.144
32.58000 -0.748
32.60000 -3.618
32.62000 -2.058
32.64000 2.437
32.66000 1.960
32.68000 -0.601
32.70000 -0.531
32.72000 3.440
32.74000 1.386
32.76000 1.278
32.78000 1.534
32.80000 2.802
32.82000 0.131
32.84000 1.224
32.86000 4.381
32.88000 1.826
32.90000 2.057
32.92000 0.090
32.94000 -0.080
32.96000 2.824
32.98000 0.667
33.00000 -1.733
33.02000 0.541
33.04000 3.147
33.06000 -0.455
33.08000 3.438
33.10000 5.017
33.12000 5.773
33.14000 2.322
33.16000 1.762
33.18000 -2.235
33.20000 -3.593
33.22000 -0.648
33.24000 3.418
33.26000 1.720
33.28000 6.563
33.30000 7.604
33.32000 3.957
33.34000 9.078
33.36000 3.818
33.38000 3.078
33.40000 6.822
33.42000 3.757
33.44000 3.107
33.46000 5.141
33.48000 6.394
33.50000 6.466
33.52000 4.532
33.54000 4.951
33.56000 8.509
33.58000 5.948
33.60000 5.072
33.62000 8.453
33.64000 5.407
33.66000 4.136
33.68000 -0.124
33.70000 -0.926
33.72000 -1.890
33.74000 3.707
33.76000 5.817
33.78000 3.227
33.80000 0.890
33.82000 0.237
33.84000 3.397
33.86000 3.462
33.88000 6.385
33.90000 2.544
33.92000 3.543
33.94000 5.373
33.96000 3.305
33.98000 1.367
34.00000 3.486
34.02000 2.907
34.04000 2.306
34.06000 -0.700
34.08000 4.051
34.10000 0.074
34.12000 0.688
34.14000 -0.146
34.16000 -3.581
34.18000 -0.287
34.20000 4.127
34.22000 6.495
34.24000 6.697
34.26000 4.615
34.28000 -1.239
34.30000 -1.191
34.32000 4.867
34.34000 2.945
34.36000 2.485
34.38000 2.153
34.40000 8.045
34.42000 6.229
34.44000 4.201
34.46000 4.376
34.48000 1.473
34.50000 0.341
34.52000 1.737
34.54000 0.579
34.56000 -1.367
34.58000 -3.563
34.60000 0.291
34.62000 3.334
34.64000 5.055
34.66000 3.037
34.68000 2.413
34.70000 4.912
34.72000 3.973
34.74000 1.887
34.76000 -3.131
34.78000 -0.086
34.80000 2.257
34.82000 1.577
34.84000 -1.343
34.86000 1.865
34.88000 5.682
34.90000 4.009
34.92000 4.136
34.94000 4.595
34.96000 1.155
34.98000 -3.563
35.00000 -2.195
35.02000 -2.881
35.04000 1.224
35.06000 0.159
35.08000 1.401
35.10000 2.605
35.12000 0.957
35.14000 1.052
35.16000 0.292
35.18000 -1.344
35.20000 1.613
35.22000 2.691
35.24000 0.271
35.26000 0.626
35.28000 4.717
35.30000 6.703
35.32000 -0.980
35.34000 -2.769
35.36000 -2.426
35.38000 1.568
35.40000 2.355
35.42000 0.909
35.44000 3.044
35.46000 4.302
35.48000 2.176
35.50000 0.363
35.52000 -0.385
35.54000 4.518
35.56000 1.805
35.58000 -0.938
35.60000 -0.573
35.62000 -1.028
35.64000 5.741
35.66000 2.710
35.68000 0.434
35.70000 -3.563
35.72000 -2.584
35.74000 -0.092
35.76000 6.195
35.78000 4.698
35.80000 1.354
35.82000 -2.058
35.84000 0.525
35.86000 1.386
35.88000 0.118
35.90000 0.922
35.92000 1.835
35.94000 -1.339
35.96000 0.161
35.98000 2.030
36.00000 2.351
36.02000 3.087
36.04000 2.148
36.06000 0.605
36.08000 -0.263
36.10000 3.867
36.12000 4.402
36.14000 0.123
36.16000 1.118
36.18000 2.332
36.20000 -1.696
36.22000 -2.461
36.24000 -0.480
36.26000 2.336
36.28000 4.001
36.30000 -1.753
36.32000 -0.833
36.34000 -0.423
36.36000 0.188
36.38000 -2.106
36.40000 -1.307
36.42000 0.735
36.44000 1.306
36.46000 3.773
36.48000 3.461
36.50000 2.228
36.52000 -0.845
36.54000 -0.340
36.56000 6.099
36.58000 3.376
36.60000 -1.070
36.62000 -3.028
36.64000 -1.691
36.66000 5.613
36.68000 0.924
36.70000 1.301
36.72000 -0.337
36.74000 2.365
36.76000 1.450
36.78000 1.122
36.80000 -0.626
36.82000 -1.283
36.84000 -0.256
36.86000 0.965
36.88000 -0.274
36.90000 1.176
36.92000 5.478
36.94000 1.653
36.96000 -2.762
36.98000 -1.958
37.00000 -2.037
37.02000 3.273
37.04000 7.541
37.06000 8.818
37.08000 5.452
37.10000 0.862
37.12000 1.904
37.14000 -0.367
37.16000 -1.293
37.18000 4.592
37.20000 2.331
37.22000 0.052
37.24000 -3.559
37.26000 -0.966
37.28000 4.574
37.30000 5.615
37.32000 1.898
37.34000 6.344
37.36000 3.216
37.38000 2.580
37.40000 5.612
37.42000 5.664
37.44000 -0.862
37.46000 5.672
37.48000 3.739
37.50000 4.927
37.52000 8.313
37.54000 4.778
37.56000 4.316
37.58000 3.695
37.60000 9.488
37.62000 5.555
37.64000 1.883
37.66000 6.294
37.68000 9.896
37.70000 8.903
37.72000 9.322
37.74000 8.543
37.76000 4.779
37.78000 5.827
37.80000 10.352
37.82000 10.580
37.84000 5.559
37.86000 4.778
37.88000 9.222
37.90000 7.747
37.92000 8.530
37.94000 13.348
37.96000 16.477
37.98000 15.620
38.00000 12.585
38.02000 12.184
38.04000 13.319
38.06000 14.783
38.08000 10.320
38.10000 9.883
38.12000 9.325
38.14000 16.133
38.16000 13.997
38.18000 12.028
38.20000 11.676
38.22000 15.319
38.24000 15.747
38.26000 16.483
38.28000 18.046
38.30000 19.285
38.32000 16.029
38.34000 12.778
38.36000 17.090
38.38000 21.183
38.40000 23.798
38.42000 23.206
38.44000 20.949
38.46000 23.824
38.48000 18.346
38.50000 17.529
38.52000 18.132
38.54000 23.947
38.56000 22.786
38.58000 21.244
38.60000 22.339
38.62000 30.843
38.64000 32.875
38.66000 28.898
38.68000 23.827
38.70000 27.329
38.72000 27.343
38.74000 27.582
38.76000 30.212
38.78000 33.250
38.80000 38.568
38.82000 37.039
38.84000 31.883
38.86000 36.546
38.88000 37.779
38.90000 42.595
38.92000 42.599
38.94000 47.162
38.96000 47.443
38.98000 43.826
39.00000 49.084
39.02000 45.518
39.04000 47.346
39.06000 49.284
39.08000 51.912
39.10000 60.207
39.12000 60.584
39.14000 61.381
39.16000 65.964
39.18000 72.206
39.20000 79.200
39.22000 77.600
39.24000 79.010
39.26000 80.003
39.28000 78.809
39.30000 82.284
39.32000 91.764
39.34000 95.393
39.36000 98.586
39.38000 104.455
39.40000 109.375
39.42000 113.328
39.44000 116.687
39.46000 128.627
39.48000 125.116
39.50000 132.149
39.52000 136.469
39.54000 145.104
39.56000 154.789
39.58000 161.841
39.60000 171.064
39.62000 181.401
39.64000 187.064
39.66000 197.213
39.68000 202.955
39.70000 208.958
39.72000 224.658
39.74000 229.772
39.76000 232.119
39.78000 242.965
39.80000 254.725
39.82000 270.705
39.84000 294.894
39.86000 304.480
39.88000 326.301
39.90000 339.161
39.92000 341.037
39.94000 352.648
39.96000 366.395
39.98000 384.995
40.00000 403.249
40.02000 415.260
40.04000 431.382
40.06000 445.508
40.08000 457.791
40.10000 472.899
40.12000 492.670
40.14000 509.710
40.16000 516.518
40.18000 531.030
40.20000 534.906
40.22000 540.207
40.24000 556.766
40.26000 555.272
40.28000 565.752
40.30000 566.533
40.32000 570.930
40.34000 569.536
40.36000 556.969
40.38000 561.911
40.40000 558.003
40.42000 561.016
40.44000 552.293
40.46000 543.542
40.48000 547.868
40.50000 538.234
40.52000 523.067
40.54000 516.426
40.56000 499.468
40.58000 493.040
40.60000 474.279
40.62000 458.245
40.64000 442.120
40.66000 434.522
40.68000 412.415
40.70000 401.025
40.72000 379.895
40.74000 367.389
40.76000 357.362
40.78000 340.683
40.80000 324.281
40.82000 305.164
40.84000 298.489
40.86000 281.798
40.88000 270.353
40.90000 253.235
40.92000 235.457
40.94000 227.614
40.96000 216.493
40.98000 206.046
41.00000 202.389
41.02000 188.926
41.04000 173.833
41.06000 166.079
41.08000 152.267
41.10000 146.599
41.12000 145.846
41.14000 139.960
41.16000 127.794
41.18000 117.419
41.20000 117.593
41.22000 108.026
41.24000 102.888
41.26000 99.970
41.28000 93.169
41.30000 89.994
41.32000 88.014
41.34000 81.735
41.36000 74.116
41.38000 69.548
41.40000 68.633
41.42000 66.933
41.44000 65.743
41.46000 59.673
41.48000 53.690
41.50000 50.422
41.52000 51.018
41.54000 54.062
41.56000 53.633
41.58000 49.071
41.60000 44.047
41.62000 37.447
41.64000 36.375
41.66000 33.422
41.68000 30.107
41.70000 29.009
41.72000 29.034
41.74000 25.598
41.76000 27.312
41.78000 26.741
41.80000 26.814
41.82000 26.545
41.84000 22.082
41.86000 20.103
41.88000 19.408
41.90000 16.825
41.92000 15.998
41.94000 14.351
41.96000 16.038
41.98000 14.746
42.00000 17.039
42.02000 14.176
42.04000 16.814
42.06000 11.916
42.08000 11.643
42.10000 15.721
42.12000 13.623
42.14000 9.672
42.16000 10.169
42.18000 10.624
42.20000 9.460
42.22000 9.186
42.24000 7.261
42.26000 3.221
42.28000 6.612
42.30000 1.893
42.32000 4.324
42.34000 7.816
42.36000 5.034
42.38000 1.537
42.40000 2.956
42.42000 5.741
42.44000 5.305
42.46000 6.607
42.48000 -0.913
42.50000 -1.983
42.52000 -0.602
42.54000 5.461
42.56000 6.002
42.58000 0.030
42.60000 4.005
42.62000 0.695
42.64000 -3.317
42.66000 1.045
42.68000 2.854
42.70000 1.427
42.72000 1.951
42.74000 -1.099
42.76000 -0.472
42.78000 0.659
42.80000 2.414
42.82000 3.839
42.84000 3.770
42.86000 -1.453
42.88000 0.676
42.90000 2.801
42.92000 5.260
42.94000 4.919
42.96000 -0.937
42.98000 -1.942
43.00000 -2.398
43.02000 1.110
43.04000 2.233
43.06000 5.126
43.08000 1.227
43.10000 -1.646
43.12000 2.411
43.14000 -0.461
43.16000 -1.084
43.18000 -1.575
43.20000 -3.528
43.22000 -1.904
43.24000 2.331
43.26000 2.124
43.28000 1.808
43.30000 -0.847
43.32000 -2.340
43.34000 -1.302
43.36000 3.529
43.38000 4.217
43.40000 2.488
43.42000 2.977
43.44000 -2.194
43.46000 -1.828
43.48000 2.138
43.50000 1.623
43.52000 1.384
43.54000 -0.092
43.56000 5.627
43.58000 8.257
43.60000 4.934
43.62000 0.585
43.64000 1.767
43.66000 -3.252
43.68000 -0.520
43.70000 2.641
43.72000 1.184
43.74000 -1.418
43.76000 -2.753
43.78000 -1.396
43.80000 -1.012
43.82000 1.957
43.84000 3.292
43.86000 -1.950
43.88000 -0.240
43.90000 3.732
43.92000 4.898
43.94000 5.243
43.96000 0.832
43.98000 2.881
44.00000 4.206
44.02000 3.853
44.04000 5.870
44.06000 4.646
44.08000 1.035
44.10000 2.223
44.12000 6.997
44.14000 1.531
44.16000 -3.429
44.18000 4.169
44.20000 5.335
44.22000 -2.053
44.24000 0.134
44.26000 1.172
44.28000 1.743
44.30000 2.126
44.32000 0.998
44.34000 2.312
44.36000 6.106
44.38000 9.673
44.40000 3.774
44.42000 1.880
44.44000 -1.266
44.46000 0.983
44.48000 -1.840
44.50000 3.906
44.52000 2.417
44.54000 3.824
44.56000 1.081
44.58000 3.140
44.60000 5.607
44.62000 7.195
44.64000 5.502
44.66000 7.068
44.68000 8.033
44.70000 9.475
44.72000 4.365
44.74000 2.092
44.76000 -1.539
44.78000 -0.388
44.80000 5.844
44.82000 7.220
44.84000 4.190
44.86000 2.110
44.88000 5.456
44.90000 7.631
44.92000 7.434
44.94000 8.456
44.96000 8.112
44.98000 8.264
45.00000 9.856
45.02000 11.722
45.04000 10.461
45.06000 10.931
45.08000 8.693
45.10000 6.842
45.12000 10.583
45.14000 8.960
45.16000 13.153
45.18000 10.342
45.20000 9.713
45.22000 7.754
45.24000 8.851
45.26000 9.912
45.28000 9.718
45.30000 7.260
45.32000 7.434
45.34000 8.638
45.36000 15.105
45.38000 21.538
45.40000 14.666
45.42000 11.514
45.44000 7.666
45.46000 13.574
45.48000 19.296
45.50000 17.062
45.52000 17.727
45.54000 17.582
45.56000 24.097
45.58000 26.617
45.60000 17.254
45.62000 17.826
45.64000 19.907
45.66000 22.920
45.68000 21.542
45.70000 24.826
45.72000 24.998
45.74000 26.659
45.76000 25.231
45.78000 23.328
45.80000 29.032
45.82000 27.038
45.84000 30.389
45.86000 34.068
45.88000 33.946
45.90000 33.076
45.92000 36.223
45.94000 39.429
45.96000 39.655
45.98000 37.160
46.00000 31.665
46.02000 37.048
46.04000 38.426
46.06000 34.690
46.08000 38.117
46.10000 43.537
46.12000 37.108
46.14000 42.964
46.16000 41.282
46.18000 51.005
46.20000 51.817
46.22000 47.467
46.24000 47.532
46.26000 47.367
46.28000 54.660
46.30000 55.203
46.32000 61.638
46.34000 60.316
46.36000 56.136
46.38000 56.021
46.40000 59.947
46.42000 63.229
46.44000 67.813
46.46000 76.277
46.48000 66.599
46.50000 60.947
46.52000 70.078
46.54000 76.430
46.56000 79.528
46.58000 74.837
46.60000 68.232
46.62000 67.449
46.64000 69.911
46.66000 69.954
46.68000 75.398
46.70000 80.361
46.72000 90.396
46.74000 84.942
46.76000 75.253
46.78000 78.465
46.80000 82.539
46.82000 90.542
46.84000 89.503
46.86000 83.844
46.88000 83.137
46.90000 81.806
46.92000 80.889
46.94000 79.121
46.96000 82.249
46.98000 83.556
47.00000 82.256
47.02000 81.747
47.04000 77.250
47.06000 75.751
47.08000 76.255
47.10000 73.667
47.12000 77.854
47.14000 78.754
47.16000 78.411
47.18000 81.762
47.20000 76.083
47.22000 74.556
47.24000 74.159
47.26000 69.374
47.28000 70.318
47.30000 71.671
47.32000 67.375
47.34000 62.072
47.36000 61.988
47.38000 56.993
47.40000 58.473
47.42000 56.854
47.44000 62.267
47.46000 61.585
47.48000 55.128
47.50000 47.755
47.52000 45.283
47.54000 44.363
47.56000 43.064
47.58000 44.208
47.60000 43.187
47.62000 43.714
47.64000 45.922
47.66000 40.079
47.68000 35.705
47.70000 35.755
47.72000 35.586
47.74000 36.126
47.76000 30.222
47.78000 32.716
47.80000 32.330
47.82000 30.911
47.84000 26.539
47.86000 23.809
47.88000 23.443
47.90000 25.813
47.92000 21.763
47.94000 15.533
47.96000 15.595
47.98000 14.031
48.00000 14.984
48.02000 13.099
48.04000 20.348
48.06000 16.070
48.08000 17.554
48.10000 15.472
48.12000 15.584
48.14000 11.582
48.16000 10.917
48.18000 11.608
48.20000 3.618
48.22000 5.245
48.24000 12.232
48.26000 10.250
48.28000 6.401
48.30000 1.707
48.32000 6.498
48.34000 10.788
48.36000 11.218
48.38000 12.919
48.40000 8.346
48.42000 3.212
48.44000 5.295
48.46000 10.307
48.48000 10.016
48.50000 3.702
48.52000 5.288
48.54000 6.534
48.56000 4.479
48.58000 4.763
48.60000 7.399
48.62000 6.241
48.64000 4.221
48.66000 2.172
48.68000 6.523
48.70000 4.185
48.72000 4.920
48.74000 1.763
48.76000 0.943
48.78000 -1.464
48.80000 -0.676
48.82000 3.482
48.84000 3.038
48.86000 -0.288
48.88000 1.414
48.90000 2.615
48.92000 -3.176
48.94000 -1.330
48.96000 1.500
48.98000 -0.816
49.00000 3.175
49.02000 4.016
49.04000 2.092
49.06000 3.222
49.08000 2.581
49.10000 -1.973
49.12000 -2.848
49.14000 0.240
49.16000 3.461
49.18000 3.250
49.20000 -1.881
49.22000 -0.643
49.24000 5.389
49.26000 5.243
49.28000 8.690
49.30000 5.304
49.32000 2.999
49.34000 1.604
49.36000 -0.057
49.38000 -3.088
49.40000 2.135
49.42000 -1.287
49.44000 0.003
49.46000 0.775
49.48000 1.480
49.50000 1.141
49.52000 2.925
49.54000 -0.371
49.56000 -0.641
49.58000 5.505
49.60000 3.044
49.62000 2.338
49.64000 3.984
49.66000 5.906
49.68000 7.474
49.70000 0.900
49.72000 4.117
49.74000 2.782
49.76000 -0.121
49.78000 1.992
49.80000 11.405
49.82000 11.095
49.84000 5.154
49.86000 5.881
49.88000 3.738
49.90000 5.768
49.92000 3.559
49.94000 -2.289
49.96000 -3.005
49.98000 -0.743
50.00000 -1.331
50.02000 2.615
50.04000 9.264
50.06000 8.727
50.08000 4.394
50.10000 2.772
50.12000 2.588
50.14000 1.323
50.16000 -1.788
50.18000 -2.541
50.20000 2.727
50.22000 -1.149
50.24000 -0.072
50.26000 0.520
50.28000 4.311
50.30000 4.498
50.32000 -0.812
50.34000 3.067
50.36000 4.391
50.38000 5.121
50.40000 9.163
50.42000 10.554
50.44000 1.625
50.46000 -1.068
50.48000 1.814
50.50000 2.560
50.52000 3.912
50.54000 1.057
50.56000 3.598
50.58000 0.064
50.60000 4.518
50.62000 8.958
50.64000 7.462
50.66000 3.719
50.68000 6.898
50.70000 6.244
50.72000 9.502
50.74000 4.751
50.76000 3.227
50.78000 7.174
50.80000 8.192
50.82000 4.969
50.84000 -0.976
50.86000 1.394
50.88000 0.103
50.90000 2.046
50.92000 3.247
50.94000 0.964
50.96000 0.328
50.98000 -2.946
51.00000 -1.784
51.02000 -0.838
51.04000 3.100
51.06000 5.374
51.08000 9.984
51.10000 8.042
51.12000 3.703
51.14000 8.385
51.16000 2.858
51.18000 -2.640
51.20000 4.259
51.22000 3.589
51.24000 5.679
51.26000 5.961
51.28000 5.196
51.30000 3.839
51.32000 4.546
51.34000 2.613
51.36000 10.105
51.38000 6.645
51.40000 2.449
51.42000 -0.085
51.44000 -0.221
51.46000 3.221
51.48000 4.446
51.50000 3.865
51.52000 4.443
51.54000 6.591
51.56000 3.271
51.58000 -0.023
51.60000 1.995
51.62000 2.918
51.64000 3.230
51.66000 -0.148
51.68000 3.031
51.70000 -0.241
51.72000 -0.824
51.74000 0.668
51.76000 0.764
51.78000 1.306
51.80000 3.354
51.82000 2.980
51.84000 0.593
51.86000 1.161
51.88000 2.593
51.90000 5.064
51.92000 3.105
51.94000 0.654
51.96000 3.930
51.98000 5.699
52.00000 9.710
52.02000 12.915
52.04000 6.918
52.06000 3.918
52.08000 0.393
52.10000 1.003
52.12000 -1.335
52.14000 -0.634
52.16000 1.404
52.18000 0.853
52.20000 -1.715
52.22000 1.116
52.24000 1.209
52.26000 0.233
52.28000 3.819
52.30000 1.799
52.32000 0.137
52.34000 4.484
52.36000 5.799
52.38000 0.361
52.40000 4.735
52.42000 4.308
52.44000 1.668
52.46000 7.766
52.48000 0.143
52.50000 -2.898
52.52000 -0.514
52.54000 1.653
52.56000 5.883
52.58000 8.412
52.60000 6.188
52.62000 5.472
52.64000 4.069
52.66000 6.028
52.68000 -1.060
52.70000 0.313
52.72000 2.838
52.74000 0.830
52.76000 3.595
52.78000 4.097
52.80000 5.385
52.82000 9.823
52.84000 5.890
52.86000 6.938
52.88000 3.503
52.90000 5.045
52.92000 2.038
52.94000 1.255
52.96000 5.940
52.98000 2.793
53.00000 4.324
53.02000 4.888
53.04000 6.673
53.06000 5.846
53.08000 2.754
53.10000 3.282
53.12000 -0.847
53.14000 4.409
53.16000 6.237
53.18000 5.835
53.20000 4.907
53.22000 3.196
53.24000 2.906
53.26000 7.666
53.28000 10.321
53.30000 7.862
53.32000 6.300
53.34000 2.391
53.36000 2.090
53.38000 1.149
53.40000 1.660
53.42000 1.850
53.44000 2.398
53.46000 7.690
53.48000 6.716
53.50000 0.528
53.52000 -2.854
53.54000 1.987
53.56000 3.064
53.58000 3.052
53.60000 2.884
53.62000 0.420
53.64000 1.702
53.66000 2.322
53.68000 4.475
53.70000 1.783
53.72000 2.728
53.74000 3.331
53.76000 7.013
53.78000 8.696
53.80000 5.528
53.82000 4.087
53.84000 7.465
53.86000 1.308
53.88000 1.584
53.90000 1.531
53.92000 3.522
53.94000 3.937
53.96000 3.010
53.98000 2.522
54.00000 1.818
54.02000 -1.997
54.04000 -1.560
54.06000 6.033
54.08000 10.519
54.10000 6.224
54.12000 0.654
54.14000 0.870
54.16000 -0.714
54.18000 0.531
54.20000 1.316
54.22000 -2.568
54.24000 -1.168
54.26000 -2.856
54.28000 2.842
54.30000 -0.258
54.32000 0.522
54.34000 0.818
54.36000 2.874
54.38000 1.793
54.40000 4.911
54.42000 6.201
54.44000 2.706
54.46000 4.184
54.48000 6.620
54.50000 3.665
54.52000 -1.572
54.54000 1.573
54.56000 0.360
54.58000 2.766
54.60000 4.436
54.62000 5.390
54.64000 7.379
54.66000 9.147
54.68000 8.419
54.70000 5.523
54.72000 2.408
54.74000 0.327
54.76000 4.996
54.78000 3.371
54.80000 0.859
54.82000 2.159
54.84000 3.566
54.86000 2.686
54.88000 5.693
54.90000 6.016
54.92000 9.331
54.94000 7.704
54.96000 7.861
54.98000 2.859
55.00000 -0.107
55.02000 1.402
55.04000 -0.468
55.06000 4.386
55.08000 4.664
55.10000 4.356
55.12000 5.390
55.14000 4.059
55.16000 1.911
55.18000 6.681
55.20000 1.982
55.22000 0.035
55.24000 2.732
55.26000 0.490
55.28000 1.280
55.30000 0.628
55.32000 5.443
55.34000 2.541
55.36000 -1.838
55.38000 -0.614
55.40000 1.244
55.42000 0.813
55.44000 1.453
55.46000 1.904
55.48000 3.617
55.50000 8.444
55.52000 7.672
55.54000 9.743
55.56000 0.143
55.58000 0.765
55.60000 3.973
55.62000 8.080
55.64000 2.097
55.66000 1.193
55.68000 -0.322
55.70000 4.435
55.72000 1.606
55.74000 3.825
55.76000 6.728
55.78000 14.283
55.80000 10.203
55.82000 0.693
55.84000 -2.772
55.86000 1.378
55.88000 0.989
55.90000 5.142
55.92000 3.685
55.94000 2.800
55.96000 -0.677
55.98000 3.721
56.00000 6.784
56.02000 4.666
56.04000 6.873
56.06000 9.803
56.08000 7.347
56.10000 5.898
56.12000 3.604
56.14000 4.053
56.16000 6.721
56.18000 3.649
56.20000 4.248
56.22000 2.840
56.24000 1.266
56.26000 2.460
56.28000 6.963
56.30000 6.679
56.32000 4.494
56.34000 6.317
56.36000 3.095
56.38000 5.976
56.40000 4.113
56.42000 1.062
56.44000 2.630
56.46000 5.196
56.48000 6.364
56.50000 6.461
56.52000 8.246
56.54000 2.502
56.56000 -2.406
56.58000 -2.442
56.60000 0.551
56.62000 4.248
56.64000 5.196
56.66000 1.223
56.68000 1.526
56.70000 4.088
56.72000 3.040
56.74000 3.870
56.76000 3.500
56.78000 3.373
56.80000 4.528
56.82000 4.106
56.84000 3.591
56.86000 5.111
56.88000 8.222
56.90000 8.538
56.92000 4.467
56.94000 2.079
56.96000 4.559
56.98000 1.575
57.00000 -1.717
57.02000 2.343
57.04000 1.521
57.06000 6.430
57.08000 7.155
57.10000 6.785
57.12000 5.420
57.14000 4.475
57.16000 1.856
57.18000 5.472
57.20000 2.393
57.22000 2.350
57.24000 1.413
57.26000 0.117
57.28000 3.634
57.30000 4.445
57.32000 5.152
57.34000 -1.243
57.36000 1.601
57.38000 3.038
57.40000 -1.851
57.42000 -2.749
57.44000 0.643
57.46000 3.552
57.48000 7.041
57.50000 7.760
57.52000 2.462
57.54000 4.659
57.56000 6.675
57.58000 4.331
57.60000 4.524
57.62000 6.184
57.64000 0.993
57.66000 0.062
57.68000 2.865
57.70000 2.048
57.72000 1.562
57.74000 1.940
57.76000 4.107
57.78000 1.996
57.80000 2.861
57.82000 3.522
57.84000 4.608
57.86000 3.217
57.88000 -1.682
57.90000 -0.039
57.92000 3.928
57.94000 5.258
57.96000 3.472
57.98000 2.477
58.00000 3.247
58.02000 3.241
58.04000 1.236
58.06000 -0.838
58.08000 0.835
58.10000 0.393
58.12000 4.343
58.14000 4.804
58.16000 2.156
58.18000 2.103
58.20000 2.525
58.22000 2.750
58.24000 -2.449
58.26000 -0.431
58.28000 5.464
58.30000 3.301
58.32000 3.846
58.34000 2.967
58.36000 4.347
58.38000 1.898
58.40000 0.877
58.42000 -0.415
58.44000 -0.285
58.46000 0.619
58.48000 6.402
58.50000 8.688
58.52000 7.630
58.54000 4.873
58.56000 7.339
58.58000 4.384
58.60000 6.564
58.62000 0.967
58.64000 -0.415
58.66000 3.312
58.68000 3.881
58.70000 1.882
58.72000 3.797
58.74000 4.281
58.76000 9.291
58.78000 10.425
58.80000 10.169
58.82000 4.980
58.84000 5.063
58.86000 9.567
58.88000 9.817
58.90000 8.586
58.92000 5.856
58.94000 3.522
58.96000 3.588
58.98000 4.288
59.00000 3.112
59.02000 7.800
59.04000 4.366
59.06000 6.417
59.08000 9.759
59.10000 9.710
59.12000 6.730
59.14000 7.079
59.16000 9.664
59.18000 10.315
59.20000 5.592
59.22000 9.754
59.24000 1.680
59.26000 -2.637
59.28000 5.627
59.30000 9.257
59.32000 7.059
59.34000 2.979
59.36000 5.094
59.38000 8.440
59.40000 5.503
59.42000 3.810
59.44000 3.960
59.46000 0.435
59.48000 3.297
59.50000 3.448
59.52000 7.814
59.54000 7.712
59.56000 0.956
59.58000 1.323
59.60000 2.859
59.62000 3.404
59.64000 4.637
59.66000 4.035
59.68000 4.343
59.70000 0.314
59.72000 1.529
59.74000 4.380
59.76000 1.627
59.78000 0.609
59.80000 5.160
59.82000 3.969
59.84000 0.735
59.86000 2.763
59.88000 3.165
59.90000 3.685
59.92000 4.603
59.94000 5.299
59.96000 0.286
59.98000 -2.401
60.00000 2.956
60.02000 6.353
60.04000 7.408
60.06000 5.056
60.08000 0.335
60.10000 -0.469
60.12000 -2.384
60.14000 -2.558
60.16000 -0.440
60.18000 1.152
60.20000 4.223
60.22000 3.544
60.24000 3.954
60.26000 3.754
60.28000 -0.369
60.30000 -0.920
60.32000 -0.713
60.34000 1.075
60.36000 4.503
60.38000 3.598
60.40000 -0.147
60.42000 -0.617
60.44000 0.902
60.46000 3.867
60.48000 1.796
60.50000 -2.084
60.52000 -2.669
60.54000 5.360
60.56000 2.339
60.58000 0.254
60.60000 -0.976
60.62000 1.345
60.64000 7.339
60.66000 5.412
60.68000 -0.699
60.70000 -0.919
60.72000 1.022
60.74000 2.681
60.76000 -1.271
60.78000 3.707
60.80000 4.599
60.82000 6.167
60.84000 5.956
60.86000 1.359
60.88000 0.896
60.90000 3.652
60.92000 -1.998
60.94000 -1.430
60.96000 4.832
60.98000 1.920
61.00000 1.527
61.02000 2.052
61.04000 1.672
61.06000 0.786
61.08000 1.253
61.10000 2.477
61.12000 -0.442
61.14000 1.064
61.16000 1.192
61.18000 2.229
61.20000 2.764
61.22000 5.858
61.24000 5.412
61.26000 4.157
61.28000 -0.213
61.30000 -2.643
61.32000 2.077
61.34000 2.681
61.36000 1.115
61.38000 4.202
61.40000 2.395
61.42000 1.500
61.44000 4.427
61.46000 3.002
61.48000 0.197
61.50000 -1.283
61.52000 1.295
61.54000 1.604
61.56000 4.878
61.58000 5.790
61.60000 5.275
61.62000 5.364
61.64000 9.859
61.66000 3.540
61.68000 3.524
61.70000 3.210
61.72000 2.616
61.74000 3.064
61.76000 -1.884
61.78000 -0.453
61.80000 3.392
61.82000 3.552
61.84000 4.045
61.86000 2.679
61.88000 5.078
61.90000 3.257
61.92000 2.647
61.94000 3.420
61.96000 1.964
61.98000 2.296
62.00000 -1.635
62.02000 -0.434
62.04000 3.686
62.06000 3.045
62.08000 3.511
62.10000 1.364
62.12000 -1.840
62.14000 2.318
62.16000 3.962
62.18000 5.514
62.20000 4.506
62.22000 7.124
62.24000 2.790
62.26000 0.280
62.28000 1.489
62.30000 2.900
62.32000 7.403
62.34000 5.981
62.36000 1.402
62.38000 1.141
62.40000 0.530
62.42000 2.340
62.44000 4.371
62.46000 4.966
62.48000 4.945
62.50000 -1.289
62.52000 -2.291
62.54000 3.656
62.56000 5.504
62.58000 -0.795
62.60000 2.719
62.62000 3.515
62.64000 3.452
62.66000 2.597
62.68000 6.201
62.70000 5.883
62.72000 4.317
62.74000 2.030
62.76000 2.457
62.78000 2.098
62.80000 -2.582
62.82000 2.022
62.84000 3.514
62.86000 3.672
62.88000 0.963
62.90000 0.206
62.92000 2.141
62.94000 4.001
62.96000 3.447
62.98000 4.515
63.00000 2.536
63.02000 4.275
63.04000 6.201
63.06000 7.611
63.08000 6.868
63.10000 8.092
63.12000 9.126
63.14000 8.358
63.16000 3.224
63.18000 0.654
63.20000 3.368
63.22000 0.838
63.24000 2.733
63.26000 1.649
63.28000 2.790
63.30000 1.467
63.32000 0.641
63.34000 -0.194
63.36000 4.259
63.38000 4.441
63.40000 -0.055
63.42000 1.513
63.44000 3.857
63.46000 4.011
63.48000 1.800
63.50000 2.641
63.52000 4.005
63.54000 1.725
63.56000 2.578
63.58000 -0.490
63.60000 0.051
63.62000 5.194
63.64000 4.012
63.66000 2.805
63.68000 0.303
63.70000 1.364
63.72000 2.707
63.74000 0.468
63.76000 4.398
63.78000 3.761
63.80000 3.471
63.82000 4.663
63.84000 7.058
63.86000 5.661
63.88000 0.044
63.90000 2.758
63.92000 2.574
63.94000 3.311
63.96000 3.422
63.98000 5.782
64.00000 3.554
64.02000 1.891
64.04000 0.792
64.06000 2.377
64.08000 1.656
64.10000 0.617
64.12000 1.098
64.14000 1.136
64.16000 2.743
64.18000 0.421
64.20000 0.693
64.22000 1.953
64.24000 1.589
64.26000 -1.242
64.28000 -2.604
64.30000 1.058
64.32000 1.272
64.34000 2.317
64.36000 3.094
64.38000 3.450
64.40000 1.672
64.42000 2.831
64.44000 2.737
64.46000 3.020
64.48000 3.557
64.50000 6.900
64.52000 4.770
64.54000 6.320
64.56000 6.492
64.58000 6.549
64.60000 4.303
64.62000 -0.776
64.64000 2.747
64.66000 5.343
64.68000 2.192
64.70000 0.219
64.72000 5.088
64.74000 3.896
64.76000 3.183
64.78000 4.261
64.80000 5.835
64.82000 2.907
64.84000 2.871
64.86000 5.908
64.88000 3.394
64.90000 2.010
64.92000 0.807
64.94000 1.556
64.96000 -2.605
64.98000 -0.265
65.00000 -0.121
65.02000 0.421
65.04000 1.858
65.06000 2.787
65.08000 2.302
65.10000 4.115
65.12000 2.067
65.14000 3.075
65.16000 4.814
65.18000 2.952
65.20000 -0.095
65.22000 -0.787
65.24000 1.044
65.26000 5.148
65.28000 1.616
65.30000 -0.919
65.32000 1.380
65.34000 0.715
65.36000 0.843
65.38000 3.091
65.40000 3.325
65.42000 4.072
65.44000 -2.118
65.46000 -1.017
65.48000 2.838
65.50000 3.042
65.52000 2.949
65.54000 0.868
65.56000 1.411
65.58000 5.740
65.60000 3.368
65.62000 3.331
65.64000 2.479
65.66000 2.849
65.68000 1.779
65.70000 0.320
65.72000 -2.625
65.74000 1.458
65.76000 2.057
65.78000 2.681
65.80000 1.243
65.82000 1.198
65.84000 -0.187
65.86000 2.884
65.88000 -0.467
65.90000 -1.845
65.92000 1.811
65.94000 5.210
65.96000 -1.027
65.98000 2.357
66.00000 2.626
66.02000 -2.164
66.04000 -2.262
66.06000 -2.684
66.08000 1.675
66.10000 2.944
66.12000 3.173
66.14000 1.001
66.16000 1.786
66.18000 0.268
66.20000 -2.304
66.22000 -0.598
66.24000 0.816
66.26000 2.696
66.28000 1.762
66.30000 1.033
66.32000 -1.519
66.34000 -0.230
66.36000 1.739
66.38000 2.700
66.40000 3.356
66.42000 4.789
66.44000 2.681
66.46000 3.761
66.48000 -1.269
66.50000 2.389
66.52000 2.374
66.54000 -2.033
66.56000 -1.730
66.58000 0.021
66.60000 -2.054
66.62000 -2.720
66.64000 -1.200
66.66000 2.050
66.68000 2.894
66.70000 -1.991
66.72000 -0.602
66.74000 0.165
66.76000 3.208
66.78000 0.999
66.80000 1.994
66.82000 2.048
66.84000 -0.738
66.86000 1.812
66.88000 2.567
66.90000 2.711
66.92000 3.205
66.94000 5.355
66.96000 3.696
66.98000 4.633
67.00000 6.054
67.02000 -1.857
67.04000 -0.419
67.06000 1.699
67.08000 2.493
67.10000 0.349
67.12000 4.238
67.14000 6.574
67.16000 -0.610
67.18000 -0.756
67.20000 4.938
67.22000 5.257
67.24000 2.180
67.26000 -0.597
67.28000 0.352
67.30000 6.293
67.32000 6.353
67.34000 3.012
67.36000 4.913
67.38000 9.164
67.40000 10.451
67.42000 8.782
67.44000 6.216
67.46000 2.154
67.48000 0.005
67.50000 4.791
67.52000 7.331
67.54000 8.814
67.56000 12.047
67.58000 12.606
67.60000 9.794
67.62000 7.402
67.64000 7.045
67.66000 7.818
67.68000 8.497
67.70000 6.524
67.72000 8.335
67.74000 11.804
67.76000 8.677
67.78000 12.954
67.80000 12.586
67.82000 8.194
67.84000 11.393
67.86000 13.294
67.88000 11.462
67.90000 13.565
67.92000 15.774
67.94000 15.968
67.96000 13.867
67.98000 15.732
68.00000 16.438
68.02000 16.480
68.04000 13.359
68.06000 16.502
68.08000 18.572
68.10000 21.517
68.12000 25.574
68.14000 19.409
68.16000 17.489
68.18000 18.118
68.20000 14.546
68.22000 18.331
68.24000 21.560
68.26000 23.080
68.28000 21.873
68.30000 20.826
68.32000 22.934
68.34000 22.355
68.36000 22.640
68.38000 22.128
68.40000 19.609
68.42000 15.324
68.44000 17.417
68.46000 20.099
68.48000 24.731
68.50000 26.381
68.52000 27.177
68.54000 22.688
68.56000 19.465
68.58000 20.507
68.60000 20.506
68.62000 22.053
68.64000 21.910
68.66000 21.858
68.68000 21.771
68.70000 23.077
68.72000 15.968
68.74000 19.030
68.76000 17.270
68.78000 18.186
68.80000 18.964
68.82000 20.121
68.84000 22.311
68.86000 17.612
68.88000 17.969
68.90000 19.533
68.92000 14.004
68.94000 16.134
68.96000 15.987
68.98000 15.754
69.00000 16.510
69.02000 17.662
69.04000 14.840
69.06000 10.182
69.08000 11.345
69.10000 15.719
69.12000 14.819
69.14000 15.414
69.16000 11.453
69.18000 11.921
69.20000 10.276
69.22000 8.467
69.24000 8.850
69.26000 11.097
69.28000 13.225
69.30000 12.644
69.32000 9.970
69.34000 6.294
69.36000 3.190
69.38000 10.910
69.40000 10.972
69.42000 5.301
69.44000 4.820
69.46000 7.749
69.48000 9.654
69.50000 8.471
69.52000 8.113
69.54000 5.553
69.56000 6.741
69.58000 6.676
69.60000 8.077
69.62000 5.719
69.64000 6.069
69.66000 3.124
69.68000 1.826
69.70000 3.727
69.72000 1.327
69.74000 1.315
69.76000 1.814
69.78000 1.484
69.80000 3.075
69.82000 0.645
69.84000 -2.338
69.86000 -0.232
69.88000 1.982
69.90000 1.794
69.92000 2.026
69.94000 3.156
69.96000 5.752
69.98000 2.551
70.00000 -1.700
70.02000 -1.998
70.04000 -2.434
70.06000 0.152
70.08000 0.434
70.10000 -0.583
70.12000 -2.315
70.14000 -1.341
70.16000 -1.677
70.18000 -0.321
70.20000 3.051
70.22000 1.765
70.24000 -0.258
70.26000 -1.874
70.28000 2.946
70.30000 0.129
70.32000 1.335
70.34000 6.409
70.36000 5.863
70.38000 7.983
70.40000 3.085
70.42000 -0.753
70.44000 3.015
70.46000 5.665
70.48000 0.902
70.50000 0.228
70.52000 4.031
70.54000 0.159
70.56000 -2.566
70.58000 -0.973
70.60000 -0.753
70.62000 -1.438
70.64000 0.314
70.66000 2.748
70.68000 1.443
70.70000 -2.340
70.72000 -0.400
70.74000 3.635
70.76000 3.366
70.78000 2.968
70.80000 1.510
70.82000 3.528
70.84000 2.295
70.86000 4.123
70.88000 3.747
70.90000 4.724
70.92000 6.981
70.94000 2.641
70.96000 2.644
70.98000 2.158
71.00000 2.750
71.02000 -0.001
71.04000 -1.773
71.06000 -0.988
71.08000 1.541
71.10000 4.949
71.12000 2.887
71.14000 2.420
71.16000 -1.761
71.18000 0.687
71.20000 -2.273
71.22000 0.446
71.24000 5.691
71.26000 3.672
71.28000 2.716
71.30000 -1.023
71.32000 4.915
71.34000 6.903
71.36000 2.733
71.38000 1.074
71.40000 3.497
71.42000 3.847
71.44000 3.033
71.46000 3.265
71.48000 4.982
71.50000 1.643
71.52000 6.152
71.54000 4.990
71.56000 5.124
71.58000 6.849
71.60000 4.613
71.62000 1.856
71.64000 -2.465
71.66000 2.693
71.68000 4.090
71.70000 2.102
71.72000 -0.641
71.74000 4.494
71.76000 6.605
71.78000 8.294
71.80000 4.982
71.82000 4.398
71.84000 1.362
71.86000 6.439
71.88000 7.661
71.90000 6.950
71.92000 7.733
71.94000 6.939
71.96000 7.104
71.98000 2.817
72.00000 4.202
72.02000 -2.421
72.04000 1.009
72.06000 6.209
72.08000 3.449
72.10000 -0.009
72.12000 1.186
72.14000 2.672
72.16000 4.832
72.18000 3.991
72.20000 1.230
72.22000 2.498
72.24000 2.559
72.26000 5.903
72.28000 5.335
72.30000 4.385
72.32000 2.703
72.34000 3.761
72.36000 9.510
72.38000 8.085
72.40000 6.635
72.42000 6.273
72.44000 3.295
72.46000 1.595
72.48000 7.852
72.50000 6.333
72.52000 6.390
72.54000 4.239
72.56000 3.689
72.58000 1.607
72.60000 2.648
72.62000 1.689
72.64000 -0.895
72.66000 0.703
72.68000 2.211
72.70000 2.716
72.72000 4.626
72.74000 4.693
72.76000 4.106
72.78000 5.860
72.80000 3.758
72.82000 6.671
72.84000 10.108
72.86000 8.003
72.88000 6.407
72.90000 4.060
72.92000 3.845
72.94000 -0.722
72.96000 2.767
72.98000 5.312
73.00000 5.122
73.02000 3.559
73.04000 8.252
73.06000 8.587
73.08000 2.535
73.10000 -2.388
73.12000 0.350
73.14000 1.492
73.16000 3.104
73.18000 4.702
73.20000 5.213
73.22000 7.547
73.24000 2.661
73.26000 4.100
73.28000 4.439
73.30000 0.489
73.32000 -0.342
73.34000 -1.965
73.36000 1.577
73.38000 1.348
73.40000 -2.386
73.42000 3.336
73.44000 7.337
73.46000 5.157
73.48000 3.128
73.50000 0.250
73.52000 5.339
73.54000 6.305
73.56000 8.781
73.58000 4.871
73.60000 4.627
73.62000 1.607
73.64000 2.349
73.66000 4.412
73.68000 3.911
73.70000 5.941
73.72000 7.748
73.74000 5.048
73.76000 7.033
73.78000 6.300
73.80000 5.751
73.82000 2.760
73.84000 7.307
73.86000 9.045
73.88000 7.401
73.90000 8.329
73.92000 2.753
73.94000 3.547
73.96000 3.729
73.98000 0.785
74.00000 2.692
74.02000 0.673
74.04000 4.114
74.06000 3.303
74.08000 4.632
74.10000 4.466
74.12000 0.866
74.14000 1.407
74.16000 1.598
74.18000 5.570
74.20000 3.151
74.22000 1.211
74.24000 4.854
74.26000 2.273
74.28000 3.194
74.30000 2.325
74.32000 2.174
74.34000 0.397
74.36000 -0.798
74.38000 3.614
74.40000 2.310
74.42000 5.072
74.44000 7.894
74.46000 5.753
74.48000 5.864
74.50000 7.729
74.52000 4.065
74.54000 8.042
74.56000 6.025
74.58000 4.642
74.60000 2.362
74.62000 -2.408
74.64000 0.291
74.66000 4.553
74.68000 7.434
74.70000 5.357
74.72000 3.826
74.74000 4.026
74.76000 3.434
74.78000 1.770
74.80000 4.649
74.82000 5.604
74.84000 5.996
74.86000 6.258
74.88000 5.043
74.90000 6.424
74.92000 0.643
74.94000 -1.137
74.96000 0.431
74.98000 2.598
75.00000 4.436
75.02000 4.885
75.04000 7.956
75.06000 6.739
75.08000 9.826
75.10000 0.718
75.12000 -0.535
75.14000 2.455
75.16000 3.181
75.18000 2.279
75.20000 0.463
75.22000 2.716
75.24000 6.491
75.26000 1.902
75.28000 -2.384
75.30000 0.676
75.32000 2.461
75.34000 5.357
75.36000 5.349
75.38000 4.166
75.40000 3.136
75.42000 1.620
75.44000 -0.336
75.46000 4.155
75.48000 3.243
75.50000 -0.253
75.52000 4.936
75.54000 1.410
75.56000 1.711
75.58000 5.983
75.60000 6.337
75.62000 8.720
75.64000 5.217
75.66000 4.077
75.68000 2.309
75.70000 -0.500
75.72000 0.705
75.74000 4.418
75.76000 5.197
75.78000 -0.636
75.80000 -0.643
75.82000 0.952
75.84000 2.559
75.86000 3.604
75.88000 3.764
75.90000 2.911
75.92000 5.855
75.94000 6.086
75.96000 5.778
75.98000 4.761
76.00000 0.709
76.02000 0.926
76.04000 3.432
76.06000 5.616
76.08000 5.743
76.10000 4.234
76.12000 4.016
76.14000 2.451
76.16000 1.644
76.18000 2.357
76.20000 5.224
76.22000 6.060
76.24000 3.675
76.26000 1.704
76.28000 0.961
76.30000 4.989
76.32000 1.002
76.34000 -1.789
76.36000 0.299
76.38000 -2.421
76.40000 1.538
76.42000 5.918
76.44000 3.708
76.46000 2.681
76.48000 3.139
76.50000 0.674
76.52000 -0.718
76.54000 -0.064
76.56000 5.401
76.58000 6.909
76.60000 3.126
76.62000 4.417
76.64000 5.259
76.66000 3.551
76.68000 2.491
76.70000 0.022
76.72000 2.645
76.74000 -0.682
76.76000 3.016
76.78000 8.129
76.80000 6.720
76.82000 2.628
76.84000 2.504
76.86000 3.171
76.88000 5.685
76.90000 1.894
76.92000 -2.444
76.94000 4.491
76.96000 4.979
76.98000 7.128
77.00000 8.399
77.02000 1.299
77.04000 -0.479
77.06000 1.231
77.08000 -0.717
77.10000 2.116
77.12000 2.153
77.14000 4.745
77.16000 4.600
77.18000 6.415
77.20000 4.120
77.22000 0.646
77.24000 2.460
77.26000 0.856
77.28000 2.608
77.30000 10.273
77.32000 5.151
77.34000 3.646
77.36000 1.411
77.38000 2.752
77.40000 2.666
77.42000 -0.539
77.44000 -0.594
77.46000 4.853
77.48000 3.284
77.50000 -0.147
77.52000 0.484
77.54000 0.531
77.56000 2.934
77.58000 3.441
77.60000 2.942
77.62000 4.017
77.64000 0.599
77.66000 4.450
77.68000 1.237
77.70000 4.279
77.72000 2.879
77.74000 3.743
77.76000 2.056
77.78000 3.387
77.80000 -2.464
77.82000 -1.610
77.84000 0.792
77.86000 0.981
77.88000 -0.351
77.90000 1.253
77.92000 9.890
77.94000 5.100
77.96000 3.142
77.98000 5.800
78.00000 3.280
78.02000 2.685
78.04000 -0.249
78.06000 6.513
78.08000 0.429
78.10000 0.365
78.12000 1.828
78.14000 0.951
78.16000 1.733
78.18000 5.493
78.20000 2.381
78.22000 2.960
78.24000 1.907
78.26000 0.194
78.28000 0.888
78.30000 0.863
78.32000 4.626
78.34000 1.728
78.36000 2.877
78.38000 5.869
78.40000 1.857
78.42000 0.580
78.44000 -1.705
78.46000 0.741
78.48000 1.023
78.50000 1.681
78.52000 2.918
78.54000 6.408
78.56000 2.981
78.58000 -1.631
78.60000 0.828
78.62000 1.497
78.64000 2.867
78.66000 4.533
78.68000 5.809
78.70000 0.159
78.72000 -1.742
78.74000 5.355
78.76000 2.011
78.78000 -0.609
78.80000 -0.510
78.82000 -0.009
78.84000 1.396
78.86000 3.554
78.88000 4.587
78.90000 -2.497
78.92000 1.961
78.94000 3.070
78.96000 3.159
78.98000 3.597
79.00000 7.561
79.02000 4.121
79.04000 1.004
79.06000 4.086
79.08000 3.667
79.10000 3.798
79.12000 -0.373
79.14000 3.085
79.16000 3.854
79.18000 6.278
79.20000 -1.789
79.22000 0.362
79.24000 3.688
79.26000 -0.252
79.28000 -1.946
79.30000 1.049
79.32000 2.983
79.34000 0.478
79.36000 3.977
79.38000 5.746
79.40000 1.786
79.42000 -0.812
79.44000 1.852
79.46000 1.942
79.48000 -0.326
79.50000 6.599
79.52000 2.019
79.54000 1.873
79.56000 -1.580
79.58000 -2.533
79.60000 -0.952
79.62000 2.597
79.64000 4.757
79.66000 9.487
79.68000 2.832
79.70000 -1.789
79.72000 -1.229
79.74000 1.423
79.76000 0.326
79.78000 -1.698
79.80000 0.050
79.82000 1.041
79.84000 1.239
79.86000 0.916
79.88000 -0.548
79.90000 1.348
79.92000 1.968
79.94000 -1.740
79.96000 -2.543
79.98000 7.809
80.00000 5.548
80.02000 7.745
80.04000 2.433
80.06000 6.633
80.08000 8.735
80.10000 4.726
80.12000 2.962
80.14000 0.567
80.16000 1.997
80.18000 1.949
80.20000 3.962
80.22000 1.780
80.24000 3.237
80.26000 3.447
80.28000 6.411
80.30000 7.983
80.32000 4.366
80.34000 8.538
80.36000 10.726
80.38000 9.868
80.40000 7.752
80.42000 3.359
80.44000 1.057
80.46000 -0.969
80.48000 0.722
80.50000 1.412
80.52000 3.683
80.54000 2.437
80.56000 -2.047
80.58000 -2.552
80.60000 -1.335
80.62000 1.320
80.64000 9.679
80.66000 9.803
80.68000 8.391
80.70000 9.342
80.72000 7.362
80.74000 7.020
80.76000 4.579
80.78000 5.484
80.80000 6.564
80.82000 1.552
80.84000 5.144
80.86000 7.723
80.88000 1.912
80.90000 6.670
80.92000 5.489
80.94000 6.672
80.96000 9.598
80.98000 7.806
81.00000 5.538
81.02000 9.162
81.04000 5.153
81.06000 4.117
81.08000 8.297
81.10000 7.217
81.12000 5.679
81.14000 10.115
81.16000 8.269
81.18000 9.483
81.20000 10.008
81.22000 5.562
81.24000 3.352
81.26000 5.022
81.28000 6.950
81.30000 2.007
81.32000 4.596
81.34000 4.249
81.36000 3.874
81.38000 4.561
81.40000 5.918
81.42000 15.979
81.44000 13.034
81.46000 11.299
81.48000 10.131
81.50000 10.294
81.52000 7.877
81.54000 16.315
81.56000 14.469
81.58000 10.639
81.60000 14.327
81.62000 10.680
81.64000 11.276
81.66000 9.380
81.68000 11.408
81.70000 15.548
81.72000 19.065
81.74000 12.295
81.76000 9.852
81.78000 9.266
81.80000 13.396
81.82000 8.442
81.84000 17.327
81.86000 18.719
81.88000 20.648
81.90000 24.972
81.92000 13.731
81.94000 10.112
81.96000 9.206
81.98000 16.596
82.00000 18.533
82.02000 17.515
82.04000 21.070
82.06000 17.986
82.08000 19.593
82.10000 21.522
82.12000 25.799
82.14000 21.809
82.16000 22.100
82.18000 23.493
82.20000 22.356
82.22000 22.666
82.24000 21.912
82.26000 26.330
82.28000 25.675
82.30000 24.358
82.32000 27.922
82.34000 23.014
82.36000 25.432
82.38000 23.479
82.40000 23.954
82.42000 24.488
82.44000 30.758
82.46000 26.407
82.48000 22.860
82.50000 21.639
82.52000 17.139
82.54000 18.490
82.56000 19.461
82.58000 21.128
82.60000 26.650
82.62000 26.883
82.64000 23.823
82.66000 22.123
82.68000 29.576
82.70000 31.632
82.72000 25.644
82.74000 23.128
82.76000 24.846
82.78000 22.704
82.80000 22.939
82.82000 22.781
82.84000 21.542
82.86000 25.117
82.88000 27.698
82.90000 24.756
82.92000 26.283
82.94000 28.295
82.96000 24.851
82.98000 24.399
83.00000 23.527
83.02000 23.285
83.04000 23.202
83.06000 24.192
83.08000 26.261
83.10000 26.629
83.12000 20.339
83.14000 19.865
83.16000 25.009
83.18000 18.551
83.20000 17.548
83.22000 20.438
83.24000 23.066
83.26000 16.364
83.28000 18.106
83.30000 12.075
83.32000 12.632
83.34000 18.988
83.36000 19.207
83.38000 15.302
83.40000 15.667
83.42000 16.326
83.44000 15.762
83.46000 16.795
83.48000 15.834
83.50000 14.004
83.52000 13.369
83.54000 18.289
83.56000 16.428
83.58000 11.166
83.60000 6.875
83.62000 12.039
83.64000 13.101
83.66000 10.464
83.68000 11.029
83.70000 11.734
83.72000 9.077
83.74000 9.706
83.76000 11.823
83.78000 8.423
83.80000 8.282
83.82000 9.671
83.84000 11.837
83.86000 13.511
83.88000 12.706
83.90000 13.918
83.92000 9.843
83.94000 4.668
83.96000 4.378
83.98000 5.110
84.00000 8.010
84.02000 6.328
84.04000 7.546
84.06000 8.323
84.08000 7.555
84.10000 5.218
84.12000 7.327
84.14000 7.130
84.16000 9.637
84.18000 7.533
84.20000 10.841
84.22000 13.355
84.24000 3.817
84.26000 2.712
84.28000 2.158
84.30000 6.077
84.32000 6.868
84.34000 2.072
84.36000 2.410
84.38000 7.777
84.40000 4.099
84.42000 4.628
84.44000 10.115
84.46000 7.050
84.48000 6.269
84.50000 2.299
84.52000 -2.567
84.54000 -1.764
84.56000 0.836
84.58000 0.786
84.60000 2.167
84.62000 7.557
84.64000 -0.348
84.66000 -1.440
84.68000 2.562
84.70000 4.188
84.72000 1.902
84.74000 7.885
84.76000 1.743
84.78000 1.865
84.80000 -0.937
84.82000 1.496
84.84000 1.869
84.86000 8.235
84.88000 4.471
84.90000 0.894
84.92000 -0.675
84.94000 1.205
84.96000 -2.509
84.98000 2.510
85.00000 1.853
85.02000 1.599
85.04000 2.747
85.06000 5.668
85.08000 1.144
85.10000 0.033
85.12000 2.176
85.14000 3.128
85.16000 0.699
85.18000 7.025
85.20000 5.849
85.22000 1.897
85.24000 1.186
85.26000 2.528
85.28000 0.780
85.30000 3.602
85.32000 2.531
85.34000 -0.109
85.36000 3.917
85.38000 3.023
85.40000 2.866
85.42000 2.599
85.44000 3.623
85.46000 4.594
85.48000 3.360
85.50000 2.181
85.52000 4.638
85.54000 4.446
85.56000 3.806
85.58000 1.678
85.60000 5.744
85.62000 4.698
85.64000 0.688
85.66000 0.654
85.68000 1.831
85.70000 8.736
85.72000 9.221
85.74000 4.219
85.76000 4.344
85.78000 5.465
85.80000 5.378
85.82000 6.484
85.84000 4.706
85.86000 7.957
85.88000 4.004
85.90000 -2.495
85.92000 0.444
85.94000 6.144
85.96000 8.624
85.98000 8.163
86.00000 5.311
86.02000 5.982
86.04000 7.744
86.06000 6.730
86.08000 7.977
86.10000 7.935
86.12000 5.855
86.14000 2.580
86.16000 9.024
86.18000 11.088
86.20000 5.563
86.22000 6.347
86.24000 12.024
86.26000 8.890
86.28000 6.285
86.30000 9.235
86.32000 10.707
86.34000 6.312
86.36000 6.867
86.38000 9.812
86.40000 9.266
86.42000 8.050
86.44000 10.454
86.46000 8.761
86.48000 10.092
86.50000 10.244
86.52000 12.613
86.54000 14.675
86.56000 6.850
86.58000 13.193
86.60000 18.472
86.62000 21.883
86.64000 15.473
86.66000 16.444
86.68000 16.500
86.70000 15.114
86.72000 13.618
86.74000 14.276
86.76000 18.518
86.78000 17.475
86.80000 18.562
86.82000 20.471
86.84000 13.791
86.86000 16.805
86.88000 21.790
86.90000 21.347
86.92000 22.403
86.94000 19.076
86.96000 21.393
86.98000 20.570
87.00000 16.770
87.02000 16.142
87.04000 16.759
87.06000 18.323
87.08000 23.090
87.10000 24.804
87.12000 24.270
87.14000 21.280
87.16000 21.629
87.18000 22.399
87.20000 22.279
87.22000 21.307
87.24000 21.673
87.26000 23.605
87.28000 21.469
87.30000 18.820
87.32000 21.808
87.34000 19.003
87.36000 12.507
87.38000 10.333
87.40000 12.756
87.42000 16.303
87.44000 20.819
87.46000 19.991
87.48000 18.475
87.50000 19.775
87.52000 24.408
87.54000 20.476
87.56000 16.222
87.58000 13.685
87.60000 16.679
87.62000 15.121
87.64000 13.098
87.66000 15.683
87.68000 12.179
87.70000 16.140
87.72000 14.195
87.74000 9.450
87.76000 11.588
87.78000 9.929
87.80000 16.703
87.82000 18.752
87.84000 15.466
87.86000 13.793
87.88000 17.320
87.90000 11.036
87.92000 9.472
87.94000 6.957
87.96000 3.615
87.98000 5.629
88.00000 10.465
88.02000 13.622
88.04000 9.656
88.06000 3.300
88.08000 2.287
88.10000 4.517
88.12000 7.990
88.14000 3.383
88.16000 4.461
88.18000 5.579
88.20000 5.583
88.22000 4.642
88.24000 3.524
88.26000 10.456
88.28000 3.923
88.30000 2.550
88.32000 4.186
88.34000 5.170
88.36000 8.738
88.38000 4.291
88.40000 -0.417
88.42000 -1.512
88.44000 -0.145
88.46000 -0.402
88.48000 -1.450
88.50000 -1.229
88.52000 3.642
88.54000 9.357
88.56000 6.837
88.58000 2.428
88.60000 5.715
88.62000 7.340
88.64000 3.821
88.66000 1.910
88.68000 6.237
88.70000 4.001
88.72000 4.085
88.74000 3.961
88.76000 -1.372
88.78000 4.116
88.80000 6.911
88.82000 2.126
88.84000 2.147
88.86000 4.460
88.88000 1.789
88.90000 1.608
88.92000 2.742
88.94000 1.034
88.96000 1.371
88.98000 0.514
89.00000 -2.394
89.02000 0.661
89.04000 3.484
89.06000 3.215
89.08000 4.166
89.10000 2.235
89.12000 4.450
89.14000 8.047
89.16000 11.591
89.18000 8.523
89.20000 2.823
89.22000 3.640
89.24000 2.921
89.26000 1.424
89.28000 -0.955
89.30000 2.287
89.32000 2.976
89.34000 -0.690
89.36000 -0.044
89.38000 4.147
89.40000 6.470
89.42000 3.716
89.44000 3.397
89.46000 1.029
89.48000 1.489
89.50000 2.124
89.52000 1.117
89.54000 -0.348
89.56000 3.011
89.58000 9.358
89.60000 3.598
89.62000 1.074
89.64000 -2.344
89.66000 2.651
89.68000 2.634
89.70000 1.300
89.72000 2.560
89.74000 0.746
89.76000 2.154
89.78000 2.691
89.80000 1.812
89.82000 0.277
89.84000 1.191
89.86000 3.714
89.88000 -2.075
89.90000 1.770
89.92000 -0.497
89.94000 3.103
89.96000 4.897
89.98000 1.854
90.00000 2.886
90.02000 6.517
90.04000 5.699
90.06000 4.782
90.08000 2.515
90.10000 3.116
90.12000 -1.002
90.14000 2.315
90.16000 2.469
90.18000 0.091
90.20000 4.888
90.22000 4.688
90.24000 -2.081
90.26000 -0.450
90.28000 3.289
90.30000 -1.172
90.32000 -0.235
90.34000 0.254
90.36000 5.878
90.38000 -2.330
90.40000 1.913
90.42000 2.021
90.44000 1.065
90.46000 0.337
90.48000 6.565
90.50000 10.241
90.52000 9.057
90.54000 10.930
90.56000 9.641
90.58000 2.565
90.60000 2.047
90.62000 2.492
90.64000 7.104
90.66000 3.075
90.68000 -0.639
90.70000 -2.068
90.72000 2.140
90.74000 1.489
90.76000 1.442
90.78000 0.882
90.80000 3.850
90.82000 -2.241
90.84000 -2.318
90.86000 2.281
90.88000 -1.529
90.90000 -0.665
90.92000 0.549
90.94000 3.033
90.96000 -0.544
90.98000 5.002
91.00000 3.371
91.02000 7.139
91.04000 3.843
91.06000 3.435
91.08000 1.010
91.10000 5.497
91.12000 7.527
91.14000 9.823
91.16000 7.153
91.18000 3.425
91.20000 7.460
91.22000 2.052
91.24000 2.224
91.26000 1.501
91.28000 -2.301
91.30000 1.730
91.32000 3.463
91.34000 4.012
91.36000 7.532
91.38000 5.326
91.40000 -0.226
91.42000 3.528
91.44000 4.227
91.46000 2.968
91.48000 5.162
91.50000 5.619
91.52000 5.416
91.54000 6.049
91.56000 2.167
91.58000 2.845
91.60000 4.813
91.62000 0.631
91.64000 6.322
91.66000 9.236
91.68000 2.926
91.70000 2.275
91.72000 3.767
91.74000 1.188
91.76000 0.492
91.78000 -0.189
91.80000 0.536
91.82000 4.406
91.84000 8.178
91.86000 11.838
91.88000 5.182
91.90000 3.627
91.92000 4.198
91.94000 6.730
91.96000 8.755
91.98000 2.734
92.00000 0.160
92.02000 1.726
92.04000 -0.234
92.06000 -2.281
92.08000 2.626
92.10000 -1.085
92.12000 1.283
92.14000 5.214
92.16000 3.049
92.18000 3.127
92.20000 2.499
92.22000 3.884
92.24000 3.121
92.26000 -0.639
92.28000 3.298
92.30000 -0.618
92.32000 0.471
92.34000 1.689
92.36000 5.207
92.38000 6.706
92.40000 7.263
92.42000 8.322
92.44000 8.111
92.46000 4.158
92.48000 2.862
92.50000 4.062
92.52000 2.100
92.54000 2.896
92.56000 3.856
92.58000 4.506
92.60000 5.291
92.62000 0.975
92.64000 3.191
92.66000 2.929
92.68000 7.132
92.70000 8.184
92.72000 3.237
92.74000 0.225
92.76000 -0.420
92.78000 -1.661
92.80000 -2.103
92.82000 -1.327
92.84000 -0.757
92.86000 6.729
92.88000 11.227
92.90000 1.649
92.92000 -1.979
92.94000 1.388
92.96000 4.350
92.98000 1.401
93.00000 3.304
93.02000 3.975
93.04000 1.228
93.06000 -0.606
93.08000 4.427
93.10000 2.542
93.12000 0.538
93.14000 5.253
93.16000 7.900
93.18000 4.829
93.20000 3.285
93.22000 0.654
93.24000 2.538
93.26000 9.150
93.28000 4.506
93.30000 7.967
93.32000 7.704
93.34000 4.125
93.36000 2.324
93.38000 -2.288
93.40000 2.503
93.42000 5.023
93.44000 5.815
93.46000 2.003
93.48000 5.231
93.50000 6.656
93.52000 8.831
93.54000 3.436
93.56000 2.573
93.58000 3.850
93.60000 4.791
93.62000 8.859
93.64000 7.979
93.66000 7.391
93.68000 7.839
93.70000 6.073
93.72000 2.355
93.74000 4.832
93.76000 3.667
93.78000 -0.309
93.80000 0.940
93.82000 6.024
93.84000 4.295
93.86000 4.148
93.88000 2.873
93.90000 4.258
93.92000 3.371
93.94000 3.889
93.96000 6.553
93.98000 11.003
94.00000 10.942
94.02000 9.861
94.04000 6.044
94.06000 6.204
94.08000 3.821
94.10000 5.699
94.12000 1.898
94.14000 -2.253
94.16000 4.351
94.18000 11.163
94.20000 9.178
94.22000 6.553
94.24000 7.064
94.26000 8.007
94.28000 9.175
94.30000 6.773
94.32000 6.552
94.34000 8.942
94.36000 5.798
94.38000 5.833
94.40000 4.251
94.42000 5.447
94.44000 9.415
94.46000 5.755
94.48000 7.367
94.50000 8.579
94.52000 6.852
94.54000 7.273
94.56000 5.152
94.58000 7.087
94.60000 8.065
94.62000 9.314
94.64000 9.353
94.66000 5.988
94.68000 3.611
94.70000 3.693
94.72000 4.643
94.74000 7.221
94.76000 6.337
94.78000 5.116
94.80000 6.796
94.82000 3.146
94.84000 2.433
94.86000 6.792
94.88000 10.128
94.90000 5.539
94.92000 4.085
94.94000 11.017
94.96000 8.311
94.98000 6.312
95.00000 3.436
95.02000 3.311
95.04000 5.611
95.06000 6.948
95.08000 8.468
95.10000 10.174
95.12000 9.116
95.14000 4.990
95.16000 3.894
95.18000 3.763
95.20000 13.015
95.22000 10.721
95.24000 4.586
95.26000 0.554
95.28000 1.983
95.30000 4.911
95.32000 6.878
95.34000 7.555
95.36000 4.862
95.38000 3.013
95.40000 7.621
95.42000 6.041
95.44000 3.093
95.46000 7.498
95.48000 9.009
95.50000 10.089
95.52000 10.841
95.54000 9.338
95.56000 5.220
95.58000 6.045
95.60000 1.649
95.62000 6.828
95.64000 6.190
95.66000 6.568
95.68000 8.248
95.70000 4.739
95.72000 5.867
95.74000 2.334
95.76000 3.161
95.78000 8.193
95.80000 10.902
95.82000 3.682
95.84000 -1.598
95.86000 0.352
95.88000 -2.290
95.90000 3.088
95.92000 9.626
95.94000 9.402
95.96000 5.929
95.98000 6.998
96.00000 5.532
96.02000 7.185
96.04000 11.002
96.06000 10.030
96.08000 10.919
96.10000 6.588
96.12000 6.879
96.14000 3.410
96.16000 5.955
96.18000 3.887
96.20000 6.122
96.22000 10.231
96.24000 11.597
96.26000 9.917
96.28000 1.885
96.30000 3.905
96.32000 3.149
96.34000 2.767
96.36000 -1.236
96.38000 1.846
96.40000 6.118
96.42000 8.210
96.44000 10.334
96.46000 7.377
96.48000 5.157
96.50000 7.393
96.52000 7.614
96.54000 5.835
96.56000 5.984
96.58000 6.136
96.60000 7.250
96.62000 5.763
96.64000 5.657
96.66000 2.538
96.68000 9.673
96.70000 4.076
96.72000 5.404
96.74000 5.272
96.76000 5.786
96.78000 9.990
96.80000 7.534
96.82000 3.237
96.84000 -1.022
96.86000 2.909
96.88000 9.838
96.90000 2.144
96.92000 0.591
96.94000 -2.156
96.96000 7.319
96.98000 5.724
97.00000 1.310
97.02000 2.584
97.04000 4.050
97.06000 8.309
97.08000 11.082
97.10000 5.964
97.12000 9.305
97.14000 17.176
97.16000 8.848
97.18000 3.704
97.20000 7.971
97.22000 8.710
97.24000 7.370
97.26000 3.657
97.28000 1.764
97.30000 2.205
97.32000 3.751
97.34000 1.386
97.36000 3.350
97.38000 11.933
97.40000 10.099
97.42000 9.335
97.44000 11.024
97.46000 9.115
97.48000 8.891
97.50000 6.160
97.52000 8.956
97.54000 11.504
97.56000 10.627
97.58000 7.242
97.60000 8.543
97.62000 2.129
97.64000 4.700
97.66000 8.054
97.68000 9.280
97.70000 15.688
97.72000 12.314
97.74000 13.720
97.76000 15.007
97.78000 13.376
97.80000 10.040
97.82000 11.808
97.84000 16.554
97.86000 10.923
97.88000 11.459
97.90000 16.623
97.92000 9.686
97.94000 13.450
97.96000 8.416
97.98000 9.529
98.00000 9.775
98.02000 8.009
98.04000 12.341
98.06000 9.612
98.08000 7.427
98.10000 8.238
98.12000 2.413
98.14000 7.613
98.16000 11.301
98.18000 18.724
98.20000 9.917
98.22000 2.144
98.24000 -2.153
98.26000 8.084
98.28000 19.854
98.30000 11.456
98.32000 8.962
98.34000 11.183
98.36000 8.847
98.38000 3.710
98.40000 8.723
98.42000 9.487
98.44000 13.276
98.46000 14.041
98.48000 12.942
98.50000 11.608
98.52000 6.786
98.54000 9.571
98.56000 9.147
98.58000 10.789
98.60000 15.692
98.62000 10.204
98.64000 15.974
98.66000 13.451
98.68000 13.090
98.70000 13.323
98.72000 11.543
98.74000 8.253
98.76000 14.536
98.78000 14.266
98.80000 6.597
98.82000 12.795
98.84000 17.794
98.86000 16.236
98.88000 15.293
98.90000 18.275
98.92000 10.282
98.94000 8.904
98.96000 13.131
98.98000 8.703
99.00000 11.596
99.02000 7.415
99.04000 3.230
99.06000 4.771
99.08000 9.012
99.10000 7.362
99.12000 3.111
99.14000 4.781
99.16000 7.544
99.18000 9.134
99.20000 6.144
99.22000 5.600
99.24000 14.998
99.26000 15.095
99.28000 16.804
99.30000 10.272
99.32000 10.426
99.34000 3.759
99.36000 6.428
99.38000 11.074
99.40000 11.642
99.42000 6.066
99.44000 8.238
99.46000 5.743
99.48000 7.058
99.50000 3.552
99.52000 10.435
99.54000 13.475
99.56000 6.118
99.58000 7.783
99.60000 11.065
99.62000 19.457
99.64000 13.120
99.66000 8.834
99.68000 5.263
99.70000 2.529
99.72000 2.273
99.74000 -2.134
99.76000 2.977
99.78000 7.009
99.80000 8.452
99.82000 9.516
99.84000 12.062
99.86000 17.149
99.88000 8.436
99.90000 6.569
99.92000 -3.285
99.94000 5.223
99.96000 -2.767
99.98000 0.000
