'Id: "0011387" Comment: "Integrate frame 0011387_Au-Ir-Rh_Rh-rich_XRD-Mapping-081-0000.gfrmwith cursor Wedge Cursor #5" Operator: "B?rgel" Anode: "Cu" Wavelength: "1.5406" Scantype: "2Theta (TwoTheta)" TimePerStep: "1" X: "-13.5" Y: "-18" Z: "5.95" 
10.00000 0.000
10.02000 2.505
10.04000 -4.329
10.06000 -0.588
10.08000 -0.860
10.10000 11.639
10.12000 15.417
10.14000 6.175
10.16000 6.126
10.18000 4.478
10.20000 9.924
10.22000 13.212
10.24000 10.787
10.26000 1.663
10.28000 4.440
10.30000 25.011
10.32000 22.920
10.34000 14.906
10.36000 12.439
10.38000 -4.499
10.40000 13.649
10.42000 8.579
10.44000 9.694
10.46000 33.061
10.48000 15.958
10.50000 11.847
10.52000 12.532
10.54000 17.186
10.56000 23.049
10.58000 27.804
10.60000 28.782
10.62000 9.035
10.64000 15.979
10.66000 17.878
10.68000 16.758
10.70000 17.190
10.72000 12.850
10.74000 18.145
10.76000 18.757
10.78000 10.413
10.80000 -4.258
10.82000 8.715
10.84000 5.907
10.86000 17.822
10.88000 21.453
10.90000 25.578
10.92000 19.531
10.94000 16.333
10.96000 19.405
10.98000 21.733
11.00000 14.735
11.02000 6.264
11.04000 4.879
11.06000 13.681
11.08000 18.189
11.10000 18.266
11.12000 16.370
11.14000 4.929
11.16000 7.712
11.18000 10.855
11.20000 12.779
11.22000 17.831
11.24000 27.889
11.26000 38.260
11.28000 33.198
11.30000 17.321
11.32000 16.672
11.34000 7.356
11.36000 3.820
11.38000 9.856
11.40000 11.818
11.42000 26.431
11.44000 21.483
11.46000 18.929
11.48000 12.699
11.50000 11.530
11.52000 12.799
11.54000 18.507
11.56000 26.546
11.58000 19.436
11.60000 15.230
11.62000 22.528
11.64000 25.661
11.66000 21.570
11.68000 26.779
11.70000 21.306
11.72000 12.944
11.74000 12.086
11.76000 9.223
11.78000 15.319
11.80000 12.056
11.82000 17.735
11.84000 23.111
11.86000 19.950
11.88000 7.046
11.90000 3.157
11.92000 10.882
11.94000 26.554
11.96000 15.309
11.98000 4.755
12.00000 2.732
12.02000 -1.611
12.04000 7.495
12.06000 10.715
12.08000 9.066
12.10000 9.294
12.12000 14.269
12.14000 18.234
12.16000 15.827
12.18000 5.682
12.20000 2.737
12.22000 10.086
12.24000 13.751
12.26000 15.423
12.28000 14.928
12.30000 19.288
12.32000 22.848
12.34000 17.808
12.36000 5.749
12.38000 9.185
12.40000 20.789
12.42000 18.868
12.44000 16.486
12.46000 18.366
12.48000 10.437
12.50000 13.514
12.52000 8.681
12.54000 10.800
12.56000 5.858
12.58000 6.412
12.60000 2.804
12.62000 10.323
12.64000 8.978
12.66000 4.434
12.68000 10.852
12.70000 7.736
12.72000 8.586
12.74000 12.178
12.76000 7.335
12.78000 12.528
12.80000 7.192
12.82000 10.909
12.84000 15.818
12.86000 10.402
12.88000 15.211
12.90000 11.403
12.92000 15.835
12.94000 17.973
12.96000 11.975
12.98000 1.944
13.00000 6.995
13.02000 19.274
13.04000 21.983
13.06000 9.191
13.08000 5.957
13.10000 4.934
13.12000 4.847
13.14000 16.655
13.16000 17.742
13.18000 18.382
13.20000 21.682
13.22000 15.604
13.24000 11.436
13.26000 21.729
13.28000 5.910
13.30000 -2.448
13.32000 11.002
13.34000 19.370
13.36000 15.823
13.38000 9.994
13.40000 5.755
13.42000 9.080
13.44000 11.532
13.46000 14.833
13.48000 16.203
13.50000 9.233
13.52000 5.317
13.54000 6.244
13.56000 4.670
13.58000 8.742
13.60000 12.887
13.62000 15.773
13.64000 12.105
13.66000 3.164
13.68000 15.239
13.70000 11.530
13.72000 3.106
13.74000 -4.444
13.76000 -0.612
13.78000 8.015
13.80000 12.242
13.82000 9.259
13.84000 15.101
13.86000 15.892
13.88000 10.073
13.90000 17.676
13.92000 20.308
13.94000 19.640
13.96000 20.621
13.98000 11.566
14.00000 6.123
14.02000 8.856
14.04000 9.268
14.06000 14.820
14.08000 17.083
14.10000 10.086
14.12000 5.599
14.14000 4.597
14.16000 4.810
14.18000 7.247
14.20000 8.287
14.22000 11.135
14.24000 14.565
14.26000 15.150
14.28000 9.664
14.30000 4.059
14.32000 11.717
14.34000 4.281
14.36000 7.597
14.38000 12.186
14.40000 12.180
14.42000 13.325
14.44000 4.086
14.46000 4.095
14.48000 4.878
14.50000 6.296
14.52000 5.692
14.54000 10.566
14.56000 7.585
14.58000 5.655
14.60000 11.127
14.62000 8.952
14.64000 1.905
14.66000 3.705
14.68000 13.914
14.70000 16.811
14.72000 12.518
14.74000 16.109
14.76000 17.311
14.78000 7.531
14.80000 2.952
14.82000 4.977
14.84000 8.774
14.86000 1.499
14.88000 3.238
14.90000 8.865
14.92000 11.957
14.94000 18.055
14.96000 6.605
14.98000 6.936
15.00000 11.375
15.02000 4.715
15.04000 11.096
15.06000 10.889
15.08000 4.876
15.10000 11.264
15.12000 5.481
15.14000 -4.383
15.16000 4.862
15.18000 11.586
15.20000 10.066
15.22000 8.120
15.24000 2.841
15.26000 10.523
15.28000 12.550
15.30000 16.609
15.32000 9.553
15.34000 -1.688
15.36000 10.802
15.38000 15.789
15.40000 20.771
15.42000 16.558
15.44000 13.156
15.46000 12.847
15.48000 8.361
15.50000 7.428
15.52000 6.428
15.54000 11.762
15.56000 12.376
15.58000 20.692
15.60000 13.051
15.62000 15.340
15.64000 7.764
15.66000 3.445
15.68000 1.713
15.70000 8.813
15.72000 13.347
15.74000 4.700
15.76000 0.377
15.78000 3.894
15.80000 9.639
15.82000 10.551
15.84000 9.868
15.86000 9.027
15.88000 5.024
15.90000 0.570
15.92000 1.820
15.94000 3.755
15.96000 -4.400
15.98000 0.026
16.00000 -1.313
16.02000 4.406
16.04000 15.406
16.06000 7.936
16.08000 5.053
16.10000 -0.221
16.12000 5.891
16.14000 3.905
16.16000 1.150
16.18000 9.352
16.20000 5.207
16.22000 2.360
16.24000 4.224
16.26000 10.574
16.28000 0.613
16.30000 -1.399
16.32000 3.901
16.34000 11.180
16.36000 7.083
16.38000 9.043
16.40000 11.293
16.42000 10.022
16.44000 12.970
16.46000 2.487
16.48000 0.959
16.50000 7.880
16.52000 4.141
16.54000 2.970
16.56000 2.258
16.58000 -0.078
16.60000 3.687
16.62000 4.528
16.64000 8.878
16.66000 7.252
16.68000 0.182
16.70000 0.274
16.72000 1.266
16.74000 6.621
16.76000 9.501
16.78000 6.935
16.80000 3.131
16.82000 -2.232
16.84000 1.910
16.86000 11.264
16.88000 9.515
16.90000 3.831
16.92000 5.803
16.94000 1.685
16.96000 6.423
16.98000 9.760
17.00000 11.484
17.02000 14.862
17.04000 16.896
17.06000 12.411
17.08000 5.989
17.10000 1.361
17.12000 2.605
17.14000 6.929
17.16000 2.054
17.18000 1.090
17.20000 -0.258
17.22000 3.637
17.24000 4.306
17.26000 2.175
17.28000 8.661
17.30000 2.604
17.32000 2.469
17.34000 6.664
17.36000 6.967
17.38000 5.791
17.40000 5.859
17.42000 5.351
17.44000 8.055
17.46000 5.683
17.48000 3.092
17.50000 3.673
17.52000 4.720
17.54000 1.872
17.56000 2.548
17.58000 3.404
17.60000 4.527
17.62000 0.902
17.64000 4.952
17.66000 13.748
17.68000 13.238
17.70000 8.331
17.72000 5.013
17.74000 0.150
17.76000 -0.137
17.78000 -3.279
17.80000 4.751
17.82000 1.759
17.84000 1.078
17.86000 2.947
17.88000 3.515
17.90000 5.254
17.92000 2.162
17.94000 -0.115
17.96000 -0.317
17.98000 5.645
18.00000 -2.301
18.02000 4.295
18.04000 4.249
18.06000 1.465
18.08000 -4.307
18.10000 -3.418
18.12000 7.991
18.14000 1.542
18.16000 1.250
18.18000 7.715
18.20000 2.953
18.22000 10.458
18.24000 7.162
18.26000 7.939
18.28000 10.607
18.30000 7.034
18.32000 5.180
18.34000 7.532
18.36000 7.260
18.38000 4.346
18.40000 4.712
18.42000 13.074
18.44000 13.219
18.46000 13.228
18.48000 12.347
18.50000 8.527
18.52000 2.891
18.54000 2.881
18.56000 2.657
18.58000 3.402
18.60000 5.332
18.62000 7.723
18.64000 12.229
18.66000 8.146
18.68000 4.959
18.70000 6.074
18.72000 2.995
18.74000 4.875
18.76000 1.746
18.78000 -3.087
18.80000 5.016
18.82000 6.936
18.84000 1.188
18.86000 -2.307
18.88000 1.302
18.90000 1.312
18.92000 3.191
18.94000 8.111
18.96000 14.712
18.98000 13.773
19.00000 6.372
19.02000 5.327
19.04000 13.845
19.06000 9.505
19.08000 8.545
19.10000 8.629
19.12000 8.529
19.14000 4.144
19.16000 6.535
19.18000 12.851
19.20000 14.682
19.22000 1.924
19.24000 -4.222
19.26000 2.536
19.28000 8.156
19.30000 10.582
19.32000 8.003
19.34000 3.456
19.36000 0.397
19.38000 7.790
19.40000 4.003
19.42000 2.375
19.44000 4.559
19.46000 7.933
19.48000 5.677
19.50000 7.080
19.52000 9.188
19.54000 11.362
19.56000 9.569
19.58000 3.770
19.60000 9.487
19.62000 11.571
19.64000 6.060
19.66000 0.978
19.68000 -1.580
19.70000 -1.108
19.72000 0.806
19.74000 1.728
19.76000 3.462
19.78000 11.862
19.80000 7.789
19.82000 5.441
19.84000 -2.632
19.86000 3.588
19.88000 12.012
19.90000 2.233
19.92000 -0.238
19.94000 0.632
19.96000 -0.764
19.98000 2.583
20.00000 7.293
20.02000 0.668
20.04000 -0.829
20.06000 2.966
20.08000 7.049
20.10000 7.238
20.12000 9.875
20.14000 3.384
20.16000 4.940
20.18000 8.051
20.20000 9.626
20.22000 8.921
20.24000 8.136
20.26000 2.335
20.28000 2.968
20.30000 4.429
20.32000 0.320
20.34000 3.228
20.36000 -4.122
20.38000 6.082
20.40000 5.906
20.42000 7.785
20.44000 3.097
20.46000 4.167
20.48000 4.061
20.50000 1.412
20.52000 6.336
20.54000 8.477
20.56000 2.112
20.58000 5.785
20.60000 3.218
20.62000 -0.518
20.64000 -0.414
20.66000 3.782
20.68000 1.441
20.70000 -1.273
20.72000 -3.603
20.74000 3.626
20.76000 12.438
20.78000 8.744
20.80000 6.239
20.82000 11.250
20.84000 4.227
20.86000 -0.239
20.88000 -0.142
20.90000 8.973
20.92000 5.234
20.94000 1.976
20.96000 5.921
20.98000 6.034
21.00000 4.393
21.02000 4.911
21.04000 7.875
21.06000 3.872
21.08000 1.362
21.10000 2.048
21.12000 7.433
21.14000 10.662
21.16000 8.251
21.18000 4.600
21.20000 3.821
21.22000 6.325
21.24000 5.352
21.26000 6.306
21.28000 9.136
21.30000 8.046
21.32000 6.879
21.34000 8.395
21.36000 6.236
21.38000 8.221
21.40000 6.540
21.42000 -4.078
21.44000 0.621
21.46000 1.059
21.48000 7.945
21.50000 12.081
21.52000 9.709
21.54000 7.916
21.56000 7.152
21.58000 6.398
21.60000 6.300
21.62000 4.684
21.64000 10.748
21.66000 6.204
21.68000 4.027
21.70000 3.712
21.72000 2.584
21.74000 5.850
21.76000 8.901
21.78000 0.797
21.80000 -3.970
21.82000 2.273
21.84000 4.523
21.86000 2.572
21.88000 5.056
21.90000 4.573
21.92000 1.586
21.94000 8.648
21.96000 10.222
21.98000 4.752
22.00000 6.850
22.02000 6.339
22.04000 6.612
22.06000 2.448
22.08000 -2.794
22.10000 4.613
22.12000 0.076
22.14000 0.708
22.16000 5.925
22.18000 5.264
22.20000 10.968
22.22000 12.599
22.24000 3.781
22.26000 2.879
22.28000 6.469
22.30000 3.708
22.32000 2.881
22.34000 3.850
22.36000 -1.330
22.38000 4.395
22.40000 11.484
22.42000 11.695
22.44000 7.699
22.46000 1.939
22.48000 2.413
22.50000 3.988
22.52000 9.857
22.54000 8.902
22.56000 7.006
22.58000 3.168
22.60000 -2.350
22.62000 3.231
22.64000 6.152
22.66000 8.048
22.68000 6.957
22.70000 0.591
22.72000 0.988
22.74000 0.606
22.76000 9.882
22.78000 4.618
22.80000 0.773
22.82000 1.348
22.84000 2.003
22.86000 3.286
22.88000 6.413
22.90000 4.233
22.92000 5.310
22.94000 5.432
22.96000 6.740
22.98000 0.790
23.00000 4.337
23.02000 7.990
23.04000 3.620
23.06000 -0.943
23.08000 -1.433
23.10000 -1.781
23.12000 0.511
23.14000 3.306
23.16000 6.650
23.18000 3.057
23.20000 -0.158
23.22000 1.228
23.24000 7.076
23.26000 4.356
23.28000 5.236
23.30000 7.850
23.32000 1.481
23.34000 -1.254
23.36000 2.898
23.38000 1.835
23.40000 4.391
23.42000 2.682
23.44000 4.962
23.46000 7.885
23.48000 4.409
23.50000 -3.489
23.52000 1.765
23.54000 7.209
23.56000 5.346
23.58000 4.754
23.60000 2.289
23.62000 4.121
23.64000 12.413
23.66000 8.275
23.68000 4.945
23.70000 3.902
23.72000 3.316
23.74000 6.888
23.76000 4.445
23.78000 6.043
23.80000 2.268
23.82000 1.779
23.84000 5.521
23.86000 1.863
23.88000 -0.178
23.90000 -0.126
23.92000 0.250
23.94000 4.873
23.96000 5.666
23.98000 4.722
24.00000 -1.713
24.02000 1.902
24.04000 6.911
24.06000 6.286
24.08000 9.230
24.10000 5.825
24.12000 0.909
24.14000 0.055
24.16000 -3.927
24.18000 -0.230
24.20000 3.079
24.22000 0.536
24.24000 3.954
24.26000 1.412
24.28000 -1.942
24.30000 4.219
24.32000 4.106
24.34000 3.100
24.36000 12.227
24.38000 14.471
24.40000 10.475
24.42000 8.564
24.44000 9.723
24.46000 10.117
24.48000 5.617
24.50000 4.077
24.52000 0.613
24.54000 2.371
24.56000 5.730
24.58000 4.090
24.60000 3.674
24.62000 3.623
24.64000 5.510
24.66000 4.943
24.68000 3.341
24.70000 0.172
24.72000 6.068
24.74000 8.789
24.76000 8.568
24.78000 8.866
24.80000 3.961
24.82000 1.911
24.84000 2.218
24.86000 6.386
24.88000 2.507
24.90000 2.979
24.92000 0.946
24.94000 2.638
24.96000 7.039
24.98000 -2.172
25.00000 -2.632
25.02000 3.508
25.04000 4.619
25.06000 3.929
25.08000 1.093
25.10000 -2.663
25.12000 0.782
25.14000 3.614
25.16000 0.578
25.18000 1.123
25.20000 -1.804
25.22000 0.570
25.24000 7.374
25.26000 9.585
25.28000 4.426
25.30000 7.751
25.32000 8.311
25.34000 3.464
25.36000 0.035
25.38000 4.201
25.40000 0.383
25.42000 1.980
25.44000 1.983
25.46000 0.028
25.48000 8.001
25.50000 6.960
25.52000 2.084
25.54000 12.089
25.56000 12.052
25.58000 3.683
25.60000 5.661
25.62000 -0.917
25.64000 -3.241
25.66000 -3.877
25.68000 -1.781
25.70000 1.887
25.72000 -0.793
25.74000 -0.880
25.76000 1.180
25.78000 -0.359
25.80000 -0.914
25.82000 0.556
25.84000 2.109
25.86000 8.126
25.88000 4.096
25.90000 -1.059
25.92000 0.732
25.94000 3.181
25.96000 0.247
25.98000 1.585
26.00000 6.853
26.02000 6.074
26.04000 5.195
26.06000 4.997
26.08000 5.545
26.10000 13.440
26.12000 13.876
26.14000 2.997
26.16000 3.206
26.18000 2.886
26.20000 1.812
26.22000 7.802
26.24000 9.251
26.26000 9.104
26.28000 7.604
26.30000 6.605
26.32000 8.964
26.34000 0.898
26.36000 0.931
26.38000 -0.323
26.40000 -1.488
26.42000 -3.833
26.44000 -2.547
26.46000 5.056
26.48000 9.439
26.50000 7.250
26.52000 3.825
26.54000 11.965
26.56000 9.803
26.58000 5.122
26.60000 1.007
26.62000 -2.140
26.64000 5.053
26.66000 10.265
26.68000 4.694
26.70000 7.692
26.72000 4.526
26.74000 0.909
26.76000 5.217
26.78000 5.406
26.80000 6.082
26.82000 2.094
26.84000 5.825
26.86000 9.772
26.88000 4.698
26.90000 8.326
26.92000 6.097
26.94000 3.896
26.96000 2.372
26.98000 9.551
27.00000 8.687
27.02000 9.383
27.04000 6.077
27.06000 0.845
27.08000 3.128
27.10000 3.415
27.12000 0.398
27.14000 4.226
27.16000 10.200
27.18000 4.100
27.20000 -1.970
27.22000 -3.785
27.24000 2.312
27.26000 7.797
27.28000 7.373
27.30000 5.954
27.32000 0.351
27.34000 -1.554
27.36000 6.981
27.38000 11.031
27.40000 5.979
27.42000 1.914
27.44000 0.157
27.46000 0.518
27.48000 6.103
27.50000 4.360
27.52000 3.593
27.54000 1.910
27.56000 5.925
27.58000 5.252
27.60000 0.041
27.62000 0.400
27.64000 -3.405
27.66000 -2.176
27.68000 3.051
27.70000 4.958
27.72000 3.786
27.74000 1.191
27.76000 3.311
27.78000 -0.243
27.80000 -3.226
27.82000 4.537
27.84000 7.863
27.86000 8.160
27.88000 2.150
27.90000 -3.757
27.92000 3.312
27.94000 4.767
27.96000 1.012
27.98000 3.111
28.00000 5.955
28.02000 6.165
28.04000 7.189
28.06000 1.760
28.08000 0.863
28.10000 -1.304
28.12000 -3.757
28.14000 -2.529
28.16000 1.153
28.18000 4.139
28.20000 5.137
28.22000 3.896
28.24000 3.668
28.26000 6.321
28.28000 1.667
28.30000 4.194
28.32000 5.555
28.34000 3.623
28.36000 -1.050
28.38000 -0.255
28.40000 4.975
28.42000 4.059
28.44000 5.701
28.46000 4.343
28.48000 -0.493
28.50000 1.070
28.52000 0.286
28.54000 5.640
28.56000 3.763
28.58000 2.898
28.60000 2.163
28.62000 1.737
28.64000 2.847
28.66000 -2.036
28.68000 5.549
28.70000 6.450
28.72000 3.016
28.74000 5.522
28.76000 6.428
28.78000 1.956
28.80000 3.284
28.82000 1.513
28.84000 -3.561
28.86000 1.008
28.88000 1.206
28.90000 1.266
28.92000 0.076
28.94000 2.032
28.96000 -1.395
28.98000 -1.437
29.00000 -1.187
29.02000 -1.536
29.04000 2.115
29.06000 1.503
29.08000 0.812
29.10000 -0.289
29.12000 0.657
29.14000 6.514
29.16000 4.106
29.18000 4.134
29.20000 2.418
29.22000 -0.106
29.24000 -3.711
29.26000 -2.515
29.28000 -0.363
29.30000 -1.358
29.32000 -2.659
29.34000 -2.841
29.36000 -0.079
29.38000 4.604
29.40000 7.542
29.42000 5.945
29.44000 1.210
29.46000 -0.775
29.48000 2.555
29.50000 2.924
29.52000 -0.637
29.54000 -0.032
29.56000 -2.916
29.58000 2.294
29.60000 5.805
29.62000 0.711
29.64000 1.096
29.66000 0.924
29.68000 -1.693
29.70000 -0.950
29.72000 -1.164
29.74000 -3.089
29.76000 -1.784
29.78000 4.347
29.80000 4.695
29.82000 2.689
29.84000 1.057
29.86000 1.463
29.88000 1.486
29.90000 5.547
29.92000 2.219
29.94000 1.756
29.96000 0.196
29.98000 0.515
30.00000 4.323
30.02000 2.784
30.04000 -0.075
30.06000 2.478
30.08000 2.384
30.10000 2.312
30.12000 0.001
30.14000 -3.641
30.16000 -1.270
30.18000 0.817
30.20000 6.212
30.22000 6.844
30.24000 9.006
30.26000 4.674
30.28000 0.614
30.30000 -0.656
30.32000 1.080
30.34000 1.347
30.36000 8.738
30.38000 2.241
30.40000 2.847
30.42000 10.400
30.44000 6.117
30.46000 1.750
30.48000 4.286
30.50000 2.994
30.52000 3.833
30.54000 3.691
30.56000 0.667
30.58000 4.447
30.60000 2.212
30.62000 0.239
30.64000 4.530
30.66000 6.057
30.68000 8.418
30.70000 5.349
30.72000 3.349
30.74000 1.973
30.76000 4.138
30.78000 3.733
30.80000 2.889
30.82000 3.574
30.84000 6.414
30.86000 5.350
30.88000 2.131
30.90000 -3.606
30.92000 -3.234
30.94000 1.712
30.96000 0.840
30.98000 2.012
31.00000 -1.463
31.02000 -3.602
31.04000 -2.950
31.06000 -0.825
31.08000 4.221
31.10000 7.647
31.12000 4.378
31.14000 8.594
31.16000 2.248
31.18000 1.257
31.20000 2.612
31.22000 4.144
31.24000 6.724
31.26000 0.481
31.28000 -2.535
31.30000 -0.908
31.32000 -0.081
31.34000 -0.317
31.36000 1.161
31.38000 2.698
31.40000 3.080
31.42000 1.646
31.44000 2.618
31.46000 0.779
31.48000 2.157
31.50000 3.439
31.52000 6.703
31.54000 0.023
31.56000 0.084
31.58000 3.971
31.60000 6.155
31.62000 5.586
31.64000 3.721
31.66000 1.161
31.68000 -1.836
31.70000 1.698
31.72000 5.219
31.74000 4.979
31.76000 1.762
31.78000 2.770
31.80000 -0.528
31.82000 2.322
31.84000 3.034
31.86000 -1.339
31.88000 2.325
31.90000 4.128
31.92000 5.233
31.94000 4.730
31.96000 3.689
31.98000 5.979
32.00000 1.674
32.02000 2.815
32.04000 0.654
32.06000 4.024
32.08000 1.574
32.10000 -0.895
32.12000 1.672
32.14000 4.636
32.16000 4.540
32.18000 -0.066
32.20000 2.280
32.22000 2.379
32.24000 2.753
32.26000 2.739
32.28000 2.163
32.30000 -1.072
32.32000 -1.334
32.34000 -2.539
32.36000 2.551
32.38000 6.256
32.40000 5.756
32.42000 4.765
32.44000 3.227
32.46000 5.149
32.48000 -0.165
32.50000 1.671
32.52000 0.561
32.54000 -3.545
32.56000 1.584
32.58000 3.783
32.60000 2.362
32.62000 -1.151
32.64000 3.643
32.66000 6.747
32.68000 0.612
32.70000 -0.203
32.72000 1.656
32.74000 4.442
32.76000 5.384
32.78000 5.755
32.80000 6.030
32.82000 1.653
32.84000 4.888
32.86000 5.805
32.88000 0.016
32.90000 1.878
32.92000 5.201
32.94000 0.935
32.96000 -0.923
32.98000 -3.538
33.00000 1.959
33.02000 0.386
33.04000 2.153
33.06000 0.852
33.08000 -1.846
33.10000 0.380
33.12000 1.988
33.14000 2.773
33.16000 4.289
33.18000 2.328
33.20000 -3.168
33.22000 -0.878
33.24000 0.304
33.26000 1.132
33.28000 -1.344
33.30000 -0.233
33.32000 2.013
33.34000 1.345
33.36000 1.101
33.38000 4.363
33.40000 4.421
33.42000 1.867
33.44000 4.176
33.46000 0.285
33.48000 5.065
33.50000 5.061
33.52000 -2.036
33.54000 -2.725
33.56000 6.919
33.58000 3.305
33.60000 2.253
33.62000 1.304
33.64000 0.767
33.66000 1.499
33.68000 4.086
33.70000 10.567
33.72000 -0.750
33.74000 2.414
33.76000 2.225
33.78000 1.527
33.80000 -0.729
33.82000 1.296
33.84000 4.629
33.86000 4.523
33.88000 4.476
33.90000 3.718
33.92000 3.955
33.94000 -0.447
33.96000 -3.172
33.98000 -1.989
34.00000 0.691
34.02000 1.238
34.04000 2.694
34.06000 3.879
34.08000 2.544
34.10000 2.480
34.12000 2.286
34.14000 0.348
34.16000 5.959
34.18000 0.509
34.20000 0.669
34.22000 1.390
34.24000 6.813
34.26000 1.751
34.28000 -3.494
34.30000 0.952
34.32000 3.608
34.34000 4.347
34.36000 4.368
34.38000 5.532
34.40000 -0.533
34.42000 2.205
34.44000 1.965
34.46000 2.517
34.48000 3.320
34.50000 2.978
34.52000 -0.729
34.54000 -0.466
34.56000 0.933
34.58000 1.469
34.60000 1.970
34.62000 -3.098
34.64000 0.799
34.66000 3.440
34.68000 5.666
34.70000 3.535
34.72000 -3.482
34.74000 3.901
34.76000 8.673
34.78000 5.517
34.80000 1.179
34.82000 0.018
34.84000 -0.789
34.86000 6.815
34.88000 4.894
34.90000 1.280
34.92000 -2.878
34.94000 0.041
34.96000 4.277
34.98000 3.025
35.00000 1.066
35.02000 0.183
35.04000 -1.461
35.06000 -0.241
35.08000 5.700
35.10000 4.331
35.12000 2.527
35.14000 0.371
35.16000 -1.204
35.18000 0.578
35.20000 0.579
35.22000 1.612
35.24000 2.185
35.26000 1.583
35.28000 3.541
35.30000 9.229
35.32000 7.236
35.34000 3.122
35.36000 -0.873
35.38000 4.228
35.40000 6.267
35.42000 3.353
35.44000 -3.457
35.46000 -1.678
35.48000 4.154
35.50000 4.709
35.52000 4.629
35.54000 3.236
35.56000 2.621
35.58000 0.226
35.60000 -0.702
35.62000 -1.469
35.64000 -2.058
35.66000 -2.476
35.68000 -2.544
35.70000 -2.694
35.72000 0.545
35.74000 2.063
35.76000 2.780
35.78000 1.092
35.80000 1.487
35.82000 6.570
35.84000 7.571
35.86000 3.335
35.88000 -2.767
35.90000 -2.633
35.92000 -0.363
35.94000 3.199
35.96000 4.072
35.98000 2.531
36.00000 3.603
36.02000 3.725
36.04000 -0.181
36.06000 -3.468
36.08000 1.665
36.10000 5.655
36.12000 4.000
36.14000 6.445
36.16000 6.935
36.18000 5.511
36.20000 1.685
36.22000 0.221
36.24000 2.091
36.26000 3.109
36.28000 5.015
36.30000 -0.111
36.32000 1.170
36.34000 0.235
36.36000 2.236
36.38000 1.346
36.40000 5.278
36.42000 7.792
36.44000 -0.841
36.46000 1.863
36.48000 7.394
36.50000 1.158
36.52000 -1.759
36.54000 3.183
36.56000 7.443
36.58000 6.909
36.60000 7.208
36.62000 3.426
36.64000 3.162
36.66000 2.071
36.68000 -3.283
36.70000 -1.327
36.72000 0.449
36.74000 -2.461
36.76000 -2.315
36.78000 -0.714
36.80000 2.019
36.82000 5.997
36.84000 4.066
36.86000 1.856
36.88000 0.768
36.90000 3.259
36.92000 4.091
36.94000 6.299
36.96000 8.768
36.98000 2.386
37.00000 -2.404
37.02000 -1.940
37.04000 1.605
37.06000 3.043
37.08000 0.150
37.10000 1.891
37.12000 -3.502
37.14000 -1.159
37.16000 -2.081
37.18000 -0.627
37.20000 -1.337
37.22000 -0.872
37.24000 0.595
37.26000 2.116
37.28000 0.552
37.30000 1.956
37.32000 0.854
37.34000 -2.851
37.36000 3.608
37.38000 1.565
37.40000 -0.443
37.42000 -0.555
37.44000 -1.479
37.46000 4.027
37.48000 1.394
37.50000 -0.582
37.52000 -3.543
37.54000 1.123
37.56000 4.859
37.58000 -0.322
37.60000 0.071
37.62000 2.230
37.64000 -1.519
37.66000 -2.007
37.68000 2.108
37.70000 7.324
37.72000 3.290
37.74000 -2.883
37.76000 -1.376
37.78000 -0.495
37.80000 1.162
37.82000 3.242
37.84000 1.429
37.86000 6.955
37.88000 6.657
37.90000 4.897
37.92000 -0.236
37.94000 -2.958
37.96000 1.080
37.98000 0.439
38.00000 -0.764
38.02000 5.275
38.04000 6.875
38.06000 5.210
38.08000 -0.479
38.10000 2.824
38.12000 6.457
38.14000 9.480
38.16000 11.698
38.18000 14.252
38.20000 13.404
38.22000 6.218
38.24000 4.163
38.26000 8.219
38.28000 12.231
38.30000 11.661
38.32000 9.490
38.34000 17.773
38.36000 16.764
38.38000 12.719
38.40000 12.667
38.42000 9.517
38.44000 13.802
38.46000 16.609
38.48000 15.855
38.50000 13.034
38.52000 15.803
38.54000 10.985
38.56000 16.183
38.58000 15.112
38.60000 19.516
38.62000 15.778
38.64000 17.450
38.66000 19.875
38.68000 18.758
38.70000 21.864
38.72000 19.158
38.74000 20.824
38.76000 21.366
38.78000 20.426
38.80000 18.577
38.82000 22.080
38.84000 27.442
38.86000 23.636
38.88000 25.251
38.90000 30.726
38.92000 29.577
38.94000 33.505
38.96000 30.812
38.98000 35.099
39.00000 34.318
39.02000 33.372
39.04000 32.168
39.06000 33.691
39.08000 33.581
39.10000 36.814
39.12000 37.694
39.14000 41.460
39.16000 41.692
39.18000 41.378
39.20000 44.246
39.22000 47.489
39.24000 45.761
39.26000 50.834
39.28000 51.778
39.30000 53.628
39.32000 57.201
39.34000 54.564
39.36000 58.767
39.38000 64.027
39.40000 66.475
39.42000 71.043
39.44000 69.825
39.46000 75.762
39.48000 81.235
39.50000 80.680
39.52000 85.769
39.54000 87.239
39.56000 92.809
39.58000 100.692
39.60000 107.088
39.62000 117.956
39.64000 120.786
39.66000 126.038
39.68000 136.141
39.70000 140.476
39.72000 150.523
39.74000 160.878
39.76000 170.571
39.78000 179.437
39.80000 187.946
39.82000 203.616
39.84000 215.578
39.86000 235.445
39.88000 251.541
39.90000 267.401
39.92000 294.258
39.94000 308.315
39.96000 326.137
39.98000 356.059
40.00000 382.235
40.02000 410.764
40.04000 440.029
40.06000 471.617
40.08000 511.036
40.10000 540.949
40.12000 564.029
40.14000 600.360
40.16000 634.063
40.18000 671.200
40.20000 712.284
40.22000 760.392
40.24000 794.824
40.26000 846.023
40.28000 879.201
40.30000 908.025
40.32000 947.128
40.34000 979.034
40.36000 1007.143
40.38000 1032.277
40.40000 1053.749
40.42000 1065.804
40.44000 1081.998
40.46000 1096.476
40.48000 1108.842
40.50000 1095.677
40.52000 1093.844
40.54000 1070.408
40.56000 1048.374
40.58000 1041.767
40.60000 1038.471
40.62000 1008.047
40.64000 974.621
40.66000 952.549
40.68000 915.199
40.70000 883.272
40.72000 853.773
40.74000 829.175
40.76000 798.528
40.78000 764.345
40.80000 746.457
40.82000 709.629
40.84000 671.254
40.86000 628.738
40.88000 591.695
40.90000 571.045
40.92000 538.040
40.94000 508.410
40.96000 475.727
40.98000 456.684
41.00000 436.308
41.02000 404.030
41.04000 378.645
41.06000 357.171
41.08000 341.221
41.10000 322.839
41.12000 299.038
41.14000 274.244
41.16000 261.111
41.18000 253.009
41.20000 245.288
41.22000 224.509
41.24000 210.923
41.26000 208.469
41.28000 194.145
41.30000 188.817
41.32000 174.393
41.34000 159.803
41.36000 148.267
41.38000 146.929
41.40000 143.559
41.42000 140.091
41.44000 128.801
41.46000 120.917
41.48000 112.044
41.50000 105.783
41.52000 98.268
41.54000 96.738
41.56000 93.393
41.58000 85.310
41.60000 89.768
41.62000 88.646
41.64000 82.533
41.66000 80.474
41.68000 76.148
41.70000 69.867
41.72000 57.781
41.74000 61.108
41.76000 60.833
41.78000 55.742
41.80000 49.827
41.82000 50.642
41.84000 49.644
41.86000 48.124
41.88000 45.394
41.90000 42.402
41.92000 42.780
41.94000 43.332
41.96000 41.774
41.98000 37.482
42.00000 34.593
42.02000 32.500
42.04000 31.048
42.06000 26.184
42.08000 27.763
42.10000 22.692
42.12000 25.379
42.14000 27.426
42.16000 25.065
42.18000 26.267
42.20000 24.824
42.22000 22.936
42.24000 16.926
42.26000 18.242
42.28000 17.039
42.30000 18.382
42.32000 19.937
42.34000 17.474
42.36000 12.072
42.38000 12.163
42.40000 15.560
42.42000 16.342
42.44000 14.342
42.46000 12.070
42.48000 13.741
42.50000 11.546
42.52000 12.212
42.54000 11.380
42.56000 10.803
42.58000 6.385
42.60000 7.899
42.62000 8.689
42.64000 4.105
42.66000 8.053
42.68000 7.445
42.70000 5.822
42.72000 5.269
42.74000 4.871
42.76000 1.344
42.78000 2.512
42.80000 1.657
42.82000 2.643
42.84000 4.148
42.86000 2.554
42.88000 2.958
42.90000 4.142
42.92000 3.433
42.94000 0.545
42.96000 1.897
42.98000 3.275
43.00000 5.769
43.02000 1.570
43.04000 -0.141
43.06000 0.674
43.08000 -1.395
43.10000 1.334
43.12000 -1.732
43.14000 -1.552
43.16000 -0.929
43.18000 -0.300
43.20000 -2.924
43.22000 -2.465
43.24000 1.531
43.26000 1.548
43.28000 0.308
43.30000 2.425
43.32000 4.582
43.34000 5.379
43.36000 3.211
43.38000 1.913
43.40000 -1.207
43.42000 0.394
43.44000 1.078
43.46000 -2.389
43.48000 -0.005
43.50000 -0.740
43.52000 -2.122
43.54000 -3.407
43.56000 -1.106
43.58000 1.593
43.60000 2.216
43.62000 -2.214
43.64000 -1.961
43.66000 1.455
43.68000 -0.905
43.70000 -1.691
43.72000 -2.657
43.74000 0.407
43.76000 1.419
43.78000 0.389
43.80000 0.895
43.82000 1.848
43.84000 1.435
43.86000 2.007
43.88000 0.145
43.90000 0.016
43.92000 0.921
43.94000 0.677
43.96000 -0.078
43.98000 -0.144
44.00000 -1.255
44.02000 -1.836
44.04000 -2.789
44.06000 -1.464
44.08000 2.373
44.10000 0.066
44.12000 3.606
44.14000 2.926
44.16000 4.113
44.18000 5.666
44.20000 -2.089
44.22000 -2.272
44.24000 -1.505
44.26000 -2.899
44.28000 -3.285
44.30000 -1.570
44.32000 3.106
44.34000 2.902
44.36000 3.550
44.38000 5.220
44.40000 -0.443
44.42000 0.243
44.44000 3.650
44.46000 3.513
44.48000 0.395
44.50000 2.498
44.52000 4.730
44.54000 0.507
44.56000 2.618
44.58000 4.411
44.60000 0.509
44.62000 -2.280
44.64000 0.047
44.66000 1.034
44.68000 0.337
44.70000 -2.198
44.72000 -0.514
44.74000 1.208
44.76000 0.526
44.78000 2.057
44.80000 -1.148
44.82000 -1.222
44.84000 -0.699
44.86000 3.027
44.88000 1.676
44.90000 0.141
44.92000 -0.507
44.94000 -0.111
44.96000 0.742
44.98000 1.353
45.00000 -0.497
45.02000 1.871
45.04000 -0.134
45.06000 -3.237
45.08000 -2.053
45.10000 0.222
45.12000 3.362
45.14000 3.694
45.16000 2.292
45.18000 3.858
45.20000 5.784
45.22000 5.816
45.24000 5.643
45.26000 3.898
45.28000 3.101
45.30000 5.213
45.32000 10.644
45.34000 7.565
45.36000 2.424
45.38000 4.253
45.40000 4.809
45.42000 1.130
45.44000 4.885
45.46000 1.780
45.48000 2.877
45.50000 4.583
45.52000 7.649
45.54000 7.704
45.56000 5.262
45.58000 5.413
45.60000 8.130
45.62000 9.438
45.64000 6.914
45.66000 9.057
45.68000 8.206
45.70000 9.436
45.72000 8.423
45.74000 5.938
45.76000 8.506
45.78000 11.882
45.80000 13.395
45.82000 14.112
45.84000 17.142
45.86000 15.388
45.88000 12.449
45.90000 14.830
45.92000 16.466
45.94000 16.628
45.96000 16.897
45.98000 18.495
46.00000 18.837
46.02000 22.614
46.04000 21.132
46.06000 19.679
46.08000 22.086
46.10000 28.676
46.12000 27.229
46.14000 26.910
46.16000 24.829
46.18000 24.286
46.20000 29.777
46.22000 26.829
46.24000 29.956
46.26000 32.437
46.28000 34.305
46.30000 35.872
46.32000 40.670
46.34000 44.944
46.36000 42.644
46.38000 42.533
46.40000 40.966
46.42000 45.113
46.44000 49.685
46.46000 51.966
46.48000 57.574
46.50000 57.319
46.52000 60.845
46.54000 64.791
46.56000 70.027
46.58000 68.563
46.60000 70.334
46.62000 71.169
46.64000 77.730
46.66000 80.097
46.68000 85.923
46.70000 88.625
46.72000 93.865
46.74000 98.629
46.76000 110.975
46.78000 107.633
46.80000 105.281
46.82000 110.707
46.84000 127.594
46.86000 132.710
46.88000 136.704
46.90000 142.481
46.92000 146.648
46.94000 149.516
46.96000 152.363
46.98000 155.626
47.00000 156.910
47.02000 161.312
47.04000 158.871
47.06000 165.146
47.08000 163.017
47.10000 163.303
47.12000 163.412
47.14000 164.619
47.16000 164.003
47.18000 155.993
47.20000 146.234
47.22000 151.233
47.24000 165.661
47.26000 151.173
47.28000 147.667
47.30000 143.143
47.32000 144.444
47.34000 139.060
47.36000 130.540
47.38000 123.379
47.40000 118.809
47.42000 115.712
47.44000 113.543
47.46000 110.960
47.48000 105.521
47.50000 96.378
47.52000 88.727
47.54000 88.073
47.56000 84.409
47.58000 79.841
47.60000 79.522
47.62000 78.400
47.64000 65.863
47.66000 62.304
47.68000 67.092
47.70000 66.664
47.72000 65.254
47.74000 58.700
47.76000 55.502
47.78000 51.327
47.80000 49.964
47.82000 44.379
47.84000 39.558
47.86000 39.605
47.88000 36.118
47.90000 31.751
47.92000 33.624
47.94000 35.614
47.96000 31.096
47.98000 24.762
48.00000 20.741
48.02000 19.749
48.04000 21.963
48.06000 20.157
48.08000 18.612
48.10000 15.795
48.12000 14.229
48.14000 18.273
48.16000 16.071
48.18000 13.507
48.20000 12.388
48.22000 14.945
48.24000 13.171
48.26000 11.383
48.28000 7.335
48.30000 8.472
48.32000 9.704
48.34000 10.158
48.36000 7.917
48.38000 8.066
48.40000 10.126
48.42000 7.823
48.44000 8.625
48.46000 10.777
48.48000 5.764
48.50000 4.831
48.52000 7.212
48.54000 8.769
48.56000 4.361
48.58000 -1.522
48.60000 2.960
48.62000 6.170
48.64000 4.610
48.66000 4.807
48.68000 2.188
48.70000 0.925
48.72000 3.672
48.74000 6.827
48.76000 4.834
48.78000 2.287
48.80000 4.820
48.82000 -2.813
48.84000 -0.761
48.86000 2.739
48.88000 2.755
48.90000 1.866
48.92000 2.925
48.94000 -0.958
48.96000 -0.417
48.98000 1.870
49.00000 2.440
49.02000 1.931
49.04000 1.238
49.06000 1.225
49.08000 6.007
49.10000 4.613
49.12000 4.171
49.14000 7.647
49.16000 5.355
49.18000 2.891
49.20000 3.773
49.22000 6.316
49.24000 4.107
49.26000 -0.026
49.28000 2.509
49.30000 2.916
49.32000 3.596
49.34000 1.102
49.36000 -0.080
49.38000 1.682
49.40000 7.511
49.42000 1.310
49.44000 -0.119
49.46000 3.119
49.48000 4.419
49.50000 2.875
49.52000 0.744
49.54000 0.560
49.56000 -1.339
49.58000 0.584
49.60000 -2.653
49.62000 1.755
49.64000 5.383
49.66000 2.881
49.68000 0.825
49.70000 5.866
49.72000 5.013
49.74000 4.648
49.76000 2.452
49.78000 0.972
49.80000 2.251
49.82000 3.444
49.84000 1.369
49.86000 2.400
49.88000 5.305
49.90000 6.747
49.92000 5.584
49.94000 2.283
49.96000 0.201
49.98000 0.201
50.00000 2.986
50.02000 -1.220
50.04000 0.206
50.06000 1.447
50.08000 2.249
50.10000 2.430
50.12000 4.088
50.14000 2.996
50.16000 -0.348
50.18000 0.615
50.20000 -0.511
50.22000 3.088
50.24000 4.203
50.26000 7.155
50.28000 3.985
50.30000 2.632
50.32000 3.281
50.34000 1.740
50.36000 1.241
50.38000 0.851
50.40000 0.792
50.42000 5.384
50.44000 6.051
50.46000 1.269
50.48000 0.481
50.50000 -0.477
50.52000 2.185
50.54000 0.736
50.56000 -1.044
50.58000 0.025
50.60000 4.465
50.62000 4.240
50.64000 -0.856
50.66000 2.122
50.68000 4.676
50.70000 4.556
50.72000 3.680
50.74000 1.648
50.76000 3.110
50.78000 2.064
50.80000 3.274
50.82000 4.506
50.84000 2.772
50.86000 -1.677
50.88000 -1.726
50.90000 -2.521
50.92000 -0.668
50.94000 2.888
50.96000 0.819
50.98000 1.678
51.00000 6.933
51.02000 4.502
51.04000 2.123
51.06000 3.965
51.08000 7.030
51.10000 6.225
51.12000 3.831
51.14000 4.322
51.16000 4.330
51.18000 -0.784
51.20000 0.879
51.22000 3.679
51.24000 6.507
51.26000 5.203
51.28000 3.798
51.30000 1.043
51.32000 0.153
51.34000 4.221
51.36000 3.148
51.38000 4.040
51.40000 3.794
51.42000 2.266
51.44000 1.060
51.46000 1.228
51.48000 -0.128
51.50000 -1.176
51.52000 -1.889
51.54000 -1.308
51.56000 3.839
51.58000 2.985
51.60000 -0.966
51.62000 -0.319
51.64000 1.271
51.66000 0.703
51.68000 0.080
51.70000 1.551
51.72000 0.770
51.74000 0.489
51.76000 0.590
51.78000 2.081
51.80000 1.981
51.82000 0.549
51.84000 1.524
51.86000 2.526
51.88000 0.489
51.90000 1.488
51.92000 1.183
51.94000 1.673
51.96000 0.470
51.98000 1.762
52.00000 -2.318
52.02000 -0.696
52.04000 -0.784
52.06000 -1.817
52.08000 -1.111
52.10000 -0.859
52.12000 0.920
52.14000 0.821
52.16000 0.219
52.18000 -0.219
52.20000 1.379
52.22000 1.758
52.24000 -0.007
52.26000 -1.589
52.28000 -1.514
52.30000 0.618
52.32000 3.918
52.34000 3.740
52.36000 3.047
52.38000 -2.518
52.40000 -2.517
52.42000 -2.391
52.44000 0.488
52.46000 0.706
52.48000 -1.131
52.50000 4.994
52.52000 3.208
52.54000 -1.185
52.56000 -0.403
52.58000 0.268
52.60000 3.678
52.62000 4.169
52.64000 1.638
52.66000 5.467
52.68000 7.494
52.70000 0.890
52.72000 -1.731
52.74000 -0.398
52.76000 2.389
52.78000 5.436
52.80000 3.576
52.82000 1.098
52.84000 0.538
52.86000 0.800
52.88000 0.476
52.90000 3.601
52.92000 3.045
52.94000 0.721
52.96000 3.466
52.98000 2.845
53.00000 -0.059
53.02000 1.935
53.04000 1.411
53.06000 1.817
53.08000 4.275
53.10000 3.333
53.12000 5.176
53.14000 2.255
53.16000 1.094
53.18000 -0.529
53.20000 1.909
53.22000 2.576
53.24000 1.278
53.26000 0.108
53.28000 1.110
53.30000 5.009
53.32000 4.449
53.34000 1.434
53.36000 0.849
53.38000 3.166
53.40000 4.334
53.42000 1.247
53.44000 2.702
53.46000 3.265
53.48000 -1.252
53.50000 -2.451
53.52000 -1.309
53.54000 1.957
53.56000 2.644
53.58000 4.393
53.60000 4.236
53.62000 0.506
53.64000 2.684
53.66000 4.069
53.68000 0.788
53.70000 4.896
53.72000 4.146
53.74000 2.410
53.76000 3.742
53.78000 1.941
53.80000 -2.072
53.82000 -1.365
53.84000 0.511
53.86000 1.810
53.88000 0.367
53.90000 1.661
53.92000 1.027
53.94000 4.046
53.96000 6.967
53.98000 3.211
54.00000 3.402
54.02000 2.805
54.04000 2.925
54.06000 2.847
54.08000 1.845
54.10000 -0.320
54.12000 -0.030
54.14000 3.435
54.16000 5.235
54.18000 3.890
54.20000 0.321
54.22000 1.075
54.24000 0.997
54.26000 -1.613
54.28000 -0.388
54.30000 0.315
54.32000 1.560
54.34000 -0.842
54.36000 1.535
54.38000 5.247
54.40000 0.416
54.42000 2.484
54.44000 6.819
54.46000 7.297
54.48000 3.194
54.50000 2.397
54.52000 5.325
54.54000 3.520
54.56000 3.515
54.58000 4.417
54.60000 2.132
54.62000 -0.962
54.64000 -0.331
54.66000 -1.938
54.68000 0.571
54.70000 1.476
54.72000 2.381
54.74000 1.001
54.76000 2.418
54.78000 0.866
54.80000 1.825
54.82000 1.548
54.84000 3.161
54.86000 1.598
54.88000 -1.459
54.90000 0.176
54.92000 -0.031
54.94000 -0.555
54.96000 2.267
54.98000 3.772
55.00000 3.534
55.02000 1.079
55.04000 5.421
55.06000 5.518
55.08000 2.918
55.10000 6.522
55.12000 6.620
55.14000 2.265
55.16000 3.221
55.18000 2.327
55.20000 1.613
55.22000 -2.387
55.24000 0.306
55.26000 3.863
55.28000 5.630
55.30000 5.186
55.32000 2.340
55.34000 2.541
55.36000 4.622
55.38000 3.827
55.40000 4.671
55.42000 2.502
55.44000 2.655
55.46000 4.881
55.48000 7.843
55.50000 5.785
55.52000 4.074
55.54000 5.626
55.56000 5.756
55.58000 0.301
55.60000 1.315
55.62000 2.196
55.64000 2.578
55.66000 6.530
55.68000 6.773
55.70000 -0.089
55.72000 -2.367
55.74000 3.950
55.76000 5.869
55.78000 5.002
55.80000 4.331
55.82000 1.170
55.84000 3.552
55.86000 5.414
55.88000 7.577
55.90000 7.888
55.92000 8.391
55.94000 5.926
55.96000 4.379
55.98000 4.349
56.00000 2.684
56.02000 2.257
56.04000 4.580
56.06000 4.558
56.08000 5.773
56.10000 4.903
56.12000 4.674
56.14000 -0.156
56.16000 -0.704
56.18000 -1.176
56.20000 0.653
56.22000 4.367
56.24000 2.644
56.26000 3.398
56.28000 1.953
56.30000 0.990
56.32000 1.768
56.34000 -1.815
56.36000 -0.792
56.38000 1.862
56.40000 3.957
56.42000 2.553
56.44000 1.643
56.46000 1.958
56.48000 0.328
56.50000 1.373
56.52000 2.382
56.54000 4.418
56.56000 2.678
56.58000 4.050
56.60000 0.566
56.62000 1.130
56.64000 2.618
56.66000 4.375
56.68000 1.266
56.70000 2.664
56.72000 3.145
56.74000 -0.377
56.76000 -2.018
56.78000 0.329
56.80000 2.160
56.82000 -1.024
56.84000 1.510
56.86000 3.983
56.88000 4.237
56.90000 4.922
56.92000 3.889
56.94000 0.442
56.96000 2.911
56.98000 4.690
57.00000 4.676
57.02000 2.877
57.04000 3.397
57.06000 2.715
57.08000 4.525
57.10000 6.683
57.12000 4.957
57.14000 4.006
57.16000 3.228
57.18000 3.795
57.20000 3.425
57.22000 3.202
57.24000 3.791
57.26000 1.647
57.28000 -0.308
57.30000 -1.489
57.32000 -2.333
57.34000 2.566
57.36000 6.145
57.38000 2.000
57.40000 -0.557
57.42000 0.830
57.44000 2.914
57.46000 4.332
57.48000 0.078
57.50000 -1.382
57.52000 0.169
57.54000 2.349
57.56000 1.168
57.58000 0.132
57.60000 6.294
57.62000 6.354
57.64000 3.739
57.66000 2.005
57.68000 1.840
57.70000 2.634
57.72000 2.046
57.74000 5.237
57.76000 8.249
57.78000 7.616
57.80000 2.137
57.82000 2.252
57.84000 2.633
57.86000 2.801
57.88000 4.573
57.90000 4.837
57.92000 6.346
57.94000 2.347
57.96000 2.915
57.98000 1.480
58.00000 0.587
58.02000 6.385
58.04000 2.155
58.06000 0.634
58.08000 1.723
58.10000 3.813
58.12000 3.259
58.14000 3.799
58.16000 1.686
58.18000 3.330
58.20000 4.015
58.22000 5.224
58.24000 0.381
58.26000 0.679
58.28000 3.417
58.30000 6.054
58.32000 6.613
58.34000 4.532
58.36000 3.870
58.38000 0.118
58.40000 -1.191
58.42000 -2.311
58.44000 -0.904
58.46000 3.240
58.48000 4.137
58.50000 2.593
58.52000 1.084
58.54000 2.033
58.56000 3.917
58.58000 1.884
58.60000 4.076
58.62000 2.606
58.64000 3.605
58.66000 2.696
58.68000 3.984
58.70000 1.985
58.72000 4.798
58.74000 5.258
58.76000 6.316
58.78000 1.394
58.80000 1.970
58.82000 -0.758
58.84000 -1.532
58.86000 -2.298
58.88000 0.890
58.90000 1.917
58.92000 0.185
58.94000 0.222
58.96000 -1.143
58.98000 1.077
59.00000 -0.882
59.02000 2.074
59.04000 3.315
59.06000 3.508
59.08000 -0.055
59.10000 0.285
59.12000 0.959
59.14000 0.911
59.16000 2.019
59.18000 4.133
59.20000 3.639
59.22000 0.064
59.24000 0.172
59.26000 1.956
59.28000 2.800
59.30000 2.336
59.32000 2.220
59.34000 2.403
59.36000 3.163
59.38000 2.043
59.40000 1.670
59.42000 2.560
59.44000 5.892
59.46000 4.586
59.48000 3.295
59.50000 0.548
59.52000 0.591
59.54000 2.218
59.56000 2.204
59.58000 -0.876
59.60000 0.050
59.62000 -0.331
59.64000 3.682
59.66000 3.494
59.68000 3.848
59.70000 2.954
59.72000 3.192
59.74000 3.348
59.76000 1.405
59.78000 4.165
59.80000 3.741
59.82000 2.511
59.84000 1.880
59.86000 1.062
59.88000 -0.974
59.90000 0.393
59.92000 -0.222
59.94000 2.605
59.96000 4.979
59.98000 1.345
60.00000 -2.263
60.02000 -0.426
60.04000 -0.302
60.06000 4.254
60.08000 2.761
60.10000 0.845
60.12000 2.418
60.14000 2.084
60.16000 2.146
60.18000 3.484
60.20000 3.254
60.22000 3.189
60.24000 3.310
60.26000 2.460
60.28000 -0.587
60.30000 0.547
60.32000 2.286
60.34000 1.821
60.36000 0.064
60.38000 0.572
60.40000 1.727
60.42000 1.100
60.44000 1.484
60.46000 0.734
60.48000 0.122
60.50000 -2.121
60.52000 0.513
60.54000 3.164
60.56000 0.565
60.58000 5.123
60.60000 1.822
60.62000 -1.506
60.64000 0.490
60.66000 3.961
60.68000 5.657
60.70000 4.326
60.72000 1.018
60.74000 0.642
60.76000 -1.314
60.78000 -0.934
60.80000 -1.631
60.82000 1.590
60.84000 1.584
60.86000 3.105
60.88000 5.223
60.90000 3.695
60.92000 3.146
60.94000 2.977
60.96000 0.495
60.98000 -0.628
61.00000 0.910
61.02000 -0.208
61.04000 -0.123
61.06000 0.081
61.08000 0.592
61.10000 -2.257
61.12000 0.530
61.14000 5.827
61.16000 6.009
61.18000 2.308
61.20000 2.695
61.22000 3.448
61.24000 5.410
61.26000 1.742
61.28000 -0.308
61.30000 -1.758
61.32000 1.465
61.34000 2.674
61.36000 2.062
61.38000 -0.646
61.40000 1.479
61.42000 2.395
61.44000 0.412
61.46000 0.977
61.48000 2.114
61.50000 4.152
61.52000 3.640
61.54000 1.904
61.56000 0.927
61.58000 3.231
61.60000 3.036
61.62000 4.040
61.64000 5.160
61.66000 -1.185
61.68000 0.513
61.70000 3.097
61.72000 -1.094
61.74000 2.212
61.76000 -2.173
61.78000 -1.767
61.80000 2.189
61.82000 1.763
61.84000 -0.754
61.86000 -1.270
61.88000 -1.031
61.90000 -0.619
61.92000 -1.438
61.94000 -0.072
61.96000 1.149
61.98000 -0.338
62.00000 0.707
62.02000 -2.229
62.04000 0.601
62.06000 1.533
62.08000 1.459
62.10000 1.280
62.12000 3.756
62.14000 3.562
62.16000 1.486
62.18000 -1.036
62.20000 -0.652
62.22000 -0.104
62.24000 2.316
62.26000 4.863
62.28000 3.302
62.30000 2.599
62.32000 1.908
62.34000 -0.083
62.36000 0.319
62.38000 0.278
62.40000 0.421
62.42000 0.356
62.44000 1.110
62.46000 5.206
62.48000 1.967
62.50000 0.820
62.52000 3.473
62.54000 1.327
62.56000 2.147
62.58000 -0.384
62.60000 1.580
62.62000 1.021
62.64000 -1.176
62.66000 1.744
62.68000 0.680
62.70000 0.387
62.72000 2.265
62.74000 6.117
62.76000 5.064
62.78000 0.264
62.80000 -2.191
62.82000 2.899
62.84000 6.323
62.86000 2.951
62.88000 3.658
62.90000 4.484
62.92000 2.906
62.94000 5.381
62.96000 8.622
62.98000 5.404
63.00000 -0.929
63.02000 1.004
63.04000 3.490
63.06000 2.970
63.08000 3.821
63.10000 3.584
63.12000 2.144
63.14000 -0.259
63.16000 1.892
63.18000 3.612
63.20000 1.730
63.22000 -0.132
63.24000 -2.160
63.26000 1.081
63.28000 2.662
63.30000 1.445
63.32000 7.866
63.34000 7.353
63.36000 2.959
63.38000 2.772
63.40000 2.530
63.42000 0.847
63.44000 1.104
63.46000 -0.056
63.48000 1.791
63.50000 2.777
63.52000 0.084
63.54000 3.956
63.56000 0.315
63.58000 0.745
63.60000 4.777
63.62000 5.545
63.64000 1.599
63.66000 -0.552
63.68000 -1.242
63.70000 4.694
63.72000 4.012
63.74000 3.275
63.76000 -0.923
63.78000 -0.806
63.80000 -1.472
63.82000 -0.565
63.84000 1.037
63.86000 1.974
63.88000 3.632
63.90000 1.931
63.92000 2.141
63.94000 2.187
63.96000 4.398
63.98000 1.314
64.00000 0.130
64.02000 1.100
64.04000 5.083
64.06000 2.203
64.08000 0.786
64.10000 0.542
64.12000 -0.090
64.14000 -0.513
64.16000 -0.575
64.18000 1.843
64.20000 3.155
64.22000 2.496
64.24000 3.362
64.26000 4.221
64.28000 2.171
64.30000 -0.859
64.32000 2.751
64.34000 2.474
64.36000 2.345
64.38000 5.133
64.40000 2.873
64.42000 3.216
64.44000 2.944
64.46000 3.333
64.48000 2.239
64.50000 2.974
64.52000 3.203
64.54000 -0.175
64.56000 1.179
64.58000 4.930
64.60000 2.941
64.62000 1.152
64.64000 2.878
64.66000 0.924
64.68000 -2.176
64.70000 -0.381
64.72000 -0.233
64.74000 -0.592
64.76000 -0.527
64.78000 -1.673
64.80000 0.788
64.82000 -0.526
64.84000 1.557
64.86000 1.422
64.88000 -0.961
64.90000 -0.922
64.92000 1.306
64.94000 3.291
64.96000 2.857
64.98000 2.140
65.00000 2.742
65.02000 3.245
65.04000 2.337
65.06000 0.833
65.08000 0.015
65.10000 1.761
65.12000 1.770
65.14000 1.522
65.16000 0.203
65.18000 1.729
65.20000 1.483
65.22000 4.351
65.24000 1.998
65.26000 1.920
65.28000 0.831
65.30000 -1.348
65.32000 -0.413
65.34000 0.318
65.36000 3.175
65.38000 4.409
65.40000 2.502
65.42000 2.234
65.44000 2.036
65.46000 4.439
65.48000 6.642
65.50000 4.995
65.52000 2.099
65.54000 2.576
65.56000 -0.232
65.58000 -2.133
65.60000 -1.630
65.62000 -0.586
65.64000 2.672
65.66000 3.139
65.68000 1.045
65.70000 2.226
65.72000 0.001
65.74000 0.359
65.76000 0.579
65.78000 4.879
65.80000 2.703
65.82000 2.503
65.84000 1.570
65.86000 1.536
65.88000 2.069
65.90000 0.203
65.92000 -0.255
65.94000 0.517
65.96000 1.072
65.98000 2.696
66.00000 2.875
66.02000 3.065
66.04000 1.331
66.06000 3.291
66.08000 4.494
66.10000 1.187
66.12000 1.030
66.14000 2.581
66.16000 1.796
66.18000 0.484
66.20000 1.209
66.22000 -0.963
66.24000 -1.728
66.26000 0.188
66.28000 1.222
66.30000 -0.268
66.32000 0.019
66.34000 -1.354
66.36000 0.321
66.38000 3.236
66.40000 2.379
66.42000 1.188
66.44000 1.398
66.46000 0.495
66.48000 0.454
66.50000 1.527
66.52000 0.191
66.54000 -1.000
66.56000 -0.645
66.58000 2.213
66.60000 2.177
66.62000 1.726
66.64000 -0.947
66.66000 2.019
66.68000 1.369
66.70000 2.405
66.72000 4.076
66.74000 1.198
66.76000 -1.181
66.78000 -0.235
66.80000 -1.035
66.82000 0.466
66.84000 -0.147
66.86000 -0.285
66.88000 -2.165
66.90000 0.227
66.92000 2.233
66.94000 2.731
66.96000 3.827
66.98000 1.608
67.00000 0.771
67.02000 1.132
67.04000 2.455
67.06000 0.234
67.08000 -1.428
67.10000 3.281
67.12000 3.374
67.14000 0.503
67.16000 0.525
67.18000 1.847
67.20000 1.092
67.22000 -2.175
67.24000 1.142
67.26000 0.029
67.28000 -0.317
67.30000 1.377
67.32000 1.717
67.34000 1.203
67.36000 -1.672
67.38000 0.248
67.40000 1.230
67.42000 0.178
67.44000 0.175
67.46000 2.077
67.48000 2.775
67.50000 -0.455
67.52000 -0.406
67.54000 -2.209
67.56000 -1.153
67.58000 -0.519
67.60000 1.662
67.62000 3.429
67.64000 1.853
67.66000 0.514
67.68000 0.052
67.70000 -2.114
67.72000 -2.004
67.74000 1.655
67.76000 2.288
67.78000 3.192
67.80000 1.590
67.82000 0.633
67.84000 0.418
67.86000 -0.313
67.88000 0.748
67.90000 3.801
67.92000 1.214
67.94000 0.574
67.96000 4.187
67.98000 3.338
68.00000 1.862
68.02000 2.180
68.04000 1.282
68.06000 3.782
68.08000 3.561
68.10000 3.652
68.12000 4.894
68.14000 5.837
68.16000 7.367
68.18000 8.371
68.20000 7.055
68.22000 6.430
68.24000 8.731
68.26000 11.871
68.28000 8.631
68.30000 11.231
68.32000 11.761
68.34000 9.976
68.36000 9.552
68.38000 12.083
68.40000 13.146
68.42000 15.751
68.44000 17.089
68.46000 15.008
68.48000 15.478
68.50000 18.512
68.52000 20.997
68.54000 22.715
68.56000 22.405
68.58000 20.409
68.60000 21.416
68.62000 24.417
68.64000 25.192
68.66000 25.779
68.68000 27.737
68.70000 24.494
68.72000 25.023
68.74000 28.604
68.76000 29.807
68.78000 27.044
68.80000 27.514
68.82000 30.983
68.84000 29.237
68.86000 29.365
68.88000 32.731
68.90000 30.697
68.92000 29.175
68.94000 30.167
68.96000 27.974
68.98000 27.776
69.00000 28.931
69.02000 29.124
69.04000 28.500
69.06000 25.161
69.08000 27.448
69.10000 25.737
69.12000 24.874
69.14000 22.860
69.16000 24.087
69.18000 22.731
69.20000 22.481
69.22000 24.193
69.24000 23.193
69.26000 23.181
69.28000 21.451
69.30000 16.897
69.32000 16.355
69.34000 14.698
69.36000 10.900
69.38000 12.696
69.40000 15.519
69.42000 16.331
69.44000 16.729
69.46000 13.871
69.48000 9.375
69.50000 9.510
69.52000 9.149
69.54000 6.122
69.56000 5.830
69.58000 6.831
69.60000 6.944
69.62000 10.565
69.64000 10.278
69.66000 6.405
69.68000 3.927
69.70000 3.592
69.72000 2.357
69.74000 2.826
69.76000 3.051
69.78000 2.421
69.80000 5.248
69.82000 4.562
69.84000 2.252
69.86000 2.622
69.88000 2.980
69.90000 1.575
69.92000 0.981
69.94000 1.799
69.96000 1.926
69.98000 -0.127
70.00000 -2.123
70.02000 0.941
70.04000 2.319
70.06000 1.077
70.08000 0.855
70.10000 2.669
70.12000 2.087
70.14000 -0.597
70.16000 2.634
70.18000 2.074
70.20000 -0.664
70.22000 1.352
70.24000 0.470
70.26000 -2.076
70.28000 0.816
70.30000 1.019
70.32000 -0.178
70.34000 1.891
70.36000 1.123
70.38000 -0.995
70.40000 -0.880
70.42000 -0.954
70.44000 0.545
70.46000 -0.105
70.48000 -1.070
70.50000 -2.065
70.52000 -0.632
70.54000 -0.780
70.56000 1.846
70.58000 1.588
70.60000 0.809
70.62000 0.913
70.64000 0.153
70.66000 0.621
70.68000 0.267
70.70000 1.136
70.72000 1.860
70.74000 1.246
70.76000 0.363
70.78000 0.537
70.80000 1.697
70.82000 -0.234
70.84000 -0.825
70.86000 -0.140
70.88000 -0.908
70.90000 -1.875
70.92000 0.337
70.94000 1.447
70.96000 0.788
70.98000 0.954
71.00000 1.068
71.02000 0.498
71.04000 -1.280
71.06000 -0.833
71.08000 3.490
71.10000 4.055
71.12000 -0.472
71.14000 -1.339
71.16000 0.452
71.18000 4.555
71.20000 2.706
71.22000 0.467
71.24000 -2.000
71.26000 -1.001
71.28000 -1.519
71.30000 0.606
71.32000 0.359
71.34000 2.083
71.36000 0.137
71.38000 -1.989
71.40000 1.335
71.42000 2.205
71.44000 -0.513
71.46000 -0.598
71.48000 3.034
71.50000 0.653
71.52000 2.332
71.54000 1.541
71.56000 0.190
71.58000 0.404
71.60000 0.866
71.62000 0.565
71.64000 1.901
71.66000 1.936
71.68000 2.217
71.70000 -0.526
71.72000 -0.998
71.74000 2.423
71.76000 0.966
71.78000 0.272
71.80000 -0.321
71.82000 -0.116
71.84000 0.950
71.86000 4.271
71.88000 2.970
71.90000 1.917
71.92000 2.699
71.94000 0.154
71.96000 -1.202
71.98000 -0.090
72.00000 -0.227
72.02000 -1.755
72.04000 -1.572
72.06000 -0.551
72.08000 -1.464
72.10000 -0.561
72.12000 2.189
72.14000 -1.722
72.16000 -1.883
72.18000 -1.001
72.20000 -0.093
72.22000 -0.137
72.24000 -1.943
72.26000 2.710
72.28000 1.514
72.30000 -0.991
72.32000 -1.091
72.34000 2.299
72.36000 5.665
72.38000 1.937
72.40000 1.283
72.42000 3.803
72.44000 4.027
72.46000 1.709
72.48000 1.577
72.50000 1.820
72.52000 1.949
72.54000 0.189
72.56000 -0.405
72.58000 4.597
72.60000 1.263
72.62000 1.207
72.64000 4.561
72.66000 3.575
72.68000 4.024
72.70000 5.090
72.72000 3.633
72.74000 2.500
72.76000 -0.914
72.78000 -1.892
72.80000 -1.700
72.82000 -0.699
72.84000 3.409
72.86000 3.632
72.88000 3.283
72.90000 3.266
72.92000 3.480
72.94000 4.544
72.96000 4.345
72.98000 1.785
73.00000 -0.224
73.02000 0.572
73.04000 0.173
73.06000 0.280
73.08000 -0.339
73.10000 -0.270
73.12000 0.302
73.14000 1.050
73.16000 1.204
73.18000 2.202
73.20000 3.014
73.22000 1.723
73.24000 2.233
73.26000 -0.741
73.28000 0.510
73.30000 3.297
73.32000 3.174
73.34000 2.072
73.36000 4.721
73.38000 4.775
73.40000 3.002
73.42000 3.784
73.44000 3.124
73.46000 3.014
73.48000 -0.387
73.50000 -1.884
73.52000 0.794
73.54000 3.129
73.56000 2.673
73.58000 1.546
73.60000 1.845
73.62000 1.412
73.64000 3.780
73.66000 1.066
73.68000 1.773
73.70000 1.455
73.72000 -0.181
73.74000 0.345
73.76000 2.653
73.78000 0.303
73.80000 -0.870
73.82000 2.388
73.84000 4.923
73.86000 5.455
73.88000 4.642
73.90000 0.230
73.92000 -0.018
73.94000 0.312
73.96000 1.308
73.98000 2.166
74.00000 1.464
74.02000 -0.342
74.04000 2.440
74.06000 0.517
74.08000 -0.257
74.10000 1.496
74.12000 0.073
74.14000 -0.747
74.16000 1.214
74.18000 2.090
74.20000 1.469
74.22000 0.740
74.24000 0.355
74.26000 0.777
74.28000 0.499
74.30000 2.270
74.32000 2.489
74.34000 0.283
74.36000 -1.787
74.38000 -1.114
74.40000 2.335
74.42000 3.600
74.44000 2.743
74.46000 -0.349
74.48000 -0.011
74.50000 0.448
74.52000 2.934
74.54000 4.002
74.56000 3.313
74.58000 3.148
74.60000 3.573
74.62000 2.732
74.64000 3.052
74.66000 0.855
74.68000 -1.850
74.70000 -1.379
74.72000 0.395
74.74000 3.870
74.76000 4.342
74.78000 5.653
74.80000 3.654
74.82000 1.108
74.84000 2.474
74.86000 -1.867
74.88000 -0.641
74.90000 1.455
74.92000 -1.044
74.94000 0.446
74.96000 3.047
74.98000 3.597
75.00000 0.931
75.02000 0.154
75.04000 2.016
75.06000 1.141
75.08000 -1.016
75.10000 0.936
75.12000 3.473
75.14000 2.401
75.16000 -1.292
75.18000 0.912
75.20000 0.817
75.22000 2.589
75.24000 1.915
75.26000 -0.074
75.28000 0.478
75.30000 -0.166
75.32000 1.946
75.34000 0.594
75.36000 0.490
75.38000 -0.104
75.40000 -0.593
75.42000 -0.047
75.44000 -1.192
75.46000 0.338
75.48000 0.726
75.50000 1.019
75.52000 1.902
75.54000 1.491
75.56000 0.159
75.58000 0.581
75.60000 0.502
75.62000 -1.460
75.64000 -1.539
75.66000 1.527
75.68000 2.591
75.70000 2.228
75.72000 -0.096
75.74000 -0.757
75.76000 -1.448
75.78000 2.299
75.80000 2.679
75.82000 0.408
75.84000 -0.712
75.86000 -1.369
75.88000 1.294
75.90000 4.627
75.92000 3.418
75.94000 3.540
75.96000 1.649
75.98000 1.448
76.00000 0.362
76.02000 1.305
76.04000 0.521
76.06000 1.168
76.08000 1.271
76.10000 0.704
76.12000 3.241
76.14000 3.750
76.16000 1.020
76.18000 -1.009
76.20000 -1.873
76.22000 0.416
76.24000 3.507
76.26000 1.438
76.28000 -1.257
76.30000 0.563
76.32000 3.182
76.34000 2.532
76.36000 -1.890
76.38000 -0.710
76.40000 1.086
76.42000 2.028
76.44000 0.466
76.46000 1.757
76.48000 1.417
76.50000 -0.305
76.52000 0.741
76.54000 3.777
76.56000 3.708
76.58000 2.311
76.60000 0.500
76.62000 -1.882
76.64000 2.335
76.66000 3.501
76.68000 1.395
76.70000 -0.151
76.72000 3.053
76.74000 3.349
76.76000 2.047
76.78000 1.769
76.80000 2.683
76.82000 2.429
76.84000 2.702
76.86000 3.602
76.88000 1.608
76.90000 3.468
76.92000 3.805
76.94000 1.281
76.96000 1.187
76.98000 0.603
77.00000 2.652
77.02000 0.835
77.04000 2.404
77.06000 -0.823
77.08000 3.060
77.10000 1.483
77.12000 -1.059
77.14000 -0.732
77.16000 0.820
77.18000 2.203
77.20000 0.772
77.22000 -0.155
77.24000 -0.861
77.26000 2.127
77.28000 3.001
77.30000 1.240
77.32000 0.904
77.34000 2.130
77.36000 2.275
77.38000 2.197
77.40000 1.252
77.42000 -1.508
77.44000 1.955
77.46000 3.100
77.48000 -1.126
77.50000 0.031
77.52000 1.969
77.54000 0.514
77.56000 0.183
77.58000 1.878
77.60000 0.529
77.62000 0.688
77.64000 -1.919
77.66000 1.110
77.68000 1.086
77.70000 2.653
77.72000 4.328
77.74000 3.293
77.76000 -0.268
77.78000 -0.949
77.80000 -1.917
77.82000 -0.811
77.84000 2.100
77.86000 2.679
77.88000 3.633
77.90000 1.860
77.92000 0.680
77.94000 1.092
77.96000 -0.465
77.98000 0.936
78.00000 -0.379
78.02000 0.380
78.04000 4.522
78.06000 2.169
78.08000 0.897
78.10000 1.052
78.12000 1.850
78.14000 -1.702
78.16000 1.548
78.18000 2.236
78.20000 2.424
78.22000 3.243
78.24000 0.397
78.26000 -1.914
78.28000 -1.700
78.30000 0.967
78.32000 -0.585
78.34000 -0.156
78.36000 1.213
78.38000 -0.368
78.40000 -0.589
78.42000 1.764
78.44000 1.467
78.46000 0.154
78.48000 -1.925
78.50000 -1.155
78.52000 -1.772
78.54000 0.596
78.56000 2.030
78.58000 3.756
78.60000 0.919
78.62000 0.471
78.64000 2.387
78.66000 0.612
78.68000 -0.187
78.70000 1.178
78.72000 1.968
78.74000 -0.682
78.76000 -0.110
78.78000 -0.674
78.80000 0.433
78.82000 1.170
78.84000 0.586
78.86000 -0.937
78.88000 -1.638
78.90000 -1.026
78.92000 1.439
78.94000 -0.340
78.96000 0.372
78.98000 2.019
79.00000 1.420
79.02000 1.188
79.04000 -0.448
79.06000 -0.852
79.08000 1.054
79.10000 1.942
79.12000 3.558
79.14000 1.357
79.16000 1.063
79.18000 3.330
79.20000 2.790
79.22000 -1.723
79.24000 -0.790
79.26000 -0.135
79.28000 0.097
79.30000 0.604
79.32000 -0.106
79.34000 0.321
79.36000 0.788
79.38000 1.339
79.40000 0.790
79.42000 -0.674
79.44000 -0.095
79.46000 0.473
79.48000 1.915
79.50000 2.150
79.52000 2.610
79.54000 -0.383
79.56000 -0.981
79.58000 5.074
79.60000 6.595
79.62000 4.237
79.64000 0.013
79.66000 -1.910
79.68000 0.467
79.70000 0.287
79.72000 -1.585
79.74000 2.072
79.76000 1.534
79.78000 -0.203
79.80000 2.105
79.82000 1.950
79.84000 1.475
79.86000 1.515
79.88000 1.143
79.90000 3.045
79.92000 -1.280
79.94000 0.171
79.96000 3.513
79.98000 4.341
80.00000 1.218
80.02000 2.924
80.04000 5.020
80.06000 2.354
80.08000 1.922
80.10000 1.105
80.12000 2.146
80.14000 1.470
80.16000 6.512
80.18000 4.878
80.20000 2.468
80.22000 1.118
80.24000 1.200
80.26000 -1.078
80.28000 2.692
80.30000 3.595
80.32000 0.873
80.34000 0.148
80.36000 0.495
80.38000 1.732
80.40000 1.227
80.42000 2.822
80.44000 1.367
80.46000 0.747
80.48000 -0.262
80.50000 0.263
80.52000 0.832
80.54000 1.237
80.56000 2.312
80.58000 3.364
80.60000 2.376
80.62000 1.007
80.64000 -1.993
80.66000 -1.087
80.68000 1.354
80.70000 -0.009
80.72000 0.993
80.74000 0.103
80.76000 0.642
80.78000 -0.912
80.80000 -0.213
80.82000 -0.049
80.84000 -1.085
80.86000 0.003
80.88000 1.711
80.90000 -1.124
80.92000 -1.057
80.94000 0.218
80.96000 -0.419
80.98000 -0.449
81.00000 0.988
81.02000 1.648
81.04000 -0.106
81.06000 -0.794
81.08000 -1.628
81.10000 -0.316
81.12000 1.502
81.14000 5.168
81.16000 2.978
81.18000 2.005
81.20000 -0.488
81.22000 -1.941
81.24000 -2.044
81.26000 0.088
81.28000 0.357
81.30000 0.658
81.32000 3.325
81.34000 4.547
81.36000 3.800
81.38000 0.915
81.40000 2.423
81.42000 -0.357
81.44000 0.105
81.46000 -0.943
81.48000 1.024
81.50000 1.622
81.52000 1.212
81.54000 1.940
81.56000 0.100
81.58000 -0.026
81.60000 0.168
81.62000 -1.599
81.64000 0.457
81.66000 -0.186
81.68000 -1.945
81.70000 -1.915
81.72000 -0.944
81.74000 -0.929
81.76000 1.382
81.78000 2.041
81.80000 1.365
81.82000 2.130
81.84000 4.465
81.86000 0.114
81.88000 2.547
81.90000 5.127
81.92000 4.114
81.94000 4.273
81.96000 2.195
81.98000 3.500
82.00000 1.869
82.02000 1.566
82.04000 9.367
82.06000 6.592
82.08000 5.198
82.10000 5.209
82.12000 6.375
82.14000 6.861
82.16000 5.441
82.18000 9.581
82.20000 10.923
82.22000 9.047
82.24000 7.969
82.26000 12.173
82.28000 12.481
82.30000 13.569
82.32000 15.278
82.34000 11.934
82.36000 9.247
82.38000 14.817
82.40000 15.438
82.42000 15.103
82.44000 18.844
82.46000 22.293
82.48000 20.438
82.50000 23.020
82.52000 24.658
82.54000 22.562
82.56000 23.376
82.58000 24.028
82.60000 24.355
82.62000 24.602
82.64000 27.674
82.66000 31.614
82.68000 34.471
82.70000 33.963
82.72000 34.463
82.74000 34.956
82.76000 36.420
82.78000 42.974
82.80000 40.704
82.82000 42.898
82.84000 43.340
82.86000 46.274
82.88000 41.277
82.90000 41.822
82.92000 43.389
82.94000 44.314
82.96000 45.750
82.98000 52.093
83.00000 50.900
83.02000 49.095
83.04000 48.030
83.06000 50.456
83.08000 50.735
83.10000 50.843
83.12000 51.122
83.14000 49.135
83.16000 54.263
83.18000 52.794
83.20000 53.179
83.22000 50.531
83.24000 48.702
83.26000 49.737
83.28000 50.333
83.30000 49.210
83.32000 46.888
83.34000 49.320
83.36000 47.074
83.38000 43.006
83.40000 35.146
83.42000 34.907
83.44000 34.212
83.46000 27.729
83.48000 31.017
83.50000 34.674
83.52000 35.564
83.54000 33.608
83.56000 34.625
83.58000 33.717
83.60000 33.434
83.62000 28.558
83.64000 28.488
83.66000 28.463
83.68000 25.508
83.70000 24.315
83.72000 24.351
83.74000 15.921
83.76000 15.508
83.78000 16.102
83.80000 16.434
83.82000 16.375
83.84000 17.212
83.86000 16.811
83.88000 14.257
83.90000 12.062
83.92000 11.329
83.94000 11.616
83.96000 12.109
83.98000 14.220
84.00000 13.386
84.02000 9.446
84.04000 8.721
84.06000 8.193
84.08000 9.896
84.10000 10.981
84.12000 10.595
84.14000 7.361
84.16000 5.083
84.18000 7.093
84.20000 8.190
84.22000 3.786
84.24000 2.132
84.26000 5.221
84.28000 4.308
84.30000 2.827
84.32000 0.875
84.34000 1.259
84.36000 4.680
84.38000 4.787
84.40000 1.690
84.42000 -0.547
84.44000 -0.246
84.46000 4.511
84.48000 2.405
84.50000 0.425
84.52000 0.406
84.54000 0.822
84.56000 2.683
84.58000 1.103
84.60000 2.010
84.62000 0.815
84.64000 0.095
84.66000 -1.987
84.68000 0.314
84.70000 3.516
84.72000 4.767
84.74000 0.547
84.76000 4.812
84.78000 2.009
84.80000 -0.336
84.82000 -1.272
84.84000 1.350
84.86000 1.127
84.88000 1.693
84.90000 -0.388
84.92000 4.978
84.94000 5.589
84.96000 3.209
84.98000 1.697
85.00000 0.387
85.02000 1.221
85.04000 2.772
85.06000 1.488
85.08000 0.622
85.10000 -1.064
85.12000 -1.998
85.14000 -1.469
85.16000 -0.560
85.18000 1.796
85.20000 0.103
85.22000 2.488
85.24000 3.691
85.26000 4.617
85.28000 4.263
85.30000 3.532
85.32000 0.848
85.34000 4.420
85.36000 2.002
85.38000 -0.837
85.40000 -1.633
85.42000 1.140
85.44000 6.046
85.46000 2.840
85.48000 1.188
85.50000 2.267
85.52000 5.684
85.54000 4.650
85.56000 2.074
85.58000 1.824
85.60000 0.854
85.62000 -0.641
85.64000 -1.058
85.66000 -0.139
85.68000 -0.353
85.70000 -1.996
85.72000 -0.431
85.74000 -1.061
85.76000 1.593
85.78000 2.556
85.80000 2.915
85.82000 1.517
85.84000 2.341
85.86000 2.134
85.88000 1.492
85.90000 1.173
85.92000 1.678
85.94000 3.015
85.96000 2.971
85.98000 5.937
86.00000 2.486
86.02000 1.445
86.04000 -1.387
86.06000 -0.878
86.08000 -0.262
86.10000 0.169
86.12000 3.081
86.14000 4.425
86.16000 3.032
86.18000 -1.970
86.20000 -0.041
86.22000 0.674
86.24000 -0.203
86.26000 3.797
86.28000 4.439
86.30000 3.524
86.32000 5.644
86.34000 2.736
86.36000 0.655
86.38000 6.114
86.40000 6.009
86.42000 6.107
86.44000 2.323
86.46000 2.965
86.48000 4.746
86.50000 1.816
86.52000 0.384
86.54000 2.864
86.56000 5.422
86.58000 5.629
86.60000 5.412
86.62000 1.575
86.64000 3.216
86.66000 4.739
86.68000 5.798
86.70000 10.080
86.72000 5.503
86.74000 7.088
86.76000 9.010
86.78000 9.834
86.80000 7.768
86.82000 8.374
86.84000 6.603
86.86000 9.540
86.88000 7.893
86.90000 7.597
86.92000 9.513
86.94000 13.479
86.96000 11.803
86.98000 13.639
87.00000 11.518
87.02000 13.429
87.04000 13.544
87.06000 13.537
87.08000 14.660
87.10000 13.800
87.12000 18.168
87.14000 21.056
87.16000 23.494
87.18000 20.593
87.20000 21.873
87.22000 19.797
87.24000 20.759
87.26000 21.697
87.28000 24.607
87.30000 24.055
87.32000 25.507
87.34000 25.578
87.36000 26.747
87.38000 29.228
87.40000 29.517
87.42000 26.926
87.44000 25.737
87.46000 26.538
87.48000 28.293
87.50000 28.334
87.52000 30.894
87.54000 26.315
87.56000 31.929
87.58000 32.744
87.60000 27.673
87.62000 27.899
87.64000 29.451
87.66000 31.502
87.68000 28.319
87.70000 29.507
87.72000 31.297
87.74000 28.596
87.76000 20.460
87.78000 20.652
87.80000 25.139
87.82000 24.636
87.84000 24.798
87.86000 23.105
87.88000 21.305
87.90000 21.334
87.92000 20.886
87.94000 19.107
87.96000 16.782
87.98000 16.607
88.00000 15.632
88.02000 13.380
88.04000 16.381
88.06000 19.177
88.08000 20.063
88.10000 17.737
88.12000 13.754
88.14000 10.408
88.16000 13.995
88.18000 13.024
88.20000 12.365
88.22000 11.386
88.24000 10.849
88.26000 12.721
88.28000 10.411
88.30000 8.598
88.32000 7.460
88.34000 9.016
88.36000 11.387
88.38000 9.619
88.40000 7.171
88.42000 4.409
88.44000 4.334
88.46000 8.538
88.48000 8.415
88.50000 4.842
88.52000 4.216
88.54000 5.578
88.56000 2.410
88.58000 5.709
88.60000 4.157
88.62000 4.918
88.64000 6.209
88.66000 3.619
88.68000 3.617
88.70000 4.430
88.72000 3.855
88.74000 2.398
88.76000 2.224
88.78000 1.719
88.80000 0.472
88.82000 1.159
88.84000 2.039
88.86000 0.079
88.88000 1.968
88.90000 1.984
88.92000 -1.934
88.94000 -0.504
88.96000 1.383
88.98000 3.605
89.00000 0.127
89.02000 0.688
89.04000 -0.508
89.06000 -1.085
89.08000 -1.138
89.10000 -1.548
89.12000 -1.283
89.14000 -0.788
89.16000 -1.611
89.18000 -0.161
89.20000 1.573
89.22000 1.494
89.24000 3.468
89.26000 4.560
89.28000 2.243
89.30000 3.618
89.32000 2.844
89.34000 3.283
89.36000 2.070
89.38000 1.551
89.40000 1.537
89.42000 1.694
89.44000 0.764
89.46000 -0.995
89.48000 -1.848
89.50000 0.900
89.52000 2.571
89.54000 0.480
89.56000 3.253
89.58000 1.798
89.60000 4.447
89.62000 3.005
89.64000 1.236
89.66000 3.614
89.68000 2.499
89.70000 2.964
89.72000 0.576
89.74000 -1.820
89.76000 1.921
89.78000 5.187
89.80000 2.244
89.82000 2.195
89.84000 -1.766
89.86000 1.379
89.88000 0.789
89.90000 2.591
89.92000 3.866
89.94000 6.007
89.96000 6.501
89.98000 3.381
90.00000 1.798
90.02000 3.075
90.04000 3.175
90.06000 1.978
90.08000 -0.266
90.10000 2.905
90.12000 2.537
90.14000 2.023
90.16000 0.300
90.18000 5.121
90.20000 2.385
90.22000 5.392
90.24000 4.185
90.26000 0.568
90.28000 3.585
90.30000 2.621
90.32000 0.820
90.34000 0.137
90.36000 0.728
90.38000 -1.486
90.40000 -1.809
90.42000 0.714
90.44000 2.447
90.46000 5.228
90.48000 3.746
90.50000 -0.041
90.52000 -1.737
90.54000 3.263
90.56000 2.132
90.58000 1.138
90.60000 -0.241
90.62000 2.247
90.64000 1.822
90.66000 1.177
90.68000 3.242
90.70000 3.140
90.72000 0.602
90.74000 -0.710
90.76000 -0.309
90.78000 2.096
90.80000 1.042
90.82000 4.193
90.84000 4.503
90.86000 3.557
90.88000 0.691
90.90000 2.315
90.92000 1.560
90.94000 2.004
90.96000 2.497
90.98000 1.276
91.00000 -1.103
91.02000 -1.664
91.04000 0.607
91.06000 4.054
91.08000 4.495
91.10000 0.310
91.12000 -1.811
91.14000 1.129
91.16000 1.100
91.18000 3.248
91.20000 1.706
91.22000 1.651
91.24000 1.543
91.26000 2.541
91.28000 1.820
91.30000 1.939
91.32000 0.155
91.34000 -1.196
91.36000 0.672
91.38000 1.026
91.40000 0.473
91.42000 -0.764
91.44000 0.890
91.46000 2.319
91.48000 2.505
91.50000 7.237
91.52000 5.999
91.54000 3.232
91.56000 4.281
91.58000 1.068
91.60000 -1.700
91.62000 -1.798
91.64000 1.464
91.66000 5.076
91.68000 4.525
91.70000 -0.239
91.72000 1.636
91.74000 1.006
91.76000 -1.799
91.78000 0.057
91.80000 -1.322
91.82000 1.892
91.84000 0.291
91.86000 -0.581
91.88000 1.746
91.90000 5.345
91.92000 5.776
91.94000 1.635
91.96000 1.828
91.98000 2.367
92.00000 4.840
92.02000 4.087
92.04000 2.512
92.06000 2.369
92.08000 0.897
92.10000 -0.311
92.12000 0.185
92.14000 -0.671
92.16000 2.640
92.18000 1.137
92.20000 2.729
92.22000 0.905
92.24000 -0.160
92.26000 1.393
92.28000 2.181
92.30000 1.695
92.32000 0.734
92.34000 1.567
92.36000 2.401
92.38000 1.962
92.40000 3.447
92.42000 -1.788
92.44000 -1.283
92.46000 1.220
92.48000 1.495
92.50000 2.252
92.52000 1.408
92.54000 1.239
92.56000 0.456
92.58000 0.553
92.60000 1.802
92.62000 2.822
92.64000 1.153
92.66000 -0.590
92.68000 1.761
92.70000 3.245
92.72000 2.036
92.74000 -1.245
92.76000 -1.543
92.78000 1.732
92.80000 0.565
92.82000 0.602
92.84000 -0.658
92.86000 -0.176
92.88000 1.602
92.90000 2.845
92.92000 2.055
92.94000 0.793
92.96000 0.169
92.98000 2.694
93.00000 1.880
93.02000 2.138
93.04000 -0.058
93.06000 -1.113
93.08000 -0.294
93.10000 1.571
93.12000 2.492
93.14000 0.144
93.16000 0.433
93.18000 0.690
93.20000 -1.809
93.22000 0.304
93.24000 -0.194
93.26000 2.642
93.28000 3.704
93.30000 3.663
93.32000 4.072
93.34000 -0.003
93.36000 -0.063
93.38000 1.022
93.40000 1.450
93.42000 0.088
93.44000 0.521
93.46000 3.821
93.48000 3.048
93.50000 0.897
93.52000 2.113
93.54000 1.255
93.56000 0.637
93.58000 3.267
93.60000 1.127
93.62000 2.763
93.64000 1.246
93.66000 -1.013
93.68000 -0.110
93.70000 0.579
93.72000 -1.814
93.74000 -1.009
93.76000 1.661
93.78000 2.504
93.80000 2.425
93.82000 2.270
93.84000 4.374
93.86000 3.433
93.88000 -0.819
93.90000 -0.373
93.92000 -1.555
93.94000 2.001
93.96000 2.085
93.98000 0.209
94.00000 3.373
94.02000 1.151
94.04000 1.466
94.06000 3.068
94.08000 -1.811
94.10000 0.897
94.12000 3.510
94.14000 1.939
94.16000 1.408
94.18000 1.980
94.20000 1.863
94.22000 3.924
94.24000 1.069
94.26000 0.958
94.28000 0.446
94.30000 4.316
94.32000 3.829
94.34000 1.547
94.36000 2.646
94.38000 1.073
94.40000 0.578
94.42000 2.628
94.44000 1.893
94.46000 2.870
94.48000 1.780
94.50000 0.718
94.52000 1.535
94.54000 0.728
94.56000 3.025
94.58000 4.485
94.60000 1.858
94.62000 3.453
94.64000 2.244
94.66000 -0.184
94.68000 -0.948
94.70000 0.988
94.72000 2.257
94.74000 -0.683
94.76000 3.014
94.78000 1.153
94.80000 -1.397
94.82000 -0.898
94.84000 0.335
94.86000 1.022
94.88000 -0.445
94.90000 3.144
94.92000 2.569
94.94000 4.701
94.96000 6.233
94.98000 3.953
95.00000 3.830
95.02000 2.436
95.04000 2.513
95.06000 3.542
95.08000 2.841
95.10000 0.852
95.12000 1.928
95.14000 2.533
95.16000 2.503
95.18000 -0.662
95.20000 6.382
95.22000 2.206
95.24000 0.812
95.26000 2.201
95.28000 1.507
95.30000 2.017
95.32000 -0.302
95.34000 2.836
95.36000 1.511
95.38000 2.116
95.40000 2.125
95.42000 3.729
95.44000 6.250
95.46000 4.773
95.48000 3.704
95.50000 4.287
95.52000 4.973
95.54000 6.145
95.56000 4.911
95.58000 3.891
95.60000 5.780
95.62000 4.039
95.64000 6.851
95.66000 4.586
95.68000 3.595
95.70000 0.934
95.72000 -1.743
95.74000 0.997
95.76000 1.678
95.78000 2.884
95.80000 3.350
95.82000 2.777
95.84000 1.355
95.86000 5.153
95.88000 5.912
95.90000 3.942
95.92000 1.459
95.94000 3.650
95.96000 2.943
95.98000 2.661
96.00000 3.623
96.02000 5.382
96.04000 5.355
96.06000 6.424
96.08000 6.119
96.10000 4.873
96.12000 4.552
96.14000 4.201
96.16000 5.455
96.18000 2.165
96.20000 5.767
96.22000 4.875
96.24000 2.447
96.26000 4.739
96.28000 6.134
96.30000 2.085
96.32000 3.302
96.34000 4.116
96.36000 3.954
96.38000 6.326
96.40000 1.782
96.42000 1.763
96.44000 1.736
96.46000 2.963
96.48000 1.194
96.50000 3.368
96.52000 2.960
96.54000 2.432
96.56000 -1.804
96.58000 1.308
96.60000 5.046
96.62000 2.562
96.64000 1.084
96.66000 -0.705
96.68000 -0.276
96.70000 1.642
96.72000 0.772
96.74000 0.961
96.76000 0.718
96.78000 0.690
96.80000 -0.126
96.82000 2.684
96.84000 4.706
96.86000 4.423
96.88000 1.301
96.90000 3.426
96.92000 5.488
96.94000 3.418
96.96000 1.880
96.98000 1.820
97.00000 2.482
97.02000 2.032
97.04000 5.301
97.06000 6.201
97.08000 4.381
97.10000 2.254
97.12000 1.379
97.14000 2.888
97.16000 -0.479
97.18000 0.403
97.20000 4.824
97.22000 9.038
97.24000 8.007
97.26000 5.286
97.28000 4.418
97.30000 3.874
97.32000 0.909
97.34000 -1.785
97.36000 0.664
97.38000 -0.030
97.40000 7.384
97.42000 4.091
97.44000 3.302
97.46000 2.215
97.48000 2.158
97.50000 5.373
97.52000 4.483
97.54000 4.370
97.56000 5.916
97.58000 3.132
97.60000 6.366
97.62000 6.459
97.64000 2.003
97.66000 0.819
97.68000 0.415
97.70000 3.182
97.72000 4.521
97.74000 9.166
97.76000 6.711
97.78000 3.468
97.80000 0.369
97.82000 -0.504
97.84000 2.349
97.86000 2.484
97.88000 3.807
97.90000 5.656
97.92000 4.480
97.94000 3.588
97.96000 3.605
97.98000 -0.512
98.00000 0.014
98.02000 1.873
98.04000 3.257
98.06000 0.650
98.08000 -0.325
98.10000 2.814
98.12000 3.210
98.14000 -1.206
98.16000 1.978
98.18000 1.932
98.20000 1.478
98.22000 -1.564
98.24000 1.167
98.26000 1.273
98.28000 -1.127
98.30000 -1.779
98.32000 8.063
98.34000 4.737
98.36000 5.148
98.38000 4.847
98.40000 6.815
98.42000 9.603
98.44000 8.728
98.46000 7.182
98.48000 -0.414
98.50000 1.272
98.52000 3.899
98.54000 2.721
98.56000 3.006
98.58000 3.671
98.60000 2.634
98.62000 5.668
98.64000 2.435
98.66000 1.312
98.68000 1.425
98.70000 3.534
98.72000 5.971
98.74000 4.936
98.76000 -1.750
98.78000 3.098
98.80000 1.557
98.82000 4.857
98.84000 6.418
98.86000 1.406
98.88000 4.119
98.90000 3.411
98.92000 -0.212
98.94000 1.390
98.96000 5.645
98.98000 9.114
99.00000 7.547
99.02000 5.234
99.04000 3.185
99.06000 7.644
99.08000 1.113
99.10000 1.996
99.12000 5.891
99.14000 6.384
99.16000 4.543
99.18000 4.730
99.20000 0.931
99.22000 1.318
99.24000 0.210
99.26000 -1.718
99.28000 2.311
99.30000 3.793
99.32000 1.602
99.34000 3.952
99.36000 4.562
99.38000 3.750
99.40000 4.276
99.42000 5.864
99.44000 6.123
99.46000 4.124
99.48000 2.341
99.50000 6.881
99.52000 6.194
99.54000 5.373
99.56000 0.440
99.58000 2.278
99.60000 5.822
99.62000 7.502
99.64000 9.082
99.66000 4.799
99.68000 1.480
99.70000 -1.722
99.72000 2.638
99.74000 11.058
99.76000 3.522
99.78000 4.046
99.80000 2.235
99.82000 8.399
99.84000 6.707
99.86000 4.738
99.88000 5.504
99.90000 -1.066
99.92000 -1.799
99.94000 -0.504
99.96000 -1.949
99.98000 0.000
