'Id: "0011388" Comment: "Integrate frame 0011388_Au-Ir-Rh_Rh-rich_XRD-Mapping-003-0000.gfrmwith cursor Wedge Cursor #5" Operator: "B?rgel" Anode: "Cu" Wavelength: "1.5406" Scantype: "2Theta (TwoTheta)" TimePerStep: "1" X: "-9" Y: "-40.5" Z: "5.95" 
10.00000 0.000
10.02000 -4.576
10.04000 -0.434
10.06000 6.657
10.08000 1.620
10.10000 7.836
10.12000 10.433
10.14000 22.724
10.16000 9.788
10.18000 -4.418
10.20000 -4.069
10.22000 -2.162
10.24000 9.628
10.26000 3.197
10.28000 17.233
10.30000 16.571
10.32000 8.561
10.34000 15.074
10.36000 13.312
10.38000 17.078
10.40000 16.011
10.42000 25.250
10.44000 34.537
10.46000 19.033
10.48000 15.212
10.50000 17.869
10.52000 9.194
10.54000 4.518
10.56000 13.772
10.58000 25.567
10.60000 18.750
10.62000 4.304
10.64000 3.844
10.66000 7.636
10.68000 12.581
10.70000 11.489
10.72000 17.178
10.74000 10.488
10.76000 8.433
10.78000 19.527
10.80000 26.011
10.82000 13.666
10.84000 -0.309
10.86000 0.968
10.88000 11.636
10.90000 12.728
10.92000 14.437
10.94000 18.530
10.96000 0.096
10.98000 9.004
11.00000 19.027
11.02000 15.477
11.04000 4.859
11.06000 14.665
11.08000 18.208
11.10000 11.509
11.12000 2.026
11.14000 3.046
11.16000 -4.453
11.18000 2.656
11.20000 16.069
11.22000 11.793
11.24000 10.726
11.26000 22.221
11.28000 17.313
11.30000 20.220
11.32000 10.007
11.34000 0.316
11.36000 10.729
11.38000 15.752
11.40000 4.916
11.42000 11.118
11.44000 10.805
11.46000 7.143
11.48000 5.736
11.50000 12.170
11.52000 4.233
11.54000 -0.161
11.56000 18.496
11.58000 18.492
11.60000 9.159
11.62000 6.143
11.64000 13.513
11.66000 9.553
11.68000 -4.463
11.70000 -2.118
11.72000 -0.458
11.74000 4.743
11.76000 8.949
11.78000 -1.484
11.80000 7.224
11.82000 7.981
11.84000 8.820
11.86000 16.814
11.88000 10.997
11.90000 1.725
11.92000 4.147
11.94000 9.061
11.96000 11.855
11.98000 1.014
12.00000 3.861
12.02000 3.827
12.04000 1.611
12.06000 4.181
12.08000 12.781
12.10000 10.804
12.12000 5.555
12.14000 7.375
12.16000 0.324
12.18000 4.975
12.20000 7.423
12.22000 3.111
12.24000 10.462
12.26000 1.084
12.28000 7.152
12.30000 6.727
12.32000 3.263
12.34000 6.568
12.36000 13.782
12.38000 12.704
12.40000 19.171
12.42000 20.396
12.44000 7.251
12.46000 4.736
12.48000 -0.612
12.50000 4.406
12.52000 10.041
12.54000 8.163
12.56000 15.082
12.58000 9.991
12.60000 1.516
12.62000 0.912
12.64000 4.732
12.66000 19.686
12.68000 19.649
12.70000 9.342
12.72000 20.978
12.74000 23.130
12.76000 8.327
12.78000 6.672
12.80000 7.602
12.82000 11.664
12.84000 12.340
12.86000 11.045
12.88000 6.736
12.90000 3.927
12.92000 1.783
12.94000 7.372
12.96000 13.266
12.98000 15.599
13.00000 7.088
13.02000 6.368
13.04000 12.975
13.06000 10.017
13.08000 4.723
13.10000 6.757
13.12000 -0.766
13.14000 -1.059
13.16000 1.910
13.18000 14.174
13.20000 16.494
13.22000 12.083
13.24000 8.018
13.26000 1.531
13.28000 -4.479
13.30000 1.501
13.32000 -3.051
13.34000 1.655
13.36000 5.830
13.38000 6.993
13.40000 9.076
13.42000 1.676
13.44000 -1.997
13.46000 4.198
13.48000 2.871
13.50000 1.831
13.52000 11.457
13.54000 12.903
13.56000 4.915
13.58000 2.900
13.60000 9.433
13.62000 8.270
13.64000 4.570
13.66000 4.980
13.68000 5.266
13.70000 10.909
13.72000 5.726
13.74000 7.868
13.76000 10.110
13.78000 6.152
13.80000 5.189
13.82000 9.806
13.84000 16.181
13.86000 9.888
13.88000 4.913
13.90000 3.510
13.92000 7.952
13.94000 12.612
13.96000 11.139
13.98000 9.262
14.00000 8.071
14.02000 4.429
14.04000 1.247
14.06000 0.895
14.08000 6.215
14.10000 4.300
14.12000 4.879
14.14000 10.474
14.16000 4.783
14.18000 6.245
14.20000 10.393
14.22000 13.070
14.24000 19.384
14.26000 18.563
14.28000 14.900
14.30000 10.199
14.32000 12.593
14.34000 5.974
14.36000 1.697
14.38000 7.442
14.40000 11.060
14.42000 4.578
14.44000 8.429
14.46000 3.015
14.48000 4.932
14.50000 12.406
14.52000 12.292
14.54000 4.829
14.56000 9.282
14.58000 9.878
14.60000 8.602
14.62000 -1.113
14.64000 -4.432
14.66000 0.305
14.68000 -0.179
14.70000 3.861
14.72000 4.683
14.74000 22.130
14.76000 14.645
14.78000 13.068
14.80000 14.862
14.82000 10.359
14.84000 12.356
14.86000 10.504
14.88000 14.332
14.90000 17.105
14.92000 19.567
14.94000 14.855
14.96000 3.697
14.98000 -0.499
15.00000 10.126
15.02000 3.913
15.04000 6.008
15.06000 5.056
15.08000 12.917
15.10000 8.479
15.12000 1.236
15.14000 -2.861
15.16000 2.120
15.18000 3.698
15.20000 7.902
15.22000 16.766
15.24000 13.169
15.26000 3.843
15.28000 1.713
15.30000 1.187
15.32000 12.118
15.34000 10.521
15.36000 3.696
15.38000 -1.582
15.40000 3.255
15.42000 -0.764
15.44000 5.085
15.46000 1.243
15.48000 1.351
15.50000 6.834
15.52000 9.664
15.54000 14.657
15.56000 18.442
15.58000 10.664
15.60000 8.643
15.62000 1.470
15.64000 -2.640
15.66000 6.195
15.68000 11.142
15.70000 9.275
15.72000 11.000
15.74000 4.487
15.76000 2.675
15.78000 2.769
15.80000 3.288
15.82000 3.363
15.84000 11.384
15.86000 9.075
15.88000 6.693
15.90000 9.551
15.92000 10.928
15.94000 2.042
15.96000 8.731
15.98000 1.850
16.00000 -1.873
16.02000 8.114
16.04000 14.551
16.06000 2.972
16.08000 3.409
16.10000 2.605
16.12000 0.826
16.14000 9.106
16.16000 8.268
16.18000 10.096
16.20000 13.448
16.22000 11.771
16.24000 7.704
16.26000 6.699
16.28000 3.535
16.30000 7.638
16.32000 5.296
16.34000 3.828
16.36000 7.901
16.38000 1.320
16.40000 1.872
16.42000 8.147
16.44000 3.411
16.46000 5.464
16.48000 5.907
16.50000 4.590
16.52000 3.581
16.54000 11.750
16.56000 9.063
16.58000 8.535
16.60000 10.100
16.62000 7.511
16.64000 -4.357
16.66000 5.311
16.68000 6.249
16.70000 10.277
16.72000 13.308
16.74000 8.418
16.76000 5.943
16.78000 11.943
16.80000 9.107
16.82000 4.560
16.84000 0.264
16.86000 0.810
16.88000 3.806
16.90000 7.517
16.92000 9.332
16.94000 4.845
16.96000 2.109
16.98000 6.878
17.00000 7.109
17.02000 6.871
17.04000 4.788
17.06000 6.729
17.08000 8.435
17.10000 3.578
17.12000 7.474
17.14000 9.468
17.16000 9.303
17.18000 11.558
17.20000 15.428
17.22000 4.711
17.24000 8.201
17.26000 1.086
17.28000 1.458
17.30000 3.093
17.32000 1.106
17.34000 10.250
17.36000 12.623
17.38000 13.319
17.40000 8.309
17.42000 6.175
17.44000 5.857
17.46000 6.060
17.48000 6.921
17.50000 6.323
17.52000 7.697
17.54000 7.192
17.56000 8.175
17.58000 10.714
17.60000 2.876
17.62000 -1.621
17.64000 -1.033
17.66000 8.972
17.68000 11.540
17.70000 5.940
17.72000 4.866
17.74000 -0.223
17.76000 -2.913
17.78000 6.916
17.80000 5.750
17.82000 -0.629
17.84000 0.663
17.86000 2.944
17.88000 -0.836
17.90000 -4.267
17.92000 5.512
17.94000 9.168
17.96000 7.778
17.98000 9.302
18.00000 -0.389
18.02000 8.317
18.04000 15.185
18.06000 9.656
18.08000 10.105
18.10000 3.644
18.12000 6.019
18.14000 6.841
18.16000 6.320
18.18000 7.949
18.20000 5.331
18.22000 1.843
18.24000 4.988
18.26000 5.344
18.28000 1.355
18.30000 7.530
18.32000 10.361
18.34000 19.050
18.36000 14.952
18.38000 2.698
18.40000 3.787
18.42000 4.156
18.44000 6.638
18.46000 3.351
18.48000 7.012
18.50000 6.179
18.52000 0.694
18.54000 5.179
18.56000 5.522
18.58000 10.565
18.60000 10.506
18.62000 5.965
18.64000 4.507
18.66000 8.522
18.68000 8.316
18.70000 10.945
18.72000 7.181
18.74000 3.016
18.76000 -1.340
18.78000 4.584
18.80000 7.118
18.82000 7.627
18.84000 4.149
18.86000 6.989
18.88000 5.166
18.90000 -0.775
18.92000 0.018
18.94000 8.207
18.96000 6.466
18.98000 8.128
19.00000 5.085
19.02000 8.048
19.04000 9.058
19.06000 6.255
19.08000 5.290
19.10000 7.911
19.12000 5.252
19.14000 3.302
19.16000 7.181
19.18000 0.720
19.20000 0.822
19.22000 -1.067
19.24000 5.673
19.26000 5.751
19.28000 3.899
19.30000 3.666
19.32000 6.311
19.34000 -0.297
19.36000 1.963
19.38000 1.065
19.40000 9.068
19.42000 12.678
19.44000 3.627
19.46000 2.765
19.48000 1.911
19.50000 2.945
19.52000 6.816
19.54000 2.184
19.56000 5.837
19.58000 12.572
19.60000 12.274
19.62000 6.847
19.64000 4.507
19.66000 6.111
19.68000 5.302
19.70000 3.493
19.72000 1.751
19.74000 2.350
19.76000 6.296
19.78000 -1.143
19.80000 -1.652
19.82000 -4.154
19.84000 -2.601
19.86000 1.537
19.88000 4.075
19.90000 5.422
19.92000 5.078
19.94000 9.274
19.96000 8.785
19.98000 7.609
20.00000 0.929
20.02000 5.721
20.04000 11.262
20.06000 8.560
20.08000 4.053
20.10000 4.002
20.12000 2.674
20.14000 -0.602
20.16000 -2.427
20.18000 0.752
20.20000 4.555
20.22000 11.545
20.24000 9.369
20.26000 7.630
20.28000 0.134
20.30000 0.948
20.32000 2.711
20.34000 0.314
20.36000 -0.353
20.38000 0.243
20.40000 -4.140
20.42000 7.024
20.44000 8.904
20.46000 6.895
20.48000 3.480
20.50000 2.539
20.52000 1.177
20.54000 0.797
20.56000 4.447
20.58000 8.731
20.60000 3.926
20.62000 4.228
20.64000 3.418
20.66000 3.587
20.68000 12.037
20.70000 4.126
20.72000 0.270
20.74000 2.171
20.76000 3.733
20.78000 3.650
20.80000 2.572
20.82000 0.326
20.84000 -1.258
20.86000 2.412
20.88000 4.809
20.90000 8.851
20.92000 5.118
20.94000 -2.039
20.96000 -1.887
20.98000 -0.406
21.00000 0.762
21.02000 6.174
21.04000 10.740
21.06000 7.436
21.08000 6.835
21.10000 9.030
21.12000 3.827
21.14000 2.178
21.16000 0.358
21.18000 1.070
21.20000 4.932
21.22000 0.196
21.24000 -1.424
21.26000 0.115
21.28000 -0.364
21.30000 4.827
21.32000 2.414
21.34000 0.214
21.36000 3.742
21.38000 1.719
21.40000 2.850
21.42000 6.195
21.44000 9.772
21.46000 5.737
21.48000 1.854
21.50000 -1.109
21.52000 1.126
21.54000 6.249
21.56000 7.031
21.58000 7.987
21.60000 3.500
21.62000 5.574
21.64000 2.794
21.66000 6.111
21.68000 6.046
21.70000 5.422
21.72000 4.300
21.74000 3.800
21.76000 3.687
21.78000 -0.453
21.80000 1.701
21.82000 1.326
21.84000 3.155
21.86000 2.144
21.88000 -2.573
21.90000 -4.043
21.92000 4.428
21.94000 11.066
21.96000 6.234
21.98000 0.271
22.00000 5.060
22.02000 4.901
22.04000 3.468
22.06000 10.904
22.08000 10.142
22.10000 9.504
22.12000 10.137
22.14000 2.851
22.16000 -1.254
22.18000 -1.517
22.20000 1.450
22.22000 4.915
22.24000 1.117
22.26000 4.057
22.28000 9.538
22.30000 9.255
22.32000 4.244
22.34000 7.398
22.36000 6.450
22.38000 -1.669
22.40000 8.931
22.42000 12.503
22.44000 6.743
22.46000 3.450
22.48000 7.503
22.50000 5.750
22.52000 4.731
22.54000 6.951
22.56000 7.246
22.58000 6.021
22.60000 6.753
22.62000 8.006
22.64000 11.030
22.66000 7.306
22.68000 7.832
22.70000 1.801
22.72000 -0.128
22.74000 7.466
22.76000 4.267
22.78000 -0.346
22.80000 -3.967
22.82000 -3.240
22.84000 6.272
22.86000 9.527
22.88000 7.280
22.90000 8.066
22.92000 8.412
22.94000 7.878
22.96000 14.722
22.98000 9.153
23.00000 2.709
23.02000 6.246
23.04000 3.633
23.06000 11.645
23.08000 18.490
23.10000 8.705
23.12000 1.587
23.14000 6.147
23.16000 8.497
23.18000 9.195
23.20000 3.196
23.22000 -0.485
23.24000 4.169
23.26000 3.621
23.28000 5.486
23.30000 5.989
23.32000 7.364
23.34000 6.804
23.36000 10.814
23.38000 5.809
23.40000 4.983
23.42000 5.436
23.44000 4.929
23.46000 5.390
23.48000 7.821
23.50000 3.357
23.52000 2.974
23.54000 7.343
23.56000 5.838
23.58000 1.709
23.60000 0.970
23.62000 3.391
23.64000 5.238
23.66000 -1.158
23.68000 -3.048
23.70000 1.640
23.72000 5.434
23.74000 2.610
23.76000 -0.963
23.78000 0.968
23.80000 -0.429
23.82000 1.354
23.84000 2.965
23.86000 -1.283
23.88000 -2.329
23.90000 0.080
23.92000 5.096
23.94000 1.844
23.96000 0.362
23.98000 -1.029
24.00000 -0.367
24.02000 0.557
24.04000 -0.077
24.06000 7.458
24.08000 10.593
24.10000 6.105
24.12000 -1.730
24.14000 -3.939
24.16000 -3.367
24.18000 5.320
24.20000 7.735
24.22000 8.011
24.24000 -1.619
24.26000 -2.710
24.28000 2.360
24.30000 7.232
24.32000 2.687
24.34000 1.850
24.36000 2.893
24.38000 -1.401
24.40000 -0.106
24.42000 7.482
24.44000 1.498
24.46000 -0.561
24.48000 4.459
24.50000 5.989
24.52000 7.945
24.54000 2.653
24.56000 1.652
24.58000 3.498
24.60000 -1.307
24.62000 1.303
24.64000 4.961
24.66000 2.246
24.68000 1.403
24.70000 0.858
24.72000 0.113
24.74000 3.198
24.76000 -0.450
24.78000 1.870
24.80000 4.032
24.82000 7.985
24.84000 5.645
24.86000 5.510
24.88000 0.185
24.90000 -1.926
24.92000 -1.044
24.94000 3.983
24.96000 7.244
24.98000 3.470
25.00000 2.056
25.02000 -2.270
25.04000 4.166
25.06000 8.301
25.08000 1.901
25.10000 1.460
25.12000 1.600
25.14000 -3.465
25.16000 -1.218
25.18000 -0.368
25.20000 -3.875
25.22000 -1.443
25.24000 -1.027
25.26000 2.700
25.28000 5.089
25.30000 5.212
25.32000 6.995
25.34000 11.890
25.36000 4.998
25.38000 5.558
25.40000 8.231
25.42000 10.000
25.44000 0.474
25.46000 -3.293
25.48000 5.275
25.50000 7.666
25.52000 5.645
25.54000 3.689
25.56000 1.998
25.58000 -0.045
25.60000 -1.077
25.62000 4.462
25.64000 6.200
25.66000 3.518
25.68000 -0.869
25.70000 -0.572
25.72000 -1.254
25.74000 1.507
25.76000 4.286
25.78000 -0.461
25.80000 0.603
25.82000 -0.398
25.84000 5.448
25.86000 4.941
25.88000 2.886
25.90000 4.864
25.92000 5.019
25.94000 12.158
25.96000 3.808
25.98000 1.796
26.00000 -1.525
26.02000 -2.608
26.04000 -1.913
26.06000 -3.814
26.08000 4.241
26.10000 6.342
26.12000 2.998
26.14000 3.356
26.16000 6.058
26.18000 4.655
26.20000 2.710
26.22000 3.465
26.24000 4.956
26.26000 -0.896
26.28000 1.557
26.30000 6.549
26.32000 4.676
26.34000 5.646
26.36000 8.386
26.38000 2.132
26.40000 -1.759
26.42000 0.424
26.44000 0.788
26.46000 -0.904
26.48000 -3.498
26.50000 -2.836
26.52000 0.850
26.54000 9.032
26.56000 4.988
26.58000 2.709
26.60000 8.961
26.62000 7.560
26.64000 4.394
26.66000 1.108
26.68000 0.759
26.70000 4.525
26.72000 2.976
26.74000 2.931
26.76000 2.277
26.78000 3.051
26.80000 3.280
26.82000 2.076
26.84000 4.309
26.86000 4.900
26.88000 -1.145
26.90000 0.831
26.92000 9.790
26.94000 7.702
26.96000 0.956
26.98000 -3.405
27.00000 -1.262
27.02000 4.572
27.04000 3.943
27.06000 6.857
27.08000 4.525
27.10000 4.822
27.12000 2.239
27.14000 7.787
27.16000 2.685
27.18000 2.188
27.20000 -1.924
27.22000 2.529
27.24000 0.361
27.26000 0.380
27.28000 2.364
27.30000 2.396
27.32000 2.365
27.34000 3.835
27.36000 0.831
27.38000 2.312
27.40000 -2.314
27.42000 -3.758
27.44000 -3.763
27.46000 -1.080
27.48000 2.541
27.50000 1.700
27.52000 3.430
27.54000 1.123
27.56000 5.151
27.58000 4.877
27.60000 2.045
27.62000 4.589
27.64000 7.112
27.66000 5.082
27.68000 4.085
27.70000 1.367
27.72000 -1.057
27.74000 2.616
27.76000 5.852
27.78000 3.299
27.80000 -3.034
27.82000 -1.270
27.84000 -0.582
27.86000 1.688
27.88000 0.130
27.90000 3.102
27.92000 4.745
27.94000 1.774
27.96000 3.527
27.98000 6.227
28.00000 1.253
28.02000 1.504
28.04000 -2.223
28.06000 1.155
28.08000 -2.413
28.10000 3.048
28.12000 3.419
28.14000 -1.650
28.16000 -1.086
28.18000 6.071
28.20000 1.829
28.22000 6.351
28.24000 8.062
28.26000 7.749
28.28000 6.981
28.30000 8.582
28.32000 3.705
28.34000 3.818
28.36000 1.658
28.38000 0.774
28.40000 -1.459
28.42000 -3.710
28.44000 0.278
28.46000 -2.006
28.48000 3.778
28.50000 4.677
28.52000 -0.520
28.54000 -1.032
28.56000 0.052
28.58000 7.312
28.60000 4.867
28.62000 7.043
28.64000 6.473
28.66000 5.992
28.68000 -3.450
28.70000 0.040
28.72000 5.309
28.74000 9.089
28.76000 9.596
28.78000 1.320
28.80000 0.659
28.82000 2.570
28.84000 -0.601
28.86000 5.423
28.88000 7.172
28.90000 2.837
28.92000 2.207
28.94000 0.616
28.96000 -0.860
28.98000 2.810
29.00000 2.370
29.02000 0.081
29.04000 0.802
29.06000 -0.978
29.08000 7.622
29.10000 8.425
29.12000 -0.163
29.14000 -0.302
29.16000 1.786
29.18000 4.610
29.20000 3.420
29.22000 2.729
29.24000 0.157
29.26000 -0.027
29.28000 1.957
29.30000 5.847
29.32000 7.535
29.34000 2.515
29.36000 -1.383
29.38000 0.797
29.40000 4.725
29.42000 5.618
29.44000 5.731
29.46000 6.210
29.48000 8.991
29.50000 11.685
29.52000 7.878
29.54000 1.404
29.56000 4.168
29.58000 6.076
29.60000 5.977
29.62000 -2.579
29.64000 -3.630
29.66000 -1.917
29.68000 -0.966
29.70000 0.502
29.72000 4.067
29.74000 4.692
29.76000 4.138
29.78000 7.932
29.80000 8.051
29.82000 6.362
29.84000 7.947
29.86000 6.086
29.88000 3.481
29.90000 8.154
29.92000 9.373
29.94000 0.954
29.96000 -1.430
29.98000 3.839
30.00000 6.604
30.02000 10.639
30.04000 7.185
30.06000 6.981
30.08000 5.874
30.10000 2.190
30.12000 0.246
30.14000 -0.785
30.16000 -1.995
30.18000 0.170
30.20000 6.118
30.22000 4.367
30.24000 1.440
30.26000 -1.774
30.28000 -2.219
30.30000 3.884
30.32000 5.577
30.34000 6.461
30.36000 3.092
30.38000 1.474
30.40000 4.280
30.42000 -3.618
30.44000 -1.267
30.46000 2.886
30.48000 6.070
30.50000 4.837
30.52000 3.219
30.54000 4.675
30.56000 2.714
30.58000 3.622
30.60000 3.458
30.62000 3.011
30.64000 4.049
30.66000 6.332
30.68000 5.195
30.70000 3.706
30.72000 5.871
30.74000 2.858
30.76000 2.223
30.78000 2.518
30.80000 -0.063
30.82000 2.548
30.84000 1.414
30.86000 2.242
30.88000 -1.017
30.90000 -0.029
30.92000 -0.121
30.94000 5.418
30.96000 3.815
30.98000 -0.103
31.00000 3.203
31.02000 3.282
31.04000 0.696
31.06000 0.036
31.08000 -3.098
31.10000 -1.262
31.12000 5.419
31.14000 3.033
31.16000 1.956
31.18000 3.139
31.20000 1.471
31.22000 0.436
31.24000 2.883
31.26000 -0.391
31.28000 3.376
31.30000 0.052
31.32000 -3.382
31.34000 -2.722
31.36000 -0.963
31.38000 -1.337
31.40000 -2.019
31.42000 -2.327
31.44000 -1.411
31.46000 4.074
31.48000 6.815
31.50000 5.173
31.52000 -1.837
31.54000 -2.105
31.56000 0.190
31.58000 3.701
31.60000 1.370
31.62000 1.628
31.64000 1.242
31.66000 4.082
31.68000 8.769
31.70000 3.554
31.72000 -0.033
31.74000 4.283
31.76000 3.197
31.78000 1.708
31.80000 3.465
31.82000 2.565
31.84000 1.857
31.86000 4.253
31.88000 2.919
31.90000 7.713
31.92000 5.574
31.94000 5.653
31.96000 1.705
31.98000 -1.295
32.00000 6.456
32.02000 3.926
32.04000 0.838
32.06000 3.640
32.08000 -3.520
32.10000 0.662
32.12000 6.021
32.14000 5.944
32.16000 6.184
32.18000 6.213
32.20000 5.260
32.22000 -3.513
32.24000 -2.041
32.26000 5.609
32.28000 3.174
32.30000 3.197
32.32000 3.312
32.34000 3.174
32.36000 4.495
32.38000 3.571
32.40000 -1.176
32.42000 3.038
32.44000 4.478
32.46000 4.362
32.48000 6.363
32.50000 2.312
32.52000 -1.798
32.54000 3.134
32.56000 2.606
32.58000 2.602
32.60000 3.430
32.62000 -0.988
32.64000 3.095
32.66000 6.481
32.68000 2.975
32.70000 5.982
32.72000 6.861
32.74000 2.159
32.76000 0.353
32.78000 0.365
32.80000 -1.203
32.82000 2.892
32.84000 5.177
32.86000 6.001
32.88000 6.340
32.90000 7.191
32.92000 7.703
32.94000 6.581
32.96000 0.738
32.98000 5.609
33.00000 9.626
33.02000 8.855
33.04000 4.175
33.06000 -3.492
33.08000 -1.982
33.10000 4.098
33.12000 2.425
33.14000 3.571
33.16000 1.838
33.18000 -0.632
33.20000 -1.183
33.22000 7.294
33.24000 6.272
33.26000 4.640
33.28000 3.546
33.30000 3.460
33.32000 8.654
33.34000 7.437
33.36000 5.115
33.38000 8.100
33.40000 4.813
33.42000 1.332
33.44000 3.166
33.46000 6.178
33.48000 4.982
33.50000 4.812
33.52000 2.994
33.54000 3.269
33.56000 -1.136
33.58000 1.451
33.60000 2.124
33.62000 4.168
33.64000 3.231
33.66000 3.581
33.68000 5.069
33.70000 5.370
33.72000 10.535
33.74000 10.941
33.76000 4.239
33.78000 3.729
33.80000 3.181
33.82000 4.618
33.84000 5.242
33.86000 4.047
33.88000 6.676
33.90000 4.064
33.92000 4.765
33.94000 4.750
33.96000 4.142
33.98000 4.831
34.00000 2.668
34.02000 -1.248
34.04000 1.053
34.06000 1.651
34.08000 -3.473
34.10000 0.407
34.12000 1.954
34.14000 3.406
34.16000 4.204
34.18000 6.441
34.20000 3.783
34.22000 -2.163
34.24000 -1.848
34.26000 3.591
34.28000 4.150
34.30000 0.991
34.32000 -0.490
34.34000 4.185
34.36000 3.925
34.38000 4.935
34.40000 5.699
34.42000 6.314
34.44000 4.111
34.46000 -1.322
34.48000 -1.931
34.50000 -1.211
34.52000 3.499
34.54000 6.664
34.56000 -0.479
34.58000 -2.112
34.60000 1.506
34.62000 2.017
34.64000 6.728
34.66000 5.611
34.68000 2.897
34.70000 3.071
34.72000 0.807
34.74000 0.503
34.76000 3.327
34.78000 5.271
34.80000 6.910
34.82000 7.479
34.84000 3.613
34.86000 3.754
34.88000 1.382
34.90000 3.953
34.92000 4.961
34.94000 5.579
34.96000 8.407
34.98000 3.890
35.00000 4.528
35.02000 4.202
35.04000 7.846
35.06000 8.431
35.08000 3.383
35.10000 2.622
35.12000 4.389
35.14000 -3.425
35.16000 2.613
35.18000 0.027
35.20000 2.820
35.22000 2.099
35.24000 3.101
35.26000 2.812
35.28000 3.782
35.30000 3.819
35.32000 5.752
35.34000 4.956
35.36000 0.548
35.38000 2.403
35.40000 2.414
35.42000 0.127
35.44000 3.091
35.46000 5.092
35.48000 1.506
35.50000 1.369
35.52000 3.268
35.54000 -0.114
35.56000 -0.096
35.58000 -2.538
35.60000 3.268
35.62000 1.881
35.64000 4.234
35.66000 -0.107
35.68000 -0.068
35.70000 0.740
35.72000 3.169
35.74000 -0.483
35.76000 -1.309
35.78000 4.662
35.80000 1.447
35.82000 -3.199
35.84000 -0.326
35.86000 2.666
35.88000 2.393
35.90000 1.333
35.92000 1.793
35.94000 1.424
35.96000 -1.608
35.98000 -1.553
36.00000 -1.097
36.02000 2.506
36.04000 5.194
36.06000 5.941
36.08000 6.800
36.10000 4.522
36.12000 2.265
36.14000 0.795
36.16000 3.112
36.18000 1.059
36.20000 -0.161
36.22000 1.132
36.24000 -0.093
36.26000 -0.280
36.28000 4.080
36.30000 5.591
36.32000 6.749
36.34000 3.552
36.36000 2.295
36.38000 1.642
36.40000 3.176
36.42000 4.233
36.44000 4.082
36.46000 6.150
36.48000 4.513
36.50000 2.674
36.52000 0.741
36.54000 1.686
36.56000 -0.059
36.58000 3.046
36.60000 5.007
36.62000 7.638
36.64000 4.256
36.66000 1.890
36.68000 0.608
36.70000 2.363
36.72000 3.381
36.74000 2.316
36.76000 5.306
36.78000 5.759
36.80000 4.880
36.82000 0.340
36.84000 3.345
36.86000 6.953
36.88000 7.353
36.90000 3.444
36.92000 -0.202
36.94000 -3.416
36.96000 3.046
36.98000 2.911
37.00000 -1.747
37.02000 -0.756
37.04000 0.864
37.06000 4.567
37.08000 5.919
37.10000 4.120
37.12000 3.497
37.14000 -2.204
37.16000 2.005
37.18000 6.607
37.20000 3.859
37.22000 3.593
37.24000 1.804
37.26000 -0.169
37.28000 1.031
37.30000 0.624
37.32000 0.636
37.34000 7.386
37.36000 3.354
37.38000 -0.117
37.40000 2.207
37.42000 2.944
37.44000 4.220
37.46000 0.186
37.48000 -2.317
37.50000 -1.888
37.52000 -3.473
37.54000 -0.074
37.56000 2.700
37.58000 -0.951
37.60000 2.615
37.62000 3.899
37.64000 0.895
37.66000 0.052
37.68000 2.233
37.70000 3.421
37.72000 2.579
37.74000 1.962
37.76000 -0.181
37.78000 4.805
37.80000 9.314
37.82000 7.569
37.84000 2.837
37.86000 2.197
37.88000 5.628
37.90000 7.444
37.92000 6.601
37.94000 6.688
37.96000 4.791
37.98000 2.980
38.00000 -0.114
38.02000 2.242
38.04000 3.045
38.06000 8.947
38.08000 4.465
38.10000 0.977
38.12000 2.630
38.14000 5.624
38.16000 7.542
38.18000 8.450
38.20000 6.773
38.22000 8.015
38.24000 10.963
38.26000 13.290
38.28000 11.287
38.30000 9.916
38.32000 12.054
38.34000 11.633
38.36000 12.313
38.38000 10.332
38.40000 10.952
38.42000 12.168
38.44000 10.091
38.46000 10.909
38.48000 13.615
38.50000 12.712
38.52000 13.757
38.54000 14.229
38.56000 13.378
38.58000 13.627
38.60000 11.033
38.62000 9.753
38.64000 14.001
38.66000 16.987
38.68000 18.298
38.70000 15.808
38.72000 17.681
38.74000 21.090
38.76000 15.767
38.78000 16.459
38.80000 17.028
38.82000 19.980
38.84000 17.707
38.86000 16.302
38.88000 22.853
38.90000 22.685
38.92000 22.595
38.94000 20.508
38.96000 20.658
38.98000 21.682
39.00000 19.573
39.02000 23.965
39.04000 24.199
39.06000 20.622
39.08000 23.642
39.10000 22.902
39.12000 24.082
39.14000 26.955
39.16000 28.584
39.18000 28.716
39.20000 29.961
39.22000 34.329
39.24000 33.248
39.26000 29.401
39.28000 30.522
39.30000 31.953
39.32000 35.249
39.34000 36.093
39.36000 38.132
39.38000 38.876
39.40000 37.601
39.42000 46.777
39.44000 41.797
39.46000 46.294
39.48000 49.231
39.50000 49.700
39.52000 52.577
39.54000 57.287
39.56000 48.957
39.58000 54.759
39.60000 69.789
39.62000 68.324
39.64000 64.672
39.66000 70.791
39.68000 72.601
39.70000 80.788
39.72000 84.868
39.74000 90.245
39.76000 90.147
39.78000 96.977
39.80000 98.759
39.82000 103.546
39.84000 109.707
39.86000 117.390
39.88000 123.858
39.90000 132.927
39.92000 135.763
39.94000 142.831
39.96000 148.817
39.98000 157.187
40.00000 160.514
40.02000 175.579
40.04000 185.157
40.06000 196.150
40.08000 204.668
40.10000 214.794
40.12000 229.945
40.14000 237.596
40.16000 246.719
40.18000 260.559
40.20000 274.633
40.22000 292.491
40.24000 315.744
40.26000 327.354
40.28000 345.434
40.30000 363.994
40.32000 375.614
40.34000 396.170
40.36000 411.290
40.38000 427.079
40.40000 445.114
40.42000 470.770
40.44000 488.014
40.46000 509.717
40.48000 524.819
40.50000 532.357
40.52000 551.677
40.54000 564.213
40.56000 580.231
40.58000 599.383
40.60000 609.213
40.62000 618.494
40.64000 611.461
40.66000 606.422
40.68000 609.519
40.70000 605.952
40.72000 602.882
40.74000 608.444
40.76000 602.278
40.78000 604.682
40.80000 594.857
40.82000 578.133
40.84000 559.623
40.86000 553.220
40.88000 540.008
40.90000 522.077
40.92000 504.225
40.94000 489.603
40.96000 474.620
40.98000 447.208
41.00000 438.592
41.02000 415.647
41.04000 392.765
41.06000 372.461
41.08000 355.254
41.10000 345.868
41.12000 329.790
41.14000 309.734
41.16000 297.049
41.18000 291.830
41.20000 276.149
41.22000 258.933
41.24000 239.715
41.26000 223.025
41.28000 214.402
41.30000 209.697
41.32000 199.709
41.34000 183.248
41.36000 167.380
41.38000 155.121
41.40000 152.950
41.42000 145.805
41.44000 140.676
41.46000 134.695
41.48000 128.442
41.50000 119.343
41.52000 111.101
41.54000 103.036
41.56000 97.788
41.58000 94.906
41.60000 92.090
41.62000 89.951
41.64000 81.289
41.66000 74.226
41.68000 75.011
41.70000 71.669
41.72000 71.841
41.74000 70.861
41.76000 58.193
41.78000 52.364
41.80000 51.310
41.82000 51.477
41.84000 47.565
41.86000 48.489
41.88000 47.278
41.90000 45.180
41.92000 37.676
41.94000 36.681
41.96000 39.384
41.98000 35.756
42.00000 34.120
42.02000 33.695
42.04000 31.010
42.06000 27.940
42.08000 29.206
42.10000 25.392
42.12000 22.615
42.14000 24.661
42.16000 24.004
42.18000 23.116
42.20000 25.245
42.22000 26.650
42.24000 20.355
42.26000 19.142
42.28000 20.825
42.30000 21.764
42.32000 19.106
42.34000 17.400
42.36000 14.609
42.38000 15.645
42.40000 15.583
42.42000 14.707
42.44000 15.594
42.46000 12.568
42.48000 6.909
42.50000 11.311
42.52000 9.622
42.54000 11.775
42.56000 10.501
42.58000 11.530
42.60000 12.213
42.62000 12.130
42.64000 9.048
42.66000 8.886
42.68000 6.282
42.70000 3.841
42.72000 5.333
42.74000 9.408
42.76000 5.774
42.78000 3.287
42.80000 2.721
42.82000 4.700
42.84000 2.311
42.86000 3.764
42.88000 1.881
42.90000 7.939
42.92000 10.227
42.94000 2.684
42.96000 0.260
42.98000 2.426
43.00000 1.677
43.02000 7.581
43.04000 3.768
43.06000 4.381
43.08000 3.391
43.10000 7.204
43.12000 4.800
43.14000 2.355
43.16000 3.446
43.18000 -0.810
43.20000 0.159
43.22000 0.427
43.24000 3.198
43.26000 2.922
43.28000 0.608
43.30000 1.343
43.32000 1.518
43.34000 -0.827
43.36000 -1.919
43.38000 3.671
43.40000 4.610
43.42000 3.004
43.44000 1.646
43.46000 1.536
43.48000 4.292
43.50000 1.116
43.52000 -3.436
43.54000 0.267
43.56000 2.358
43.58000 1.397
43.60000 0.400
43.62000 -1.057
43.64000 -0.543
43.66000 1.143
43.68000 0.184
43.70000 -0.121
43.72000 1.891
43.74000 5.610
43.76000 5.794
43.78000 6.942
43.80000 3.199
43.82000 2.463
43.84000 3.542
43.86000 5.174
43.88000 3.308
43.90000 1.002
43.92000 -2.931
43.94000 -1.288
43.96000 0.625
43.98000 -2.727
44.00000 -3.118
44.02000 2.522
44.04000 4.063
44.06000 4.811
44.08000 6.589
44.10000 4.163
44.12000 3.031
44.14000 0.429
44.16000 -3.371
44.18000 0.961
44.20000 1.308
44.22000 4.133
44.24000 5.178
44.26000 3.369
44.28000 1.058
44.30000 -1.218
44.32000 -1.005
44.34000 2.566
44.36000 -1.337
44.38000 -1.288
44.40000 0.425
44.42000 1.619
44.44000 -0.575
44.46000 -0.757
44.48000 1.599
44.50000 0.098
44.52000 -0.783
44.54000 1.952
44.56000 1.574
44.58000 2.724
44.60000 2.376
44.62000 -1.459
44.64000 -3.021
44.66000 2.706
44.68000 4.375
44.70000 3.258
44.72000 4.514
44.74000 1.997
44.76000 5.596
44.78000 8.298
44.80000 3.265
44.82000 4.087
44.84000 7.226
44.86000 11.416
44.88000 9.230
44.90000 7.441
44.92000 7.726
44.94000 5.178
44.96000 -2.094
44.98000 -3.305
45.00000 2.665
45.02000 3.443
45.04000 -0.165
45.06000 2.050
45.08000 7.274
45.10000 7.675
45.12000 6.534
45.14000 2.902
45.16000 -0.525
45.18000 4.558
45.20000 5.786
45.22000 10.100
45.24000 4.974
45.26000 1.370
45.28000 5.125
45.30000 8.216
45.32000 5.741
45.34000 1.832
45.36000 1.740
45.38000 4.601
45.40000 2.158
45.42000 -0.983
45.44000 -0.504
45.46000 3.769
45.48000 7.214
45.50000 4.788
45.52000 1.662
45.54000 4.485
45.56000 3.258
45.58000 6.582
45.60000 8.819
45.62000 6.460
45.64000 9.645
45.66000 6.416
45.68000 7.314
45.70000 3.812
45.72000 1.222
45.74000 7.396
45.76000 12.565
45.78000 11.459
45.80000 12.649
45.82000 12.002
45.84000 13.626
45.86000 18.647
45.88000 13.214
45.90000 14.929
45.92000 13.540
45.94000 10.523
45.96000 11.049
45.98000 13.380
46.00000 14.875
46.02000 16.219
46.04000 11.430
46.06000 15.622
46.08000 13.964
46.10000 16.619
46.12000 21.337
46.14000 18.084
46.16000 18.358
46.18000 19.527
46.20000 18.922
46.22000 24.177
46.24000 29.622
46.26000 28.370
46.28000 30.380
46.30000 31.207
46.32000 25.813
46.34000 22.252
46.36000 23.855
46.38000 23.992
46.40000 28.659
46.42000 37.681
46.44000 32.330
46.46000 21.442
46.48000 26.244
46.50000 28.597
46.52000 32.200
46.54000 30.524
46.56000 29.976
46.58000 32.141
46.60000 35.412
46.62000 44.229
46.64000 44.190
46.66000 35.625
46.68000 40.635
46.70000 42.645
46.72000 40.702
46.74000 41.215
46.76000 50.866
46.78000 50.396
46.80000 53.823
46.82000 58.921
46.84000 57.140
46.86000 56.366
46.88000 55.298
46.90000 53.230
46.92000 56.820
46.94000 53.915
46.96000 55.058
46.98000 63.355
47.00000 64.348
47.02000 59.213
47.04000 62.779
47.06000 64.758
47.08000 67.396
47.10000 72.050
47.12000 69.717
47.14000 65.599
47.16000 65.744
47.18000 69.915
47.20000 66.366
47.22000 66.329
47.24000 65.190
47.26000 67.834
47.28000 73.683
47.30000 69.232
47.32000 66.007
47.34000 63.641
47.36000 71.875
47.38000 71.859
47.40000 66.527
47.42000 68.889
47.44000 69.962
47.46000 71.139
47.48000 68.834
47.50000 62.967
47.52000 62.914
47.54000 67.981
47.56000 60.384
47.58000 53.429
47.60000 54.582
47.62000 58.592
47.64000 52.439
47.66000 50.231
47.68000 52.795
47.70000 53.481
47.72000 52.818
47.74000 49.444
47.76000 48.630
47.78000 49.657
47.80000 46.070
47.82000 44.885
47.84000 42.822
47.86000 45.352
47.88000 45.948
47.90000 40.955
47.92000 39.020
47.94000 36.394
47.96000 35.497
47.98000 32.444
48.00000 30.023
48.02000 30.796
48.04000 27.046
48.06000 23.847
48.08000 25.068
48.10000 21.887
48.12000 25.106
48.14000 25.086
48.16000 27.611
48.18000 21.213
48.20000 18.629
48.22000 13.304
48.24000 16.652
48.26000 14.054
48.28000 15.261
48.30000 17.839
48.32000 19.334
48.34000 13.805
48.36000 8.912
48.38000 9.265
48.40000 5.652
48.42000 6.937
48.44000 11.091
48.46000 11.182
48.48000 6.176
48.50000 -0.641
48.52000 6.864
48.54000 3.942
48.56000 7.332
48.58000 7.658
48.60000 9.445
48.62000 4.369
48.64000 1.602
48.66000 5.211
48.68000 6.712
48.70000 9.051
48.72000 6.474
48.74000 4.709
48.76000 3.384
48.78000 11.144
48.80000 9.719
48.82000 11.233
48.84000 8.882
48.86000 6.745
48.88000 10.172
48.90000 4.725
48.92000 3.416
48.94000 -3.007
48.96000 0.526
48.98000 5.393
49.00000 5.680
49.02000 3.616
49.04000 3.031
49.06000 4.374
49.08000 8.359
49.10000 1.031
49.12000 -2.855
49.14000 2.921
49.16000 -0.985
49.18000 -1.855
49.20000 -1.662
49.22000 -2.383
49.24000 -1.961
49.26000 -1.755
49.28000 -0.734
49.30000 -2.967
49.32000 -2.021
49.34000 -0.918
49.36000 1.206
49.38000 -2.882
49.40000 1.702
49.42000 2.446
49.44000 3.011
49.46000 0.419
49.48000 -0.723
49.50000 1.088
49.52000 2.409
49.54000 0.675
49.56000 2.585
49.58000 3.442
49.60000 0.412
49.62000 1.389
49.64000 2.583
49.66000 1.759
49.68000 0.770
49.70000 4.023
49.72000 1.799
49.74000 -2.592
49.76000 1.970
49.78000 5.396
49.80000 2.579
49.82000 2.910
49.84000 0.023
49.86000 4.781
49.88000 4.970
49.90000 6.502
49.92000 3.313
49.94000 -0.499
49.96000 0.152
49.98000 2.024
50.00000 4.375
50.02000 2.468
50.04000 1.124
50.06000 3.816
50.08000 6.152
50.10000 2.000
50.12000 -1.425
50.14000 -2.843
50.16000 -0.136
50.18000 4.507
50.20000 8.110
50.22000 6.729
50.24000 4.443
50.26000 -2.824
50.28000 -2.202
50.30000 1.246
50.32000 0.741
50.34000 4.345
50.36000 1.383
50.38000 3.072
50.40000 5.115
50.42000 7.206
50.44000 4.207
50.46000 6.888
50.48000 3.188
50.50000 -1.002
50.52000 4.386
50.54000 1.300
50.56000 4.505
50.58000 9.365
50.60000 2.468
50.62000 7.527
50.64000 7.306
50.66000 5.524
50.68000 3.698
50.70000 2.592
50.72000 -1.644
50.74000 -0.409
50.76000 1.652
50.78000 5.083
50.80000 3.327
50.82000 1.540
50.84000 2.126
50.86000 2.163
50.88000 6.487
50.90000 4.218
50.92000 1.916
50.94000 5.450
50.96000 7.206
50.98000 9.135
51.00000 5.912
51.02000 0.269
51.04000 1.875
51.06000 1.447
51.08000 1.471
51.10000 2.440
51.12000 5.830
51.14000 9.141
51.16000 5.734
51.18000 1.528
51.20000 0.220
51.22000 0.731
51.24000 6.788
51.26000 6.387
51.28000 2.459
51.30000 2.874
51.32000 3.638
51.34000 3.323
51.36000 8.264
51.38000 7.992
51.40000 3.402
51.42000 2.952
51.44000 0.890
51.46000 -2.754
51.48000 1.899
51.50000 6.613
51.52000 5.158
51.54000 2.384
51.56000 -0.134
51.58000 2.298
51.60000 1.644
51.62000 6.002
51.64000 6.796
51.66000 4.209
51.68000 -0.335
51.70000 3.446
51.72000 5.892
51.74000 3.684
51.76000 -0.006
51.78000 0.276
51.80000 -2.751
51.82000 2.569
51.84000 7.297
51.86000 5.662
51.88000 9.148
51.90000 6.073
51.92000 7.356
51.94000 5.243
51.96000 0.652
51.98000 -0.315
52.00000 5.705
52.02000 7.442
52.04000 4.234
52.06000 1.880
52.08000 6.226
52.10000 2.482
52.12000 3.764
52.14000 4.332
52.16000 5.161
52.18000 0.820
52.20000 4.792
52.22000 4.997
52.24000 4.471
52.26000 0.802
52.28000 -0.828
52.30000 1.446
52.32000 2.310
52.34000 1.828
52.36000 2.826
52.38000 2.361
52.40000 -0.621
52.42000 2.681
52.44000 0.547
52.46000 -1.372
52.48000 1.393
52.50000 5.013
52.52000 5.928
52.54000 5.258
52.56000 0.144
52.58000 -0.634
52.60000 1.227
52.62000 4.620
52.64000 5.693
52.66000 1.128
52.68000 3.642
52.70000 4.058
52.72000 0.768
52.74000 -2.723
52.76000 -0.535
52.78000 3.065
52.80000 0.026
52.82000 4.025
52.84000 1.707
52.86000 1.268
52.88000 3.444
52.90000 3.079
52.92000 5.396
52.94000 7.387
52.96000 4.572
52.98000 2.252
53.00000 3.567
53.02000 4.557
53.04000 0.626
53.06000 -2.132
53.08000 -1.882
53.10000 5.074
53.12000 7.886
53.14000 4.327
53.16000 3.581
53.18000 2.408
53.20000 4.465
53.22000 0.510
53.24000 1.741
53.26000 6.653
53.28000 3.366
53.30000 -0.407
53.32000 0.382
53.34000 4.288
53.36000 4.885
53.38000 4.900
53.40000 5.438
53.42000 2.190
53.44000 5.060
53.46000 6.156
53.48000 6.531
53.50000 6.459
53.52000 4.751
53.54000 6.935
53.56000 6.125
53.58000 7.677
53.60000 5.710
53.62000 2.154
53.64000 3.574
53.66000 7.315
53.68000 5.758
53.70000 6.450
53.72000 3.274
53.74000 -2.668
53.76000 -0.717
53.78000 -0.129
53.80000 0.485
53.82000 3.982
53.84000 3.935
53.86000 2.609
53.88000 5.594
53.90000 4.584
53.92000 3.261
53.94000 4.454
53.96000 3.230
53.98000 4.155
54.00000 4.567
54.02000 4.622
54.04000 4.691
54.06000 7.428
54.08000 8.964
54.10000 7.028
54.12000 4.353
54.14000 4.096
54.16000 3.091
54.18000 5.789
54.20000 6.198
54.22000 4.652
54.24000 6.210
54.26000 4.688
54.28000 6.364
54.30000 6.718
54.32000 2.129
54.34000 -1.325
54.36000 5.576
54.38000 7.493
54.40000 8.419
54.42000 7.104
54.44000 3.885
54.46000 4.456
54.48000 3.463
54.50000 1.700
54.52000 0.265
54.54000 -0.326
54.56000 0.738
54.58000 2.043
54.60000 0.975
54.62000 3.316
54.64000 2.526
54.66000 2.707
54.68000 3.440
54.70000 3.159
54.72000 -0.554
54.74000 0.907
54.76000 4.111
54.78000 5.072
54.80000 6.317
54.82000 3.343
54.84000 3.033
54.86000 2.661
54.88000 1.756
54.90000 1.473
54.92000 -1.429
54.94000 0.598
54.96000 -2.168
54.98000 -2.686
55.00000 0.929
55.02000 1.443
55.04000 0.937
55.06000 6.075
55.08000 5.151
55.10000 -0.849
55.12000 1.485
55.14000 5.253
55.16000 5.058
55.18000 3.503
55.20000 4.871
55.22000 3.216
55.24000 -1.554
55.26000 -1.531
55.28000 -0.439
55.30000 4.911
55.32000 6.728
55.34000 6.476
55.36000 0.071
55.38000 0.076
55.40000 3.715
55.42000 3.864
55.44000 -1.160
55.46000 3.120
55.48000 7.868
55.50000 6.441
55.52000 0.128
55.54000 -2.031
55.56000 0.170
55.58000 -1.594
55.60000 0.145
55.62000 3.234
55.64000 3.088
55.66000 2.602
55.68000 0.234
55.70000 0.706
55.72000 0.530
55.74000 -1.199
55.76000 1.936
55.78000 8.887
55.80000 6.167
55.82000 6.123
55.84000 4.840
55.86000 2.566
55.88000 1.348
55.90000 3.317
55.92000 2.161
55.94000 1.206
55.96000 -1.238
55.98000 0.716
56.00000 -0.206
56.02000 -1.677
56.04000 1.353
56.06000 5.403
56.08000 4.519
56.10000 1.599
56.12000 2.689
56.14000 4.097
56.16000 3.711
56.18000 3.636
56.20000 4.651
56.22000 0.070
56.24000 -1.007
56.26000 2.054
56.28000 -0.386
56.30000 1.063
56.32000 -0.185
56.34000 -1.388
56.36000 -0.984
56.38000 1.028
56.40000 -2.652
56.42000 2.939
56.44000 -1.544
56.46000 -0.555
56.48000 0.144
56.50000 0.919
56.52000 3.158
56.54000 4.329
56.56000 6.060
56.58000 4.888
56.60000 1.893
56.62000 5.566
56.64000 5.591
56.66000 4.765
56.68000 6.209
56.70000 0.750
56.72000 2.544
56.74000 2.314
56.76000 -1.695
56.78000 -0.715
56.80000 0.777
56.82000 0.865
56.84000 3.948
56.86000 4.996
56.88000 6.686
56.90000 4.109
56.92000 2.090
56.94000 4.386
56.96000 -0.343
56.98000 2.310
57.00000 5.357
57.02000 3.040
57.04000 -0.320
57.06000 3.776
57.08000 2.902
57.10000 -0.292
57.12000 -0.430
57.14000 1.964
57.16000 1.061
57.18000 -0.539
57.20000 0.851
57.22000 0.777
57.24000 7.431
57.26000 12.352
57.28000 6.158
57.30000 2.590
57.32000 -0.362
57.34000 -0.029
57.36000 -2.570
57.38000 2.088
57.40000 8.546
57.42000 7.583
57.44000 6.250
57.46000 4.116
57.48000 6.156
57.50000 5.308
57.52000 4.533
57.54000 6.757
57.56000 2.737
57.58000 -0.265
57.60000 0.139
57.62000 4.189
57.64000 2.238
57.66000 3.921
57.68000 6.387
57.70000 2.902
57.72000 1.609
57.74000 4.229
57.76000 4.666
57.78000 4.014
57.80000 0.023
57.82000 0.845
57.84000 4.106
57.86000 3.734
57.88000 1.370
57.90000 2.177
57.92000 7.162
57.94000 4.869
57.96000 4.955
57.98000 10.419
58.00000 10.383
58.02000 2.375
58.04000 4.822
58.06000 5.757
58.08000 4.839
58.10000 7.345
58.12000 7.575
58.14000 4.684
58.16000 2.176
58.18000 4.793
58.20000 6.982
58.22000 2.604
58.24000 -1.531
58.26000 6.314
58.28000 8.922
58.30000 2.045
58.32000 -0.640
58.34000 0.717
58.36000 3.086
58.38000 2.561
58.40000 3.912
58.42000 2.018
58.44000 0.421
58.46000 0.305
58.48000 4.225
58.50000 3.597
58.52000 3.010
58.54000 5.030
58.56000 0.420
58.58000 2.948
58.60000 2.717
58.62000 0.240
58.64000 0.030
58.66000 1.821
58.68000 3.064
58.70000 0.888
58.72000 4.868
58.74000 5.238
58.76000 7.077
58.78000 4.353
58.80000 3.960
58.82000 5.477
58.84000 3.183
58.86000 4.870
58.88000 -0.075
58.90000 2.369
58.92000 5.450
58.94000 4.201
58.96000 3.086
58.98000 -2.505
59.00000 -0.269
59.02000 2.594
59.04000 1.913
59.06000 6.148
59.08000 2.207
59.10000 2.668
59.12000 4.427
59.14000 5.263
59.16000 3.456
59.18000 1.430
59.20000 0.732
59.22000 -0.845
59.24000 2.803
59.26000 2.968
59.28000 3.249
59.30000 3.089
59.32000 6.353
59.34000 1.877
59.36000 -0.058
59.38000 -0.472
59.40000 2.541
59.42000 3.850
59.44000 3.138
59.46000 6.330
59.48000 6.185
59.50000 5.968
59.52000 3.345
59.54000 4.163
59.56000 8.280
59.58000 4.335
59.60000 5.288
59.62000 1.611
59.64000 3.590
59.66000 7.720
59.68000 7.177
59.70000 5.601
59.72000 6.769
59.74000 4.503
59.76000 1.072
59.78000 -2.483
59.80000 -1.216
59.82000 2.580
59.84000 3.665
59.86000 0.803
59.88000 0.665
59.90000 2.334
59.92000 2.975
59.94000 5.304
59.96000 7.092
59.98000 6.010
60.00000 7.846
60.02000 6.680
60.04000 3.333
60.06000 1.497
60.08000 0.798
60.10000 1.864
60.12000 -0.094
60.14000 2.344
60.16000 3.348
60.18000 0.350
60.20000 2.149
60.22000 2.695
60.24000 1.313
60.26000 1.245
60.28000 2.306
60.30000 1.921
60.32000 -1.388
60.34000 2.321
60.36000 0.946
60.38000 3.294
60.40000 5.288
60.42000 6.930
60.44000 3.752
60.46000 -0.137
60.48000 -0.480
60.50000 -2.491
60.52000 -2.115
60.54000 1.971
60.56000 1.096
60.58000 1.632
60.60000 -0.241
60.62000 1.963
60.64000 3.342
60.66000 7.191
60.68000 5.346
60.70000 1.926
60.72000 2.412
60.74000 2.443
60.76000 1.113
60.78000 1.344
60.80000 1.155
60.82000 -0.939
60.84000 -2.492
60.86000 2.695
60.88000 2.203
60.90000 -1.250
60.92000 -0.631
60.94000 1.983
60.96000 4.372
60.98000 2.673
61.00000 0.616
61.02000 -0.253
61.04000 0.309
61.06000 0.644
61.08000 1.452
61.10000 -2.131
61.12000 -1.065
61.14000 -1.937
61.16000 1.265
61.18000 0.357
61.20000 1.577
61.22000 -0.829
61.24000 -1.915
61.26000 2.198
61.28000 1.398
61.30000 2.763
61.32000 3.785
61.34000 1.003
61.36000 0.314
61.38000 1.939
61.40000 -1.655
61.42000 -0.749
61.44000 0.158
61.46000 -0.075
61.48000 -1.157
61.50000 -1.818
61.52000 -0.044
61.54000 0.381
61.56000 1.666
61.58000 1.493
61.60000 2.237
61.62000 5.593
61.64000 0.319
61.66000 2.332
61.68000 0.914
61.70000 0.388
61.72000 5.846
61.74000 2.981
61.76000 2.081
61.78000 3.985
61.80000 7.442
61.82000 5.551
61.84000 3.540
61.86000 -0.317
61.88000 -1.276
61.90000 0.822
61.92000 0.647
61.94000 2.989
61.96000 2.546
61.98000 1.951
62.00000 -0.008
62.02000 5.286
62.04000 5.891
62.06000 2.912
62.08000 3.924
62.10000 2.382
62.12000 3.948
62.14000 3.759
62.16000 1.227
62.18000 1.857
62.20000 5.324
62.22000 1.886
62.24000 1.575
62.26000 3.951
62.28000 1.071
62.30000 1.806
62.32000 3.500
62.34000 5.546
62.36000 4.743
62.38000 1.725
62.40000 -2.401
62.42000 -0.446
62.44000 3.679
62.46000 4.805
62.48000 5.644
62.50000 2.728
62.52000 -1.094
62.54000 -1.975
62.56000 -0.402
62.58000 5.424
62.60000 4.392
62.62000 0.971
62.64000 0.922
62.66000 0.833
62.68000 -0.693
62.70000 1.305
62.72000 0.527
62.74000 2.518
62.76000 1.430
62.78000 -1.123
62.80000 -1.574
62.82000 -0.499
62.84000 2.204
62.86000 2.554
62.88000 2.337
62.90000 3.887
62.92000 2.777
62.94000 -0.418
62.96000 1.866
62.98000 3.203
63.00000 -1.220
63.02000 -0.703
63.04000 3.393
63.06000 0.365
63.08000 0.130
63.10000 -1.567
63.12000 1.450
63.14000 1.504
63.16000 2.065
63.18000 1.681
63.20000 2.793
63.22000 3.066
63.24000 1.549
63.26000 0.254
63.28000 2.213
63.30000 1.943
63.32000 0.458
63.34000 1.349
63.36000 1.412
63.38000 1.120
63.40000 4.158
63.42000 4.465
63.44000 3.143
63.46000 0.797
63.48000 3.604
63.50000 2.189
63.52000 1.356
63.54000 0.964
63.56000 2.259
63.58000 2.134
63.60000 1.409
63.62000 -0.451
63.64000 1.214
63.66000 0.093
63.68000 3.365
63.70000 2.353
63.72000 4.758
63.74000 7.367
63.76000 2.922
63.78000 0.065
63.80000 -0.733
63.82000 0.953
63.84000 2.715
63.86000 6.851
63.88000 3.992
63.90000 0.115
63.92000 -2.418
63.94000 -1.315
63.96000 -1.547
63.98000 0.712
64.00000 0.809
64.02000 3.565
64.04000 5.594
64.06000 3.136
64.08000 4.983
64.10000 4.634
64.12000 1.391
64.14000 0.488
64.16000 0.498
64.18000 2.128
64.20000 2.237
64.22000 2.565
64.24000 0.411
64.26000 -2.436
64.28000 1.710
64.30000 2.108
64.32000 0.430
64.34000 -1.422
64.36000 0.753
64.38000 1.129
64.40000 2.298
64.42000 0.365
64.44000 3.118
64.46000 1.315
64.48000 3.397
64.50000 0.470
64.52000 2.297
64.54000 3.681
64.56000 3.935
64.58000 3.220
64.60000 1.822
64.62000 0.063
64.64000 -0.376
64.66000 -2.211
64.68000 2.060
64.70000 4.505
64.72000 3.982
64.74000 2.525
64.76000 2.224
64.78000 1.261
64.80000 1.391
64.82000 3.460
64.84000 3.488
64.86000 3.681
64.88000 4.595
64.90000 -0.146
64.92000 -0.252
64.94000 1.764
64.96000 2.272
64.98000 -0.408
65.00000 0.316
65.02000 -0.817
65.04000 -0.428
65.06000 -0.048
65.08000 -0.998
65.10000 -2.453
65.12000 -1.846
65.14000 -2.289
65.16000 -0.923
65.18000 0.758
65.20000 2.650
65.22000 4.276
65.24000 2.574
65.26000 -2.021
65.28000 1.820
65.30000 0.675
65.32000 -2.049
65.34000 1.294
65.36000 2.856
65.38000 1.264
65.40000 2.775
65.42000 -0.583
65.44000 1.968
65.46000 1.982
65.48000 3.136
65.50000 -1.695
65.52000 -2.446
65.54000 0.225
65.56000 3.525
65.58000 2.785
65.60000 1.269
65.62000 0.941
65.64000 -0.058
65.66000 0.564
65.68000 -0.073
65.70000 1.278
65.72000 4.046
65.74000 2.113
65.76000 1.751
65.78000 3.711
65.80000 -0.341
65.82000 -0.217
65.84000 2.006
65.86000 5.493
65.88000 2.222
65.90000 2.130
65.92000 0.775
65.94000 2.424
65.96000 1.681
65.98000 1.615
66.00000 1.472
66.02000 -0.549
66.04000 -0.713
66.06000 -1.424
66.08000 0.639
66.10000 0.941
66.12000 2.605
66.14000 2.710
66.16000 0.609
66.18000 1.629
66.20000 4.259
66.22000 0.787
66.24000 0.591
66.26000 0.922
66.28000 3.669
66.30000 0.746
66.32000 -2.455
66.34000 -2.387
66.36000 -0.930
66.38000 1.314
66.40000 1.205
66.42000 2.381
66.44000 5.994
66.46000 5.004
66.48000 3.959
66.50000 4.069
66.52000 4.763
66.54000 3.002
66.56000 5.652
66.58000 1.181
66.60000 -0.550
66.62000 -2.361
66.64000 0.155
66.66000 2.496
66.68000 1.967
66.70000 3.825
66.72000 4.274
66.74000 6.797
66.76000 0.404
66.78000 1.051
66.80000 0.022
66.82000 2.750
66.84000 2.288
66.86000 1.049
66.88000 -0.471
66.90000 1.616
66.92000 4.519
66.94000 2.979
66.96000 2.342
66.98000 0.080
67.00000 -2.436
67.02000 -0.969
67.04000 0.584
67.06000 2.359
67.08000 3.210
67.10000 1.435
67.12000 1.350
67.14000 2.694
67.16000 3.138
67.18000 0.339
67.20000 -2.262
67.22000 0.184
67.24000 5.821
67.26000 3.934
67.28000 4.927
67.30000 2.144
67.32000 1.365
67.34000 4.883
67.36000 3.651
67.38000 3.572
67.40000 4.955
67.42000 2.735
67.44000 0.165
67.46000 3.098
67.48000 3.972
67.50000 1.350
67.52000 -0.220
67.54000 -0.557
67.56000 0.650
67.58000 2.333
67.60000 2.354
67.62000 -1.722
67.64000 -0.512
67.66000 0.960
67.68000 3.102
67.70000 3.244
67.72000 1.406
67.74000 0.257
67.76000 -1.003
67.78000 1.777
67.80000 1.090
67.82000 1.427
67.84000 3.136
67.86000 1.835
67.88000 1.002
67.90000 1.374
67.92000 4.892
67.94000 5.351
67.96000 4.983
67.98000 1.452
68.00000 4.893
68.02000 9.293
68.04000 5.512
68.06000 3.522
68.08000 2.812
68.10000 2.838
68.12000 -0.603
68.14000 2.985
68.16000 7.407
68.18000 7.529
68.20000 5.533
68.22000 -0.689
68.24000 1.832
68.26000 10.634
68.28000 5.272
68.30000 1.375
68.32000 6.427
68.34000 9.213
68.36000 8.513
68.38000 6.040
68.40000 5.069
68.42000 9.915
68.44000 9.457
68.46000 10.967
68.48000 12.019
68.50000 10.792
68.52000 12.041
68.54000 12.555
68.56000 11.066
68.58000 11.684
68.60000 8.382
68.62000 7.284
68.64000 10.483
68.66000 9.965
68.68000 9.340
68.70000 13.604
68.72000 13.017
68.74000 13.132
68.76000 12.440
68.78000 17.348
68.80000 18.546
68.82000 19.373
68.84000 22.096
68.86000 20.778
68.88000 18.615
68.90000 22.286
68.92000 19.307
68.94000 16.864
68.96000 19.627
68.98000 18.374
69.00000 19.458
69.02000 26.840
69.04000 26.303
69.06000 20.867
69.08000 19.427
69.10000 18.553
69.12000 20.972
69.14000 19.880
69.16000 16.734
69.18000 18.623
69.20000 18.806
69.22000 18.054
69.24000 16.499
69.26000 20.338
69.28000 18.098
69.30000 15.557
69.32000 18.923
69.34000 20.575
69.36000 20.432
69.38000 16.923
69.40000 18.382
69.42000 17.898
69.44000 11.573
69.46000 11.141
69.48000 9.433
69.50000 13.616
69.52000 15.089
69.54000 11.682
69.56000 11.336
69.58000 9.791
69.60000 11.822
69.62000 14.233
69.64000 14.004
69.66000 10.667
69.68000 8.596
69.70000 7.809
69.72000 12.858
69.74000 9.254
69.76000 3.236
69.78000 5.163
69.80000 4.226
69.82000 3.788
69.84000 4.876
69.86000 5.625
69.88000 7.142
69.90000 5.942
69.92000 8.101
69.94000 3.084
69.96000 0.759
69.98000 3.245
70.00000 3.297
70.02000 7.786
70.04000 8.727
70.06000 5.862
70.08000 1.720
70.10000 4.226
70.12000 3.860
70.14000 1.758
70.16000 2.596
70.18000 2.026
70.20000 1.126
70.22000 1.362
70.24000 0.668
70.26000 4.052
70.28000 3.349
70.30000 4.138
70.32000 -0.096
70.34000 1.137
70.36000 4.640
70.38000 0.760
70.40000 -0.188
70.42000 -0.727
70.44000 0.529
70.46000 -2.430
70.48000 -1.313
70.50000 3.134
70.52000 2.504
70.54000 3.528
70.56000 -0.107
70.58000 0.027
70.60000 -0.392
70.62000 2.240
70.64000 1.313
70.66000 5.726
70.68000 4.387
70.70000 2.918
70.72000 1.142
70.74000 0.920
70.76000 -2.391
70.78000 -1.285
70.80000 -1.771
70.82000 2.741
70.84000 3.771
70.86000 6.622
70.88000 0.946
70.90000 -0.861
70.92000 1.031
70.94000 -1.483
70.96000 0.109
70.98000 2.953
71.00000 4.006
71.02000 5.785
71.04000 3.805
71.06000 2.125
71.08000 3.034
71.10000 0.415
71.12000 -1.376
71.14000 -1.562
71.16000 -0.632
71.18000 3.377
71.20000 -2.341
71.22000 2.661
71.24000 5.480
71.26000 5.599
71.28000 2.209
71.30000 -0.433
71.32000 -0.701
71.34000 0.398
71.36000 4.138
71.38000 6.372
71.40000 5.457
71.42000 1.423
71.44000 1.271
71.46000 -0.144
71.48000 -2.314
71.50000 -1.495
71.52000 1.261
71.54000 4.780
71.56000 1.117
71.58000 -0.325
71.60000 -2.240
71.62000 -0.783
71.64000 3.963
71.66000 6.133
71.68000 1.583
71.70000 -2.308
71.72000 0.172
71.74000 1.421
71.76000 4.052
71.78000 1.610
71.80000 -1.504
71.82000 -0.665
71.84000 2.242
71.86000 1.228
71.88000 0.885
71.90000 6.123
71.92000 3.353
71.94000 2.282
71.96000 1.848
71.98000 2.054
72.00000 3.662
72.02000 2.820
72.04000 -0.902
72.06000 0.574
72.08000 -0.794
72.10000 0.026
72.12000 -1.289
72.14000 4.324
72.16000 2.138
72.18000 0.285
72.20000 0.837
72.22000 0.623
72.24000 1.280
72.26000 2.255
72.28000 -0.882
72.30000 0.804
72.32000 2.777
72.34000 0.026
72.36000 3.069
72.38000 5.829
72.40000 6.704
72.42000 3.725
72.44000 0.453
72.46000 2.245
72.48000 0.996
72.50000 3.122
72.52000 4.466
72.54000 3.586
72.56000 5.688
72.58000 4.699
72.60000 0.095
72.62000 1.045
72.64000 4.595
72.66000 4.868
72.68000 1.607
72.70000 0.418
72.72000 0.384
72.74000 1.489
72.76000 5.720
72.78000 1.628
72.80000 -1.148
72.82000 1.364
72.84000 4.058
72.86000 4.711
72.88000 2.999
72.90000 7.117
72.92000 6.847
72.94000 5.087
72.96000 4.549
72.98000 -0.221
73.00000 -2.203
73.02000 -0.382
73.04000 1.817
73.06000 4.899
73.08000 7.738
73.10000 4.773
73.12000 7.978
73.14000 9.587
73.16000 6.655
73.18000 5.927
73.20000 1.964
73.22000 6.390
73.24000 6.886
73.26000 7.703
73.28000 5.963
73.30000 5.047
73.32000 4.344
73.34000 1.274
73.36000 5.156
73.38000 4.561
73.40000 3.576
73.42000 6.675
73.44000 5.564
73.46000 0.116
73.48000 1.913
73.50000 3.540
73.52000 1.000
73.54000 2.689
73.56000 2.390
73.58000 2.688
73.60000 3.710
73.62000 2.948
73.64000 2.756
73.66000 1.946
73.68000 4.267
73.70000 8.778
73.72000 5.267
73.74000 1.734
73.76000 1.423
73.78000 1.999
73.80000 3.986
73.82000 5.099
73.84000 0.884
73.86000 0.461
73.88000 -2.227
73.90000 -0.857
73.92000 3.147
73.94000 4.244
73.96000 2.312
73.98000 2.958
74.00000 -0.103
74.02000 1.224
74.04000 2.252
74.06000 1.349
74.08000 1.583
74.10000 4.870
74.12000 3.918
74.14000 3.591
74.16000 5.374
74.18000 5.393
74.20000 4.594
74.22000 6.291
74.24000 5.219
74.26000 3.006
74.28000 3.168
74.30000 -2.080
74.32000 -2.231
74.34000 -0.134
74.36000 2.623
74.38000 3.103
74.40000 2.799
74.42000 1.628
74.44000 3.738
74.46000 1.514
74.48000 -1.478
74.50000 -0.501
74.52000 2.477
74.54000 0.375
74.56000 1.853
74.58000 -1.010
74.60000 1.621
74.62000 -0.679
74.64000 2.269
74.66000 4.573
74.68000 6.166
74.70000 5.609
74.72000 5.383
74.74000 -0.649
74.76000 -2.230
74.78000 -0.870
74.80000 1.391
74.82000 -1.939
74.84000 2.249
74.86000 7.222
74.88000 4.569
74.90000 -0.691
74.92000 0.687
74.94000 5.229
74.96000 6.409
74.98000 6.369
75.00000 3.173
75.02000 4.602
75.04000 0.355
75.06000 -2.084
75.08000 0.386
75.10000 1.331
75.12000 1.422
75.14000 3.222
75.16000 4.381
75.18000 0.734
75.20000 4.027
75.22000 1.968
75.24000 5.298
75.26000 4.479
75.28000 -0.014
75.30000 2.131
75.32000 0.481
75.34000 -0.340
75.36000 5.519
75.38000 6.512
75.40000 3.177
75.42000 3.346
75.44000 5.561
75.46000 6.107
75.48000 6.845
75.50000 3.242
75.52000 5.195
75.54000 5.417
75.56000 4.300
75.58000 -1.046
75.60000 -0.043
75.62000 4.911
75.64000 4.952
75.66000 2.049
75.68000 5.297
75.70000 3.963
75.72000 3.905
75.74000 4.820
75.76000 2.529
75.78000 4.877
75.80000 3.522
75.82000 0.978
75.84000 4.934
75.86000 7.107
75.88000 7.437
75.90000 6.003
75.92000 3.855
75.94000 3.783
75.96000 5.393
75.98000 2.179
76.00000 1.184
76.02000 -2.195
76.04000 2.357
76.06000 3.575
76.08000 6.438
76.10000 3.478
76.12000 3.191
76.14000 4.128
76.16000 6.685
76.18000 10.545
76.20000 7.705
76.22000 4.135
76.24000 6.588
76.26000 8.447
76.28000 4.256
76.30000 0.930
76.32000 1.774
76.34000 1.913
76.36000 2.949
76.38000 4.772
76.40000 4.456
76.42000 5.585
76.44000 3.824
76.46000 1.784
76.48000 8.921
76.50000 11.045
76.52000 1.003
76.54000 1.037
76.56000 1.932
76.58000 4.719
76.60000 3.114
76.62000 1.319
76.64000 0.738
76.66000 2.654
76.68000 5.395
76.70000 5.261
76.72000 2.295
76.74000 -0.456
76.76000 0.379
76.78000 2.638
76.80000 2.691
76.82000 4.763
76.84000 4.967
76.86000 2.603
76.88000 0.000
76.90000 3.105
76.92000 1.680
76.94000 1.041
76.96000 0.470
76.98000 3.680
77.00000 5.427
77.02000 3.570
77.04000 1.564
77.06000 -2.276
77.08000 2.956
77.10000 3.525
77.12000 -0.539
77.14000 2.929
77.16000 1.569
77.18000 4.835
77.20000 2.351
77.22000 -1.158
77.24000 0.577
77.26000 4.003
77.28000 2.064
77.30000 0.741
77.32000 0.673
77.34000 0.080
77.36000 2.327
77.38000 2.176
77.40000 3.937
77.42000 3.657
77.44000 3.289
77.46000 3.344
77.48000 2.596
77.50000 3.105
77.52000 0.873
77.54000 -0.775
77.56000 1.025
77.58000 2.803
77.60000 1.990
77.62000 -2.285
77.64000 -0.548
77.66000 4.531
77.68000 6.638
77.70000 5.294
77.72000 1.873
77.74000 -1.593
77.76000 -1.326
77.78000 -1.485
77.80000 -1.784
77.82000 0.012
77.84000 0.061
77.86000 0.241
77.88000 1.394
77.90000 -2.290
77.92000 -1.088
77.94000 1.177
77.96000 4.970
77.98000 6.113
78.00000 6.761
78.02000 -0.788
78.04000 2.502
78.06000 1.388
78.08000 1.711
78.10000 3.882
78.12000 1.992
78.14000 0.937
78.16000 3.323
78.18000 5.440
78.20000 2.886
78.22000 0.939
78.24000 4.210
78.26000 5.004
78.28000 2.100
78.30000 0.467
78.32000 1.839
78.34000 4.693
78.36000 2.266
78.38000 1.522
78.40000 -0.440
78.42000 -2.285
78.44000 2.007
78.46000 2.335
78.48000 4.388
78.50000 3.658
78.52000 3.042
78.54000 1.109
78.56000 0.718
78.58000 2.707
78.60000 1.593
78.62000 -0.482
78.64000 4.625
78.66000 4.703
78.68000 4.559
78.70000 3.992
78.72000 10.881
78.74000 5.915
78.76000 4.954
78.78000 3.171
78.80000 3.749
78.82000 1.274
78.84000 -2.192
78.86000 1.875
78.88000 3.074
78.90000 -1.027
78.92000 3.229
78.94000 1.897
78.96000 0.761
78.98000 3.379
79.00000 5.391
79.02000 6.503
79.04000 1.804
79.06000 0.847
79.08000 0.591
79.10000 1.929
79.12000 0.488
79.14000 -1.084
79.16000 0.218
79.18000 3.946
79.20000 -0.608
79.22000 0.638
79.24000 4.319
79.26000 5.233
79.28000 4.664
79.30000 1.966
79.32000 3.566
79.34000 3.040
79.36000 4.158
79.38000 7.260
79.40000 6.217
79.42000 3.609
79.44000 0.024
79.46000 -2.294
79.48000 4.132
79.50000 5.947
79.52000 3.919
79.54000 0.194
79.56000 -0.272
79.58000 1.486
79.60000 -1.059
79.62000 1.143
79.64000 2.775
79.66000 3.629
79.68000 5.943
79.70000 5.234
79.72000 0.789
79.74000 -1.663
79.76000 0.268
79.78000 3.616
79.80000 6.902
79.82000 7.798
79.84000 6.165
79.86000 6.223
79.88000 4.696
79.90000 4.749
79.92000 4.852
79.94000 0.776
79.96000 -0.025
79.98000 2.186
80.00000 3.878
80.02000 8.585
80.04000 5.569
80.06000 2.804
80.08000 -1.328
80.10000 -1.079
80.12000 1.179
80.14000 2.909
80.16000 0.997
80.18000 4.434
80.20000 1.841
80.22000 4.506
80.24000 1.096
80.26000 4.733
80.28000 4.437
80.30000 1.758
80.32000 1.652
80.34000 6.339
80.36000 1.605
80.38000 3.389
80.40000 2.916
80.42000 2.115
80.44000 2.149
80.46000 2.026
80.48000 8.564
80.50000 3.385
80.52000 2.332
80.54000 5.183
80.56000 2.320
80.58000 1.201
80.60000 2.646
80.62000 3.767
80.64000 0.309
80.66000 0.139
80.68000 4.779
80.70000 5.811
80.72000 7.858
80.74000 7.032
80.76000 6.249
80.78000 4.297
80.80000 5.997
80.82000 4.541
80.84000 -2.303
80.86000 3.082
80.88000 4.676
80.90000 2.526
80.92000 2.033
80.94000 4.339
80.96000 2.522
80.98000 1.816
81.00000 -0.572
81.02000 -1.561
81.04000 0.775
81.06000 1.205
81.08000 4.202
81.10000 1.249
81.12000 -0.241
81.14000 1.438
81.16000 2.038
81.18000 2.415
81.20000 3.880
81.22000 2.732
81.24000 -0.642
81.26000 -2.348
81.28000 -0.614
81.30000 1.125
81.32000 5.764
81.34000 9.134
81.36000 4.722
81.38000 2.828
81.40000 5.669
81.42000 5.372
81.44000 6.892
81.46000 6.140
81.48000 1.125
81.50000 1.119
81.52000 2.792
81.54000 4.078
81.56000 2.162
81.58000 1.813
81.60000 3.252
81.62000 10.077
81.64000 8.208
81.66000 1.237
81.68000 3.853
81.70000 1.921
81.72000 -2.394
81.74000 -1.263
81.76000 1.714
81.78000 4.331
81.80000 1.817
81.82000 1.020
81.84000 4.116
81.86000 6.493
81.88000 6.026
81.90000 0.086
81.92000 -1.628
81.94000 2.396
81.96000 1.574
81.98000 -0.793
82.00000 3.854
82.02000 6.747
82.04000 7.143
82.06000 8.176
82.08000 6.881
82.10000 6.770
82.12000 9.727
82.14000 12.252
82.16000 5.622
82.18000 7.046
82.20000 9.992
82.22000 11.683
82.24000 9.848
82.26000 6.608
82.28000 7.020
82.30000 10.648
82.32000 8.808
82.34000 11.765
82.36000 10.936
82.38000 9.697
82.40000 11.744
82.42000 15.015
82.44000 12.927
82.46000 12.201
82.48000 11.851
82.50000 13.326
82.52000 14.501
82.54000 14.252
82.56000 13.486
82.58000 14.675
82.60000 15.736
82.62000 14.313
82.64000 12.135
82.66000 13.111
82.68000 16.597
82.70000 22.336
82.72000 17.533
82.74000 12.471
82.76000 16.855
82.78000 19.662
82.80000 16.461
82.82000 19.909
82.84000 24.737
82.86000 20.352
82.88000 19.392
82.90000 18.554
82.92000 19.141
82.94000 23.306
82.96000 23.035
82.98000 21.067
83.00000 19.954
83.02000 22.837
83.04000 28.486
83.06000 22.766
83.08000 25.085
83.10000 26.667
83.12000 27.921
83.14000 26.996
83.16000 20.632
83.18000 19.506
83.20000 25.355
83.22000 26.459
83.24000 24.019
83.26000 29.214
83.28000 29.017
83.30000 32.411
83.32000 32.233
83.34000 35.413
83.36000 29.107
83.38000 30.465
83.40000 29.811
83.42000 32.423
83.44000 33.175
83.46000 35.778
83.48000 32.035
83.50000 30.010
83.52000 25.590
83.54000 28.489
83.56000 31.168
83.58000 29.331
83.60000 30.046
83.62000 32.366
83.64000 28.282
83.66000 26.340
83.68000 28.321
83.70000 30.019
83.72000 24.781
83.74000 17.736
83.76000 18.578
83.78000 24.110
83.80000 23.000
83.82000 23.167
83.84000 22.251
83.86000 25.042
83.88000 24.946
83.90000 19.168
83.92000 21.142
83.94000 20.977
83.96000 19.347
83.98000 20.680
84.00000 16.638
84.02000 17.903
84.04000 17.848
84.06000 16.210
84.08000 14.667
84.10000 15.208
84.12000 13.246
84.14000 15.075
84.16000 15.918
84.18000 17.028
84.20000 18.968
84.22000 17.700
84.24000 16.952
84.26000 11.280
84.28000 11.068
84.30000 12.327
84.32000 12.441
84.34000 4.267
84.36000 8.974
84.38000 9.570
84.40000 4.643
84.42000 3.482
84.44000 6.892
84.46000 7.835
84.48000 12.579
84.50000 11.433
84.52000 9.070
84.54000 8.171
84.56000 10.385
84.58000 7.722
84.60000 8.372
84.62000 11.294
84.64000 9.443
84.66000 5.738
84.68000 7.309
84.70000 8.650
84.72000 1.510
84.74000 -1.677
84.76000 1.254
84.78000 4.497
84.80000 5.034
84.82000 5.395
84.84000 4.135
84.86000 -1.081
84.88000 0.614
84.90000 -1.559
84.92000 0.996
84.94000 1.584
84.96000 3.700
84.98000 3.677
85.00000 5.827
85.02000 3.833
85.04000 4.742
85.06000 6.639
85.08000 -0.951
85.10000 -1.682
85.12000 -0.581
85.14000 3.725
85.16000 5.732
85.18000 4.578
85.20000 2.372
85.22000 0.411
85.24000 3.112
85.26000 2.619
85.28000 0.735
85.30000 3.331
85.32000 3.390
85.34000 2.790
85.36000 0.339
85.38000 3.408
85.40000 3.891
85.42000 2.178
85.44000 1.839
85.46000 2.258
85.48000 1.244
85.50000 0.687
85.52000 3.104
85.54000 0.985
85.56000 -0.538
85.58000 2.330
85.60000 4.201
85.62000 0.960
85.64000 -2.294
85.66000 4.078
85.68000 5.254
85.70000 6.842
85.72000 6.715
85.74000 3.787
85.76000 3.846
85.78000 4.282
85.80000 3.248
85.82000 1.684
85.84000 3.193
85.86000 4.427
85.88000 2.324
85.90000 1.084
85.92000 -1.314
85.94000 4.829
85.96000 4.782
85.98000 1.989
86.00000 3.414
86.02000 2.976
86.04000 -0.226
86.06000 0.534
86.08000 2.643
86.10000 4.825
86.12000 3.690
86.14000 0.774
86.16000 0.119
86.18000 2.319
86.20000 -0.725
86.22000 -2.344
86.24000 -2.082
86.26000 -0.554
86.28000 0.808
86.30000 0.031
86.32000 3.221
86.34000 2.321
86.36000 5.541
86.38000 7.053
86.40000 4.034
86.42000 3.477
86.44000 2.256
86.46000 -0.536
86.48000 3.518
86.50000 1.654
86.52000 2.393
86.54000 5.645
86.56000 0.208
86.58000 2.211
86.60000 -0.716
86.62000 -2.173
86.64000 4.925
86.66000 3.559
86.68000 3.482
86.70000 5.232
86.72000 3.024
86.74000 0.473
86.76000 4.554
86.78000 1.981
86.80000 4.870
86.82000 6.058
86.84000 1.964
86.86000 4.508
86.88000 5.456
86.90000 3.456
86.92000 -2.373
86.94000 0.009
86.96000 6.152
86.98000 12.875
87.00000 10.038
87.02000 8.132
87.04000 11.647
87.06000 8.157
87.08000 10.753
87.10000 17.578
87.12000 17.212
87.14000 15.971
87.16000 11.480
87.18000 7.211
87.20000 10.314
87.22000 9.804
87.24000 9.804
87.26000 11.425
87.28000 12.319
87.30000 15.287
87.32000 14.203
87.34000 17.682
87.36000 15.818
87.38000 12.577
87.40000 8.888
87.42000 10.479
87.44000 14.391
87.46000 16.452
87.48000 21.081
87.50000 19.073
87.52000 21.490
87.54000 24.627
87.56000 24.685
87.58000 19.642
87.60000 18.423
87.62000 20.136
87.64000 26.399
87.66000 27.088
87.68000 27.845
87.70000 24.981
87.72000 24.485
87.74000 27.475
87.76000 31.454
87.78000 30.421
87.80000 31.015
87.82000 30.646
87.84000 24.044
87.86000 21.540
87.88000 24.840
87.90000 27.635
87.92000 25.135
87.94000 23.401
87.96000 26.929
87.98000 24.948
88.00000 26.346
88.02000 25.420
88.04000 22.432
88.06000 27.209
88.08000 28.297
88.10000 21.741
88.12000 23.589
88.14000 26.365
88.16000 24.987
88.18000 19.646
88.20000 24.165
88.22000 21.416
88.24000 19.590
88.26000 26.110
88.28000 23.716
88.30000 19.962
88.32000 21.073
88.34000 22.296
88.36000 22.792
88.38000 22.457
88.40000 15.267
88.42000 17.506
88.44000 22.233
88.46000 19.188
88.48000 14.245
88.50000 15.285
88.52000 13.991
88.54000 11.516
88.56000 14.357
88.58000 19.319
88.60000 15.152
88.62000 10.913
88.64000 15.894
88.66000 14.096
88.68000 10.306
88.70000 13.002
88.72000 12.913
88.74000 11.767
88.76000 13.738
88.78000 13.031
88.80000 7.742
88.82000 5.572
88.84000 10.425
88.86000 5.724
88.88000 4.697
88.90000 7.151
88.92000 7.921
88.94000 8.235
88.96000 7.890
88.98000 7.865
89.00000 6.487
89.02000 10.801
89.04000 10.287
89.06000 2.871
89.08000 3.208
89.10000 2.440
89.12000 4.351
89.14000 8.705
89.16000 8.890
89.18000 4.024
89.20000 6.829
89.22000 3.681
89.24000 0.563
89.26000 0.633
89.28000 7.689
89.30000 8.732
89.32000 4.494
89.34000 5.127
89.36000 6.348
89.38000 6.804
89.40000 5.460
89.42000 3.384
89.44000 10.907
89.46000 4.194
89.48000 2.986
89.50000 7.986
89.52000 2.197
89.54000 3.540
89.56000 3.743
89.58000 3.801
89.60000 6.328
89.62000 -2.171
89.64000 0.013
89.66000 4.525
89.68000 8.732
89.70000 5.447
89.72000 1.251
89.74000 4.956
89.76000 6.520
89.78000 5.468
89.80000 1.986
89.82000 3.779
89.84000 4.925
89.86000 7.977
89.88000 4.731
89.90000 4.341
89.92000 4.059
89.94000 3.237
89.96000 0.126
89.98000 1.938
90.00000 3.811
90.02000 1.577
90.04000 3.321
90.06000 5.284
90.08000 1.630
90.10000 1.288
90.12000 5.715
90.14000 3.664
90.16000 0.103
90.18000 -2.155
90.20000 -1.725
90.22000 2.569
90.24000 4.238
90.26000 3.765
90.28000 4.335
90.30000 6.609
90.32000 5.601
90.34000 3.493
90.36000 2.572
90.38000 3.916
90.40000 5.044
90.42000 7.728
90.44000 5.280
90.46000 5.775
90.48000 4.564
90.50000 4.189
90.52000 -0.603
90.54000 1.288
90.56000 0.771
90.58000 0.015
90.60000 3.259
90.62000 3.633
90.64000 3.162
90.66000 3.857
90.68000 1.420
90.70000 0.791
90.72000 0.028
90.74000 3.240
90.76000 7.575
90.78000 3.400
90.80000 6.937
90.82000 7.426
90.84000 5.893
90.86000 3.737
90.88000 4.246
90.90000 3.299
90.92000 4.859
90.94000 7.836
90.96000 7.546
90.98000 8.493
91.00000 5.975
91.02000 4.022
91.04000 3.955
91.06000 3.967
91.08000 -2.095
91.10000 -1.543
91.12000 4.153
91.14000 7.012
91.16000 4.134
91.18000 -0.698
91.20000 -0.129
91.22000 6.450
91.24000 10.690
91.26000 9.623
91.28000 1.497
91.30000 0.703
91.32000 0.442
91.34000 5.561
91.36000 10.408
91.38000 3.785
91.40000 3.435
91.42000 5.334
91.44000 7.567
91.46000 7.497
91.48000 6.923
91.50000 5.441
91.52000 4.402
91.54000 1.444
91.56000 2.701
91.58000 4.330
91.60000 6.241
91.62000 4.310
91.64000 1.909
91.66000 1.350
91.68000 3.399
91.70000 0.405
91.72000 -2.120
91.74000 -0.282
91.76000 -0.411
91.78000 4.179
91.80000 3.129
91.82000 2.647
91.84000 4.898
91.86000 8.938
91.88000 5.839
91.90000 -0.636
91.92000 2.172
91.94000 4.119
91.96000 3.448
91.98000 3.636
92.00000 8.042
92.02000 11.246
92.04000 9.985
92.06000 4.848
92.08000 5.931
92.10000 5.379
92.12000 2.604
92.14000 3.887
92.16000 2.052
92.18000 5.339
92.20000 3.786
92.22000 2.758
92.24000 5.831
92.26000 6.461
92.28000 3.610
92.30000 0.500
92.32000 1.757
92.34000 3.530
92.36000 5.287
92.38000 7.494
92.40000 8.625
92.42000 6.748
92.44000 4.665
92.46000 6.021
92.48000 4.781
92.50000 4.740
92.52000 6.963
92.54000 6.896
92.56000 8.577
92.58000 6.453
92.60000 3.258
92.62000 2.870
92.64000 7.225
92.66000 4.406
92.68000 -0.471
92.70000 4.812
92.72000 1.539
92.74000 0.405
92.76000 3.007
92.78000 1.312
92.80000 1.197
92.82000 1.744
92.84000 5.223
92.86000 6.949
92.88000 6.328
92.90000 6.347
92.92000 11.796
92.94000 9.703
92.96000 4.122
92.98000 0.547
93.00000 -2.099
93.02000 3.566
93.04000 2.260
93.06000 -0.515
93.08000 1.937
93.10000 1.499
93.12000 4.297
93.14000 2.262
93.16000 5.949
93.18000 7.763
93.20000 5.757
93.22000 4.347
93.24000 4.833
93.26000 6.840
93.28000 1.522
93.30000 -2.114
93.32000 6.113
93.34000 6.513
93.36000 4.906
93.38000 5.648
93.40000 4.407
93.42000 1.782
93.44000 4.437
93.46000 9.063
93.48000 7.021
93.50000 5.937
93.52000 2.070
93.54000 4.949
93.56000 2.764
93.58000 3.408
93.60000 3.562
93.62000 5.670
93.64000 7.385
93.66000 2.447
93.68000 -0.076
93.70000 2.331
93.72000 7.844
93.74000 7.300
93.76000 4.835
93.78000 5.810
93.80000 5.731
93.82000 4.728
93.84000 6.421
93.86000 1.109
93.88000 0.629
93.90000 5.621
93.92000 2.628
93.94000 2.941
93.96000 4.760
93.98000 4.733
94.00000 0.858
94.02000 -1.639
94.04000 2.551
94.06000 5.207
94.08000 6.182
94.10000 4.457
94.12000 0.652
94.14000 4.700
94.16000 3.704
94.18000 5.779
94.20000 4.460
94.22000 2.840
94.24000 0.751
94.26000 1.510
94.28000 3.877
94.30000 5.608
94.32000 1.369
94.34000 1.853
94.36000 9.402
94.38000 6.569
94.40000 3.029
94.42000 2.209
94.44000 2.933
94.46000 5.724
94.48000 4.877
94.50000 4.425
94.52000 3.680
94.54000 5.869
94.56000 3.861
94.58000 4.718
94.60000 2.271
94.62000 5.002
94.64000 7.533
94.66000 7.226
94.68000 6.495
94.70000 8.549
94.72000 1.424
94.74000 3.228
94.76000 8.233
94.78000 6.480
94.80000 2.081
94.82000 1.388
94.84000 2.011
94.86000 2.937
94.88000 2.463
94.90000 5.725
94.92000 9.239
94.94000 8.739
94.96000 6.769
94.98000 5.017
95.00000 7.164
95.02000 2.730
95.04000 -2.147
95.06000 2.424
95.08000 4.393
95.10000 4.133
95.12000 6.729
95.14000 7.211
95.16000 2.876
95.18000 -0.564
95.20000 0.641
95.22000 0.534
95.24000 2.043
95.26000 4.989
95.28000 5.487
95.30000 9.091
95.32000 6.230
95.34000 1.463
95.36000 3.839
95.38000 6.706
95.40000 6.029
95.42000 5.222
95.44000 -0.456
95.46000 1.351
95.48000 6.119
95.50000 1.863
95.52000 4.953
95.54000 3.615
95.56000 5.019
95.58000 4.122
95.60000 1.833
95.62000 2.452
95.64000 3.169
95.66000 5.888
95.68000 8.746
95.70000 6.054
95.72000 7.786
95.74000 8.646
95.76000 9.871
95.78000 7.681
95.80000 4.445
95.82000 -2.160
95.84000 -0.812
95.86000 3.388
95.88000 5.242
95.90000 0.687
95.92000 -1.523
95.94000 4.062
95.96000 6.742
95.98000 6.085
96.00000 5.656
96.02000 -0.007
96.04000 -1.418
96.06000 5.368
96.08000 6.773
96.10000 0.582
96.12000 3.102
96.14000 3.446
96.16000 3.511
96.18000 1.103
96.20000 6.736
96.22000 5.309
96.24000 8.947
96.26000 8.341
96.28000 10.790
96.30000 1.917
96.32000 5.220
96.34000 5.400
96.36000 3.171
96.38000 9.208
96.40000 8.355
96.42000 4.295
96.44000 10.250
96.46000 6.207
96.48000 1.629
96.50000 2.174
96.52000 3.960
96.54000 3.673
96.56000 5.674
96.58000 5.857
96.60000 3.775
96.62000 0.586
96.64000 -1.581
96.66000 5.397
96.68000 9.851
96.70000 6.056
96.72000 1.877
96.74000 1.188
96.76000 3.976
96.78000 3.231
96.80000 6.814
96.82000 6.149
96.84000 4.371
96.86000 2.630
96.88000 -0.378
96.90000 4.382
96.92000 5.475
96.94000 11.148
96.96000 3.138
96.98000 0.542
97.00000 1.393
97.02000 2.683
97.04000 1.675
97.06000 4.817
97.08000 -1.658
97.10000 4.102
97.12000 7.189
97.14000 -1.233
97.16000 -1.982
97.18000 -2.175
97.20000 5.049
97.22000 5.715
97.24000 0.527
97.26000 1.849
97.28000 5.804
97.30000 14.012
97.32000 9.520
97.34000 5.123
97.36000 6.353
97.38000 7.687
97.40000 4.958
97.42000 -1.187
97.44000 0.234
97.46000 3.706
97.48000 5.173
97.50000 4.896
97.52000 4.942
97.54000 3.893
97.56000 5.804
97.58000 3.610
97.60000 0.740
97.62000 1.285
97.64000 3.289
97.66000 3.660
97.68000 -0.062
97.70000 3.342
97.72000 6.196
97.74000 9.808
97.76000 11.050
97.78000 0.462
97.80000 0.086
97.82000 0.871
97.84000 4.633
97.86000 6.761
97.88000 4.916
97.90000 3.043
97.92000 -2.156
97.94000 1.549
97.96000 3.507
97.98000 9.711
98.00000 -1.461
98.02000 3.901
98.04000 7.499
98.06000 9.458
98.08000 4.527
98.10000 1.337
98.12000 5.364
98.14000 8.710
98.16000 13.532
98.18000 2.720
98.20000 2.120
98.22000 10.406
98.24000 8.393
98.26000 5.529
98.28000 1.473
98.30000 2.016
98.32000 1.175
98.34000 4.578
98.36000 0.313
98.38000 1.189
98.40000 -2.132
98.42000 6.196
98.44000 8.657
98.46000 -0.936
98.48000 3.395
98.50000 5.531
98.52000 2.853
98.54000 3.057
98.56000 3.525
98.58000 9.085
98.60000 6.220
98.62000 14.247
98.64000 6.619
98.66000 4.712
98.68000 2.875
98.70000 -1.703
98.72000 6.012
98.74000 4.212
98.76000 6.396
98.78000 17.535
98.80000 12.162
98.82000 2.379
98.84000 4.860
98.86000 3.739
98.88000 1.626
98.90000 3.503
98.92000 9.673
98.94000 7.514
98.96000 3.499
98.98000 3.462
99.00000 1.583
99.02000 4.496
99.04000 8.314
99.06000 5.544
99.08000 4.900
99.10000 15.372
99.12000 9.303
99.14000 7.387
99.16000 -1.731
99.18000 5.361
99.20000 4.471
99.22000 4.825
99.24000 2.237
99.26000 5.244
99.28000 0.698
99.30000 4.849
99.32000 10.340
99.34000 8.974
99.36000 2.943
99.38000 9.869
99.40000 4.886
99.42000 5.730
99.44000 20.976
99.46000 3.176
99.48000 1.621
99.50000 -0.459
99.52000 5.852
99.54000 -4.202
99.56000 4.729
99.58000 6.192
99.60000 6.327
99.62000 10.435
99.64000 17.871
99.66000 7.770
99.68000 3.319
99.70000 5.875
99.72000 11.291
99.74000 4.742
99.76000 1.246
99.78000 4.999
99.80000 6.380
99.82000 13.075
99.84000 10.276
99.86000 5.737
99.88000 3.400
99.90000 5.383
99.92000 14.683
99.94000 12.285
99.96000 9.311
99.98000 0.000
