'Id: "0011388" Comment: "Integrate frame 0011388_Au-Ir-Rh_Rh-rich_XRD-Mapping-202-0000.gfrmwith cursor Wedge Cursor #5" Operator: "B?rgel" Anode: "Cu" Wavelength: "1.5406" Scantype: "2Theta (TwoTheta)" TimePerStep: "1" X: "-31.5" Y: "9" Z: "5.95" 
10.00000 0.000
10.02000 18.969
10.04000 8.767
10.06000 1.203
10.08000 10.088
10.10000 18.212
10.12000 20.647
10.14000 18.940
10.16000 4.663
10.18000 -4.482
10.20000 -1.365
10.22000 2.633
10.24000 14.843
10.26000 7.641
10.28000 2.196
10.30000 9.321
10.32000 4.422
10.34000 6.974
10.36000 3.350
10.38000 1.103
10.40000 10.672
10.42000 19.344
10.44000 -1.909
10.46000 3.764
10.48000 18.208
10.50000 12.158
10.52000 3.188
10.54000 9.979
10.56000 15.399
10.58000 5.816
10.60000 15.395
10.62000 7.333
10.64000 8.286
10.66000 16.023
10.68000 15.942
10.70000 18.585
10.72000 13.511
10.74000 24.614
10.76000 28.753
10.78000 8.596
10.80000 13.685
10.82000 13.608
10.84000 0.182
10.86000 -0.245
10.88000 2.322
10.90000 1.909
10.92000 11.475
10.94000 16.266
10.96000 21.657
10.98000 16.844
11.00000 6.202
11.02000 -1.476
11.04000 -4.053
11.06000 4.795
11.08000 9.045
11.10000 13.536
11.12000 16.276
11.14000 17.252
11.16000 7.108
11.18000 -0.566
11.20000 11.763
11.22000 18.393
11.24000 21.857
11.26000 12.694
11.28000 17.669
11.30000 12.238
11.32000 5.636
11.34000 4.932
11.36000 4.902
11.38000 15.393
11.40000 21.404
11.42000 10.422
11.44000 18.297
11.46000 13.986
11.48000 7.197
11.50000 9.546
11.52000 12.324
11.54000 23.423
11.56000 21.462
11.58000 11.523
11.60000 14.503
11.62000 17.249
11.64000 21.524
11.66000 28.340
11.68000 19.442
11.70000 9.512
11.72000 15.752
11.74000 18.367
11.76000 11.994
11.78000 10.986
11.80000 15.169
11.82000 26.346
11.84000 29.923
11.86000 25.497
11.88000 14.944
11.90000 20.092
11.92000 19.335
11.94000 13.073
11.96000 10.729
11.98000 13.158
12.00000 13.228
12.02000 17.977
12.04000 12.121
12.06000 -0.085
12.08000 7.187
12.10000 26.548
12.12000 22.902
12.14000 22.234
12.16000 24.505
12.18000 25.161
12.20000 23.958
12.22000 23.557
12.24000 26.496
12.26000 28.556
12.28000 17.658
12.30000 14.686
12.32000 22.281
12.34000 20.661
12.36000 21.389
12.38000 13.397
12.40000 15.980
12.42000 3.652
12.44000 -4.378
12.46000 11.500
12.48000 32.946
12.50000 27.502
12.52000 26.588
12.54000 28.931
12.56000 24.254
12.58000 19.254
12.60000 20.640
12.62000 18.541
12.64000 23.711
12.66000 35.376
12.68000 27.722
12.70000 16.927
12.72000 18.371
12.74000 12.344
12.76000 15.110
12.78000 21.535
12.80000 33.759
12.82000 25.133
12.84000 16.379
12.86000 20.050
12.88000 22.170
12.90000 25.215
12.92000 32.024
12.94000 19.353
12.96000 21.310
12.98000 19.566
13.00000 17.197
13.02000 14.829
13.04000 18.409
13.06000 20.613
13.08000 20.645
13.10000 19.519
13.12000 16.709
13.14000 14.794
13.16000 22.210
13.18000 22.763
13.20000 13.593
13.22000 15.007
13.24000 9.696
13.26000 7.123
13.28000 16.723
13.30000 18.657
13.32000 5.340
13.34000 13.229
13.36000 20.139
13.38000 11.656
13.40000 10.276
13.42000 17.980
13.44000 19.662
13.46000 4.467
13.48000 8.794
13.50000 26.994
13.52000 20.637
13.54000 15.134
13.56000 17.489
13.58000 14.049
13.60000 8.724
13.62000 8.671
13.64000 4.754
13.66000 16.341
13.68000 28.101
13.70000 24.149
13.72000 11.028
13.74000 12.138
13.76000 18.590
13.78000 20.489
13.80000 12.276
13.82000 8.439
13.84000 6.082
13.86000 -3.711
13.88000 4.034
13.90000 8.155
13.92000 7.927
13.94000 7.783
13.96000 13.012
13.98000 15.580
14.00000 11.970
14.02000 0.888
14.04000 1.950
14.06000 2.352
14.08000 12.845
14.10000 16.536
14.12000 15.480
14.14000 5.560
14.16000 4.099
14.18000 6.149
14.20000 7.712
14.22000 7.374
14.24000 9.669
14.26000 14.085
14.28000 15.512
14.30000 8.390
14.32000 18.188
14.34000 10.377
14.36000 13.039
14.38000 11.840
14.40000 6.361
14.42000 6.175
14.44000 13.901
14.46000 11.442
14.48000 10.170
14.50000 11.822
14.52000 11.350
14.54000 13.300
14.56000 15.237
14.58000 8.421
14.60000 6.747
14.62000 9.328
14.64000 9.450
14.66000 8.815
14.68000 21.819
14.70000 23.874
14.72000 15.098
14.74000 14.912
14.76000 10.111
14.78000 11.571
14.80000 15.172
14.82000 13.566
14.84000 10.724
14.86000 17.741
14.88000 10.601
14.90000 5.879
14.92000 9.861
14.94000 15.600
14.96000 8.829
14.98000 14.493
15.00000 14.031
15.02000 20.109
15.04000 21.073
15.06000 9.222
15.08000 6.987
15.10000 7.160
15.12000 14.188
15.14000 7.832
15.16000 9.540
15.18000 8.034
15.20000 10.848
15.22000 14.702
15.24000 12.849
15.26000 7.627
15.28000 6.896
15.30000 15.516
15.32000 14.604
15.34000 11.803
15.36000 7.372
15.38000 6.351
15.40000 5.538
15.42000 5.387
15.44000 6.984
15.46000 6.861
15.48000 4.206
15.50000 6.625
15.52000 2.006
15.54000 11.332
15.56000 7.537
15.58000 5.468
15.60000 11.209
15.62000 20.299
15.64000 22.087
15.66000 14.837
15.68000 2.909
15.70000 6.848
15.72000 10.276
15.74000 6.908
15.76000 5.779
15.78000 6.140
15.80000 13.059
15.82000 14.697
15.84000 10.847
15.86000 2.666
15.88000 -4.403
15.90000 -4.021
15.92000 4.324
15.94000 12.600
15.96000 15.815
15.98000 10.788
16.00000 6.272
16.02000 3.638
16.04000 9.364
16.06000 10.303
16.08000 13.060
16.10000 17.517
16.12000 14.560
16.14000 8.283
16.16000 10.818
16.18000 13.334
16.20000 19.514
16.22000 10.961
16.24000 5.330
16.26000 9.483
16.28000 5.974
16.30000 5.052
16.32000 5.240
16.34000 10.140
16.36000 9.543
16.38000 9.984
16.40000 5.745
16.42000 1.753
16.44000 1.655
16.46000 4.406
16.48000 7.432
16.50000 2.102
16.52000 5.414
16.54000 11.980
16.56000 8.902
16.58000 8.101
16.60000 10.461
16.62000 8.761
16.64000 -0.647
16.66000 -1.101
16.68000 3.394
16.70000 -0.203
16.72000 5.792
16.74000 10.946
16.76000 3.941
16.78000 3.157
16.80000 -0.933
16.82000 -1.751
16.84000 6.600
16.86000 8.736
16.88000 13.516
16.90000 14.044
16.92000 14.068
16.94000 14.438
16.96000 9.126
16.98000 9.111
17.00000 9.515
17.02000 7.282
17.04000 1.313
17.06000 -0.935
17.08000 4.176
17.10000 6.084
17.12000 10.186
17.14000 3.094
17.16000 0.329
17.18000 3.163
17.20000 6.363
17.22000 6.234
17.24000 6.629
17.26000 11.034
17.28000 6.500
17.30000 6.193
17.32000 9.236
17.34000 6.496
17.36000 6.202
17.38000 8.104
17.40000 7.213
17.42000 14.917
17.44000 11.929
17.46000 -1.919
17.48000 6.505
17.50000 8.632
17.52000 1.402
17.54000 2.175
17.56000 0.422
17.58000 -2.178
17.60000 3.745
17.62000 3.808
17.64000 4.814
17.66000 8.099
17.68000 -0.421
17.70000 -4.364
17.72000 2.069
17.74000 8.230
17.76000 6.281
17.78000 2.155
17.80000 1.919
17.82000 3.711
17.84000 5.131
17.86000 5.623
17.88000 4.180
17.90000 1.122
17.92000 4.218
17.94000 3.583
17.96000 7.046
17.98000 10.742
18.00000 5.990
18.02000 0.931
18.04000 3.094
18.06000 -0.941
18.08000 -4.172
18.10000 -0.192
18.12000 5.457
18.14000 4.317
18.16000 5.703
18.18000 2.905
18.20000 5.757
18.22000 8.469
18.24000 4.490
18.26000 7.515
18.28000 9.029
18.30000 2.681
18.32000 4.518
18.34000 4.358
18.36000 -4.336
18.38000 -1.811
18.40000 -0.081
18.42000 9.754
18.44000 11.517
18.46000 6.780
18.48000 5.085
18.50000 11.861
18.52000 15.771
18.54000 7.629
18.56000 5.288
18.58000 4.203
18.60000 1.277
18.62000 2.148
18.64000 8.149
18.66000 9.728
18.68000 7.745
18.70000 3.736
18.72000 0.004
18.74000 4.196
18.76000 7.041
18.78000 2.528
18.80000 9.155
18.82000 9.720
18.84000 7.980
18.86000 14.799
18.88000 11.033
18.90000 2.894
18.92000 -2.601
18.94000 0.951
18.96000 0.068
18.98000 0.774
19.00000 -3.533
19.02000 -0.218
19.04000 8.112
19.06000 11.718
19.08000 3.443
19.10000 3.332
19.12000 3.210
19.14000 5.101
19.16000 0.186
19.18000 4.281
19.20000 6.677
19.22000 5.325
19.24000 -1.787
19.26000 -1.418
19.28000 4.933
19.30000 5.166
19.32000 0.961
19.34000 -0.364
19.36000 3.767
19.38000 7.071
19.40000 5.421
19.42000 3.266
19.44000 3.795
19.46000 3.360
19.48000 10.827
19.50000 1.038
19.52000 1.458
19.54000 6.424
19.56000 8.006
19.58000 6.828
19.60000 1.389
19.62000 0.279
19.64000 5.301
19.66000 14.672
19.68000 15.914
19.70000 12.076
19.72000 13.279
19.74000 8.976
19.76000 13.908
19.78000 15.468
19.80000 11.460
19.82000 8.255
19.84000 6.498
19.86000 2.526
19.88000 5.032
19.90000 10.771
19.92000 11.560
19.94000 11.310
19.96000 10.115
19.98000 9.641
20.00000 1.195
20.02000 -4.185
20.04000 7.831
20.06000 14.986
20.08000 11.111
20.10000 12.677
20.12000 7.633
20.14000 11.709
20.16000 11.048
20.18000 11.788
20.20000 6.408
20.22000 9.684
20.24000 15.285
20.26000 13.175
20.28000 7.628
20.30000 4.712
20.32000 4.743
20.34000 1.948
20.36000 4.643
20.38000 8.135
20.40000 6.441
20.42000 2.855
20.44000 5.655
20.46000 7.004
20.48000 7.548
20.50000 11.819
20.52000 12.473
20.54000 3.888
20.56000 2.361
20.58000 8.459
20.60000 8.954
20.62000 6.089
20.64000 1.793
20.66000 1.091
20.68000 9.225
20.70000 9.456
20.72000 8.357
20.74000 8.489
20.76000 2.225
20.78000 5.991
20.80000 8.796
20.82000 4.550
20.84000 4.292
20.86000 2.692
20.88000 4.528
20.90000 4.689
20.92000 6.841
20.94000 7.312
20.96000 8.880
20.98000 4.710
21.00000 5.462
21.02000 0.163
21.04000 -3.210
21.06000 9.219
21.08000 7.047
21.10000 6.836
21.12000 5.359
21.14000 13.759
21.16000 10.253
21.18000 1.937
21.20000 2.391
21.22000 5.996
21.24000 4.083
21.26000 -0.937
21.28000 -2.474
21.30000 -1.548
21.32000 3.320
21.34000 3.614
21.36000 8.395
21.38000 9.671
21.40000 8.141
21.42000 15.409
21.44000 14.577
21.46000 4.599
21.48000 -1.445
21.50000 4.305
21.52000 10.768
21.54000 10.956
21.56000 7.525
21.58000 6.277
21.60000 5.276
21.62000 5.296
21.64000 10.898
21.66000 9.551
21.68000 2.677
21.70000 1.802
21.72000 0.982
21.74000 3.258
21.76000 -1.593
21.78000 1.692
21.80000 4.254
21.82000 10.344
21.84000 7.989
21.86000 0.212
21.88000 6.212
21.90000 6.652
21.92000 4.564
21.94000 6.986
21.96000 -0.823
21.98000 0.001
22.00000 3.499
22.02000 -1.359
22.04000 -4.106
22.06000 -1.383
22.08000 -1.593
22.10000 1.649
22.12000 2.082
22.14000 3.686
22.16000 -3.720
22.18000 -0.493
22.20000 3.616
22.22000 2.728
22.24000 -0.769
22.26000 -1.886
22.28000 7.429
22.30000 10.010
22.32000 9.189
22.34000 9.676
22.36000 10.660
22.38000 13.143
22.40000 9.164
22.42000 7.770
22.44000 8.525
22.46000 8.490
22.48000 3.883
22.50000 0.304
22.52000 6.635
22.54000 8.607
22.56000 2.128
22.58000 0.373
22.60000 4.868
22.62000 8.412
22.64000 6.809
22.66000 2.617
22.68000 -3.134
22.70000 -3.664
22.72000 -0.517
22.74000 0.149
22.76000 3.514
22.78000 4.259
22.80000 4.419
22.82000 1.668
22.84000 1.952
22.86000 2.251
22.88000 2.033
22.90000 5.033
22.92000 4.122
22.94000 6.810
22.96000 3.752
22.98000 1.724
23.00000 2.660
23.02000 3.096
23.04000 2.061
23.06000 4.772
23.08000 0.808
23.10000 1.139
23.12000 5.081
23.14000 8.644
23.16000 8.518
23.18000 3.858
23.20000 4.496
23.22000 4.944
23.24000 -2.545
23.26000 -4.059
23.28000 -2.075
23.30000 -0.546
23.32000 3.489
23.34000 0.168
23.36000 0.141
23.38000 3.654
23.40000 5.273
23.42000 11.107
23.44000 10.480
23.46000 8.689
23.48000 4.130
23.50000 4.538
23.52000 0.295
23.54000 1.693
23.56000 4.691
23.58000 4.692
23.60000 5.484
23.62000 11.138
23.64000 7.402
23.66000 7.150
23.68000 8.329
23.70000 2.209
23.72000 -4.035
23.74000 1.141
23.76000 -0.675
23.78000 -0.295
23.80000 2.807
23.82000 -2.154
23.84000 -1.941
23.86000 11.913
23.88000 13.710
23.90000 7.261
23.92000 5.918
23.94000 8.987
23.96000 1.015
23.98000 -0.176
24.00000 0.450
24.02000 0.913
24.04000 2.251
24.06000 4.629
24.08000 6.507
24.10000 0.684
24.12000 0.417
24.14000 5.061
24.16000 0.268
24.18000 0.679
24.20000 1.988
24.22000 0.209
24.24000 2.312
24.26000 8.019
24.28000 4.017
24.30000 10.129
24.32000 8.347
24.34000 3.594
24.36000 2.346
24.38000 -0.500
24.40000 2.019
24.42000 -3.146
24.44000 0.609
24.46000 4.223
24.48000 3.418
24.50000 2.240
24.52000 6.440
24.54000 2.047
24.56000 1.852
24.58000 -0.749
24.60000 -4.000
24.62000 2.802
24.64000 5.819
24.66000 3.765
24.68000 3.370
24.70000 7.540
24.72000 5.710
24.74000 4.728
24.76000 4.412
24.78000 -1.082
24.80000 4.223
24.82000 -1.536
24.84000 -2.869
24.86000 -0.491
24.88000 -0.887
24.90000 -0.373
24.92000 0.886
24.94000 -0.536
24.96000 1.904
24.98000 1.489
25.00000 5.531
25.02000 6.444
25.04000 5.376
25.06000 8.418
25.08000 10.454
25.10000 2.220
25.12000 1.232
25.14000 0.970
25.16000 0.856
25.18000 0.934
25.20000 -1.104
25.22000 5.377
25.24000 2.273
25.26000 4.072
25.28000 0.340
25.30000 -0.926
25.32000 1.009
25.34000 1.601
25.36000 4.624
25.38000 2.759
25.40000 -1.333
25.42000 0.050
25.44000 2.375
25.46000 0.692
25.48000 0.043
25.50000 -2.390
25.52000 1.207
25.54000 4.453
25.56000 -0.433
25.58000 -3.933
25.60000 1.085
25.62000 3.515
25.64000 5.518
25.66000 -1.314
25.68000 6.566
25.70000 8.209
25.72000 7.275
25.74000 7.540
25.76000 7.936
25.78000 2.369
25.80000 -3.592
25.82000 -3.232
25.84000 1.104
25.86000 1.816
25.88000 -1.161
25.90000 2.428
25.92000 8.392
25.94000 4.619
25.96000 5.513
25.98000 11.546
26.00000 8.976
26.02000 2.215
26.04000 5.674
26.06000 5.018
26.08000 2.813
26.10000 1.512
26.12000 2.340
26.14000 2.822
26.16000 4.274
26.18000 4.130
26.20000 0.009
26.22000 -0.949
26.24000 0.867
26.26000 7.542
26.28000 5.956
26.30000 7.629
26.32000 2.803
26.34000 4.215
26.36000 6.738
26.38000 6.172
26.40000 5.878
26.42000 8.337
26.44000 8.775
26.46000 5.687
26.48000 1.137
26.50000 -1.519
26.52000 -3.844
26.54000 4.106
26.56000 14.664
26.58000 8.504
26.60000 7.663
26.62000 3.667
26.64000 1.622
26.66000 8.323
26.68000 4.460
26.70000 3.719
26.72000 8.651
26.74000 4.369
26.76000 0.522
26.78000 -1.127
26.80000 3.552
26.82000 10.613
26.84000 7.979
26.86000 3.481
26.88000 -1.426
26.90000 1.106
26.92000 5.921
26.94000 1.644
26.96000 5.869
26.98000 6.541
27.00000 7.893
27.02000 5.161
27.04000 5.343
27.06000 6.389
27.08000 11.596
27.10000 11.320
27.12000 7.805
27.14000 2.220
27.16000 0.997
27.18000 2.253
27.20000 5.436
27.22000 0.753
27.24000 0.637
27.26000 -3.831
27.28000 -1.141
27.30000 2.972
27.32000 4.212
27.34000 7.695
27.36000 5.402
27.38000 7.184
27.40000 8.546
27.42000 7.837
27.44000 0.454
27.46000 0.016
27.48000 4.579
27.50000 7.476
27.52000 6.470
27.54000 5.360
27.56000 5.524
27.58000 -0.855
27.60000 -3.821
27.62000 -2.501
27.64000 -2.855
27.66000 0.780
27.68000 2.313
27.70000 3.464
27.72000 5.921
27.74000 3.122
27.76000 3.760
27.78000 -0.060
27.80000 2.975
27.82000 6.052
27.84000 5.411
27.86000 1.522
27.88000 0.188
27.90000 -0.779
27.92000 3.170
27.94000 0.966
27.96000 5.626
27.98000 1.238
28.00000 -2.528
28.02000 -1.998
28.04000 -0.487
28.06000 3.557
28.08000 4.146
28.10000 2.999
28.12000 3.101
28.14000 3.321
28.16000 4.771
28.18000 0.243
28.20000 2.542
28.22000 5.818
28.24000 4.379
28.26000 1.050
28.28000 1.912
28.30000 1.663
28.32000 -1.954
28.34000 -1.223
28.36000 2.468
28.38000 5.571
28.40000 3.581
28.42000 0.269
28.44000 -0.941
28.46000 0.954
28.48000 2.446
28.50000 0.678
28.52000 -3.346
28.54000 -0.065
28.56000 1.410
28.58000 -1.517
28.60000 3.380
28.62000 0.985
28.64000 -3.791
28.66000 -1.267
28.68000 -3.484
28.70000 1.440
28.72000 3.564
28.74000 3.205
28.76000 -1.102
28.78000 0.425
28.80000 3.741
28.82000 2.578
28.84000 -0.110
28.86000 2.500
28.88000 -0.095
28.90000 -0.849
28.92000 1.339
28.94000 0.542
28.96000 -2.637
28.98000 2.316
29.00000 7.472
29.02000 5.561
29.04000 6.573
29.06000 3.175
29.08000 4.594
29.10000 7.331
29.12000 3.162
29.14000 0.637
29.16000 2.574
29.18000 0.968
29.20000 0.127
29.22000 6.337
29.24000 4.484
29.26000 -2.746
29.28000 -3.748
29.30000 -1.756
29.32000 -2.274
29.34000 -1.539
29.36000 1.365
29.38000 3.300
29.40000 2.690
29.42000 1.485
29.44000 1.332
29.46000 5.783
29.48000 2.125
29.50000 0.389
29.52000 4.258
29.54000 5.010
29.56000 1.272
29.58000 7.757
29.60000 7.553
29.62000 0.594
29.64000 -0.640
29.66000 0.789
29.68000 4.578
29.70000 6.237
29.72000 4.669
29.74000 4.631
29.76000 0.991
29.78000 -3.721
29.80000 -2.612
29.82000 5.349
29.84000 5.850
29.86000 6.662
29.88000 3.615
29.90000 7.355
29.92000 -0.311
29.94000 0.198
29.96000 9.898
29.98000 3.788
30.00000 3.702
30.02000 5.359
30.04000 5.441
30.06000 2.843
30.08000 1.854
30.10000 1.281
30.12000 3.783
30.14000 2.188
30.16000 1.922
30.18000 0.804
30.20000 -2.191
30.22000 2.770
30.24000 9.386
30.26000 10.356
30.28000 2.903
30.30000 -3.689
30.32000 -2.858
30.34000 2.064
30.36000 2.553
30.38000 2.526
30.40000 1.084
30.42000 3.810
30.44000 7.616
30.46000 7.723
30.48000 0.729
30.50000 0.131
30.52000 -0.448
30.54000 6.032
30.56000 3.887
30.58000 4.861
30.60000 1.847
30.62000 3.716
30.64000 6.226
30.66000 0.004
30.68000 -3.657
30.70000 1.873
30.72000 6.311
30.74000 4.029
30.76000 0.088
30.78000 1.874
30.80000 6.279
30.82000 1.011
30.84000 2.711
30.86000 2.842
30.88000 3.781
30.90000 7.921
30.92000 5.328
30.94000 3.057
30.96000 5.597
30.98000 1.493
31.00000 -0.131
31.02000 -0.178
31.04000 -0.438
31.06000 2.109
31.08000 7.040
31.10000 5.910
31.12000 7.209
31.14000 6.835
31.16000 2.764
31.18000 -3.655
31.20000 -1.553
31.22000 1.650
31.24000 -0.520
31.26000 -3.126
31.28000 2.127
31.30000 2.597
31.32000 -1.872
31.34000 0.384
31.36000 -2.577
31.38000 1.376
31.40000 2.919
31.42000 3.042
31.44000 3.292
31.46000 3.211
31.48000 0.253
31.50000 2.162
31.52000 2.967
31.54000 4.646
31.56000 2.531
31.58000 3.194
31.60000 1.778
31.62000 3.058
31.64000 5.687
31.66000 1.016
31.68000 2.735
31.70000 3.454
31.72000 2.814
31.74000 1.421
31.76000 5.698
31.78000 3.999
31.80000 -3.642
31.82000 2.647
31.84000 2.286
31.86000 1.795
31.88000 3.534
31.90000 1.965
31.92000 6.125
31.94000 0.821
31.96000 3.132
31.98000 1.748
32.00000 -1.212
32.02000 0.300
32.04000 -0.363
32.06000 -1.368
32.08000 -1.712
32.10000 1.936
32.12000 1.932
32.14000 -3.108
32.16000 2.864
32.18000 4.127
32.20000 4.866
32.22000 1.658
32.24000 5.590
32.26000 7.298
32.28000 3.350
32.30000 4.426
32.32000 4.929
32.34000 4.036
32.36000 2.855
32.38000 3.182
32.40000 2.015
32.42000 3.048
32.44000 5.926
32.46000 3.347
32.48000 7.482
32.50000 7.174
32.52000 2.358
32.54000 5.144
32.56000 4.636
32.58000 4.428
32.60000 2.779
32.62000 -1.847
32.64000 -3.599
32.66000 -1.543
32.68000 0.686
32.70000 1.402
32.72000 0.940
32.74000 -1.373
32.76000 2.344
32.78000 3.631
32.80000 3.674
32.82000 2.872
32.84000 -1.444
32.86000 -0.965
32.88000 7.028
32.90000 1.896
32.92000 1.729
32.94000 4.834
32.96000 6.307
32.98000 1.818
33.00000 4.859
33.02000 5.970
33.04000 6.914
33.06000 4.773
33.08000 3.433
33.10000 3.251
33.12000 2.124
33.14000 -0.353
33.16000 8.743
33.18000 4.233
33.20000 4.314
33.22000 4.688
33.24000 1.200
33.26000 -3.584
33.28000 1.066
33.30000 1.687
33.32000 2.512
33.34000 1.138
33.36000 2.351
33.38000 8.302
33.40000 6.745
33.42000 4.966
33.44000 3.585
33.46000 1.475
33.48000 1.076
33.50000 0.850
33.52000 2.851
33.54000 9.431
33.56000 8.923
33.58000 2.964
33.60000 2.409
33.62000 2.504
33.64000 1.286
33.66000 3.903
33.68000 3.337
33.70000 5.419
33.72000 2.769
33.74000 -2.300
33.76000 -0.461
33.78000 1.293
33.80000 3.684
33.82000 1.191
33.84000 6.587
33.86000 1.109
33.88000 2.756
33.90000 3.475
33.92000 4.286
33.94000 10.617
33.96000 3.733
33.98000 -1.229
34.00000 -0.985
34.02000 1.239
34.04000 4.241
34.06000 9.375
34.08000 6.184
34.10000 3.109
34.12000 3.712
34.14000 9.768
34.16000 7.264
34.18000 8.281
34.20000 4.713
34.22000 3.221
34.24000 2.394
34.26000 1.218
34.28000 1.483
34.30000 0.700
34.32000 3.071
34.34000 5.244
34.36000 2.191
34.38000 -1.216
34.40000 2.039
34.42000 6.631
34.44000 9.013
34.46000 8.700
34.48000 5.061
34.50000 3.094
34.52000 9.170
34.54000 9.457
34.56000 5.580
34.58000 4.189
34.60000 8.444
34.62000 7.181
34.64000 2.583
34.66000 5.332
34.68000 4.284
34.70000 -0.823
34.72000 -3.519
34.74000 -1.953
34.76000 -0.904
34.78000 2.422
34.80000 2.212
34.82000 0.592
34.84000 4.214
34.86000 4.079
34.88000 4.377
34.90000 5.087
34.92000 10.323
34.94000 5.697
34.96000 12.172
34.98000 7.314
35.00000 9.768
35.02000 4.689
35.04000 0.228
35.06000 2.202
35.08000 6.378
35.10000 7.075
35.12000 6.582
35.14000 9.083
35.16000 7.342
35.18000 6.545
35.20000 2.069
35.22000 -0.837
35.24000 4.527
35.26000 4.386
35.28000 4.382
35.30000 2.449
35.32000 -1.463
35.34000 -3.519
35.36000 7.449
35.38000 2.949
35.40000 3.268
35.42000 1.697
35.44000 3.595
35.46000 4.139
35.48000 5.292
35.50000 6.653
35.52000 10.770
35.54000 10.128
35.56000 11.356
35.58000 7.049
35.60000 5.415
35.62000 3.033
35.64000 6.858
35.66000 1.927
35.68000 3.602
35.70000 6.934
35.72000 2.784
35.74000 1.896
35.76000 6.258
35.78000 6.896
35.80000 4.113
35.82000 4.665
35.84000 1.260
35.86000 7.067
35.88000 6.476
35.90000 0.747
35.92000 -2.783
35.94000 -3.545
35.96000 2.645
35.98000 4.479
36.00000 5.350
36.02000 3.258
36.04000 -0.393
36.06000 2.797
36.08000 2.004
36.10000 1.832
36.12000 4.119
36.14000 6.692
36.16000 5.125
36.18000 -1.325
36.20000 -2.198
36.22000 3.981
36.24000 0.211
36.26000 -1.092
36.28000 -1.057
36.30000 -0.338
36.32000 -2.558
36.34000 2.062
36.36000 0.807
36.38000 1.907
36.40000 4.569
36.42000 2.541
36.44000 6.161
36.46000 3.184
36.48000 -1.221
36.50000 4.812
36.52000 2.082
36.54000 4.753
36.56000 2.848
36.58000 3.039
36.60000 2.624
36.62000 3.687
36.64000 2.116
36.66000 0.963
36.68000 -0.222
36.70000 7.124
36.72000 3.886
36.74000 1.238
36.76000 0.582
36.78000 4.808
36.80000 6.284
36.82000 4.322
36.84000 2.996
36.86000 -1.986
36.88000 2.699
36.90000 2.219
36.92000 0.701
36.94000 0.638
36.96000 1.610
36.98000 0.849
37.00000 2.448
37.02000 3.449
37.04000 -2.793
37.06000 -3.581
37.08000 2.547
37.10000 6.090
37.12000 8.898
37.14000 6.747
37.16000 3.876
37.18000 6.827
37.20000 7.192
37.22000 4.602
37.24000 9.417
37.26000 7.269
37.28000 7.964
37.30000 6.071
37.32000 1.540
37.34000 1.793
37.36000 3.667
37.38000 6.530
37.40000 4.759
37.42000 8.589
37.44000 7.217
37.46000 4.046
37.48000 4.624
37.50000 0.528
37.52000 5.153
37.54000 2.143
37.56000 1.967
37.58000 6.705
37.60000 6.923
37.62000 6.418
37.64000 5.867
37.66000 4.148
37.68000 2.005
37.70000 1.910
37.72000 5.967
37.74000 7.118
37.76000 5.682
37.78000 8.152
37.80000 14.336
37.82000 10.349
37.84000 7.442
37.86000 9.779
37.88000 10.225
37.90000 7.541
37.92000 10.168
37.94000 12.833
37.96000 12.356
37.98000 14.103
38.00000 11.177
38.02000 10.904
38.04000 9.432
38.06000 10.837
38.08000 15.034
38.10000 16.766
38.12000 19.153
38.14000 15.115
38.16000 16.858
38.18000 15.299
38.20000 18.566
38.22000 22.906
38.24000 20.941
38.26000 16.659
38.28000 14.606
38.30000 17.238
38.32000 24.486
38.34000 23.623
38.36000 24.739
38.38000 22.069
38.40000 26.743
38.42000 24.838
38.44000 28.015
38.46000 32.102
38.48000 30.190
38.50000 32.913
38.52000 28.382
38.54000 28.019
38.56000 32.878
38.58000 38.015
38.60000 37.045
38.62000 34.716
38.64000 33.909
38.66000 34.726
38.68000 35.573
38.70000 41.666
38.72000 39.729
38.74000 36.114
38.76000 38.711
38.78000 40.207
38.80000 44.974
38.82000 50.492
38.84000 48.097
38.86000 49.356
38.88000 55.409
38.90000 56.487
38.92000 53.354
38.94000 55.653
38.96000 58.779
38.98000 64.144
39.00000 65.405
39.02000 72.775
39.04000 76.312
39.06000 75.217
39.08000 77.727
39.10000 85.036
39.12000 91.721
39.14000 95.552
39.16000 95.807
39.18000 97.483
39.20000 103.648
39.22000 108.103
39.24000 113.239
39.26000 113.167
39.28000 116.421
39.30000 121.093
39.32000 133.467
39.34000 144.482
39.36000 147.625
39.38000 151.571
39.40000 153.324
39.42000 161.932
39.44000 168.618
39.46000 178.221
39.48000 185.232
39.50000 192.616
39.52000 210.351
39.54000 218.992
39.56000 235.650
39.58000 245.601
39.60000 255.161
39.62000 265.450
39.64000 273.254
39.66000 279.326
39.68000 291.636
39.70000 313.368
39.72000 332.331
39.74000 339.986
39.76000 350.914
39.78000 366.457
39.80000 386.213
39.82000 408.161
39.84000 428.846
39.86000 444.925
39.88000 460.768
39.90000 482.140
39.92000 496.714
39.94000 507.859
39.96000 521.891
39.98000 536.706
40.00000 545.047
40.02000 561.970
40.04000 576.219
40.06000 589.399
40.08000 600.700
40.10000 617.780
40.12000 622.410
40.14000 634.907
40.16000 637.107
40.18000 638.667
40.20000 632.556
40.22000 629.433
40.24000 623.057
40.26000 635.794
40.28000 636.734
40.30000 627.725
40.32000 615.756
40.34000 599.467
40.36000 586.622
40.38000 584.847
40.40000 573.856
40.42000 548.300
40.44000 532.205
40.46000 529.622
40.48000 510.422
40.50000 488.420
40.52000 466.858
40.54000 449.876
40.56000 430.695
40.58000 417.851
40.60000 392.514
40.62000 381.330
40.64000 365.369
40.66000 350.247
40.68000 328.241
40.70000 313.749
40.72000 301.622
40.74000 287.565
40.76000 269.823
40.78000 253.535
40.80000 241.084
40.82000 224.339
40.84000 210.979
40.86000 206.719
40.88000 192.470
40.90000 180.897
40.92000 177.017
40.94000 165.575
40.96000 154.601
40.98000 147.318
41.00000 143.911
41.02000 130.533
41.04000 118.822
41.06000 115.572
41.08000 113.498
41.10000 105.756
41.12000 95.860
41.14000 93.002
41.16000 80.708
41.18000 81.051
41.20000 84.235
41.22000 78.021
41.24000 73.867
41.26000 64.850
41.28000 63.522
41.30000 61.608
41.32000 59.208
41.34000 52.698
41.36000 52.470
41.38000 51.682
41.40000 44.082
41.42000 40.029
41.44000 41.402
41.46000 41.936
41.48000 36.671
41.50000 34.864
41.52000 32.870
41.54000 31.418
41.56000 30.536
41.58000 29.855
41.60000 28.588
41.62000 24.968
41.64000 26.487
41.66000 22.969
41.68000 26.935
41.70000 25.744
41.72000 19.307
41.74000 16.901
41.76000 16.051
41.78000 17.872
41.80000 16.281
41.82000 14.069
41.84000 9.352
41.86000 9.053
41.88000 7.107
41.90000 11.087
41.92000 12.984
41.94000 10.089
41.96000 7.058
41.98000 11.354
42.00000 9.472
42.02000 2.319
42.04000 8.369
42.06000 8.692
42.08000 11.371
42.10000 7.722
42.12000 4.582
42.14000 7.290
42.16000 3.056
42.18000 6.472
42.20000 10.174
42.22000 6.884
42.24000 4.717
42.26000 6.945
42.28000 10.736
42.30000 8.402
42.32000 1.715
42.34000 3.884
42.36000 7.504
42.38000 6.733
42.40000 0.529
42.42000 -0.133
42.44000 1.371
42.46000 0.987
42.48000 1.555
42.50000 1.594
42.52000 1.187
42.54000 0.996
42.56000 -3.143
42.58000 -3.592
42.60000 -2.686
42.62000 1.500
42.64000 -0.461
42.66000 -0.215
42.68000 6.020
42.70000 2.795
42.72000 -0.348
42.74000 -0.610
42.76000 1.368
42.78000 2.115
42.80000 1.110
42.82000 0.945
42.84000 -1.783
42.86000 -2.788
42.88000 -3.193
42.90000 -0.076
42.92000 -0.725
42.94000 3.229
42.96000 1.903
42.98000 2.546
43.00000 0.000
43.02000 -0.244
43.04000 2.512
43.06000 1.202
43.08000 -1.786
43.10000 2.242
43.12000 -1.203
43.14000 -1.868
43.16000 2.587
43.18000 -1.943
43.20000 -2.377
43.22000 0.024
43.24000 0.589
43.26000 -3.344
43.28000 -0.404
43.30000 -0.534
43.32000 -1.553
43.34000 1.205
43.36000 -1.091
43.38000 -0.395
43.40000 -0.647
43.42000 1.590
43.44000 0.005
43.46000 -1.210
43.48000 -3.512
43.50000 -3.335
43.52000 -1.380
43.54000 -0.162
43.56000 -2.157
43.58000 -0.580
43.60000 3.339
43.62000 5.860
43.64000 4.004
43.66000 -1.210
43.68000 -3.087
43.70000 1.256
43.72000 4.890
43.74000 0.804
43.76000 0.604
43.78000 -0.363
43.80000 0.257
43.82000 4.061
43.84000 4.106
43.86000 2.941
43.88000 5.760
43.90000 6.059
43.92000 1.795
43.94000 2.353
43.96000 2.924
43.98000 2.167
44.00000 1.532
44.02000 3.182
44.04000 4.424
44.06000 4.132
44.08000 2.330
44.10000 4.230
44.12000 4.842
44.14000 4.735
44.16000 6.216
44.18000 3.927
44.20000 0.551
44.22000 -3.446
44.24000 2.409
44.26000 4.799
44.28000 6.440
44.30000 4.364
44.32000 2.922
44.34000 1.072
44.36000 4.858
44.38000 6.866
44.40000 3.220
44.42000 2.866
44.44000 6.071
44.46000 5.434
44.48000 6.061
44.50000 10.434
44.52000 4.940
44.54000 5.764
44.56000 4.308
44.58000 3.968
44.60000 9.086
44.62000 11.359
44.64000 6.535
44.66000 7.006
44.68000 1.897
44.70000 4.703
44.72000 7.447
44.74000 6.896
44.76000 5.340
44.78000 5.327
44.80000 2.601
44.82000 3.483
44.84000 9.871
44.86000 3.604
44.88000 4.471
44.90000 4.163
44.92000 3.112
44.94000 -1.919
44.96000 5.345
44.98000 9.120
45.00000 5.925
45.02000 9.183
45.04000 6.001
45.06000 11.422
45.08000 10.831
45.10000 11.703
45.12000 10.260
45.14000 7.797
45.16000 6.649
45.18000 10.808
45.20000 10.255
45.22000 11.815
45.24000 14.690
45.26000 14.385
45.28000 15.959
45.30000 14.481
45.32000 12.410
45.34000 13.348
45.36000 19.430
45.38000 17.743
45.40000 14.975
45.42000 18.232
45.44000 21.310
45.46000 24.481
45.48000 21.792
45.50000 22.192
45.52000 21.267
45.54000 18.331
45.56000 17.504
45.58000 25.020
45.60000 31.849
45.62000 33.188
45.64000 32.310
45.66000 29.443
45.68000 30.997
45.70000 31.480
45.72000 28.789
45.74000 31.448
45.76000 28.995
45.78000 32.924
45.80000 36.227
45.82000 36.164
45.84000 36.800
45.86000 38.371
45.88000 40.229
45.90000 39.392
45.92000 36.729
45.94000 40.294
45.96000 47.370
45.98000 50.280
46.00000 47.566
46.02000 45.162
46.04000 51.653
46.06000 54.165
46.08000 46.878
46.10000 42.997
46.12000 41.528
46.14000 45.494
46.16000 48.688
46.18000 49.668
46.20000 54.651
46.22000 56.164
46.24000 55.505
46.26000 54.063
46.28000 62.393
46.30000 61.712
46.32000 68.149
46.34000 68.405
46.36000 67.681
46.38000 71.926
46.40000 77.957
46.42000 76.055
46.44000 71.640
46.46000 72.382
46.48000 76.346
46.50000 80.921
46.52000 87.387
46.54000 84.225
46.56000 83.895
46.58000 83.789
46.60000 82.060
46.62000 86.027
46.64000 81.986
46.66000 78.631
46.68000 88.876
46.70000 89.490
46.72000 80.538
46.74000 81.296
46.76000 87.911
46.78000 83.981
46.80000 85.432
46.82000 81.100
46.84000 85.586
46.86000 86.423
46.88000 85.329
46.90000 86.281
46.92000 90.365
46.94000 87.299
46.96000 82.376
46.98000 79.760
47.00000 74.547
47.02000 73.858
47.04000 72.659
47.06000 70.820
47.08000 68.941
47.10000 71.014
47.12000 73.471
47.14000 77.496
47.16000 71.814
47.18000 66.701
47.20000 61.845
47.22000 61.676
47.24000 68.420
47.26000 64.550
47.28000 63.221
47.30000 59.294
47.32000 49.748
47.34000 57.383
47.36000 55.815
47.38000 54.441
47.40000 48.399
47.42000 47.294
47.44000 52.623
47.46000 52.958
47.48000 50.645
47.50000 46.091
47.52000 41.315
47.54000 39.701
47.56000 44.787
47.58000 48.575
47.60000 42.509
47.62000 33.333
47.64000 31.449
47.66000 36.899
47.68000 36.341
47.70000 23.039
47.72000 26.135
47.74000 28.596
47.76000 28.541
47.78000 31.250
47.80000 26.216
47.82000 19.186
47.84000 17.735
47.86000 20.371
47.88000 21.092
47.90000 23.659
47.92000 20.030
47.94000 18.450
47.96000 10.082
47.98000 13.645
48.00000 13.837
48.02000 13.962
48.04000 9.310
48.06000 9.633
48.08000 11.839
48.10000 19.185
48.12000 11.144
48.14000 9.134
48.16000 7.795
48.18000 7.315
48.20000 5.654
48.22000 1.868
48.24000 7.717
48.26000 12.224
48.28000 6.284
48.30000 5.813
48.32000 10.795
48.34000 8.071
48.36000 6.794
48.38000 9.378
48.40000 7.529
48.42000 9.005
48.44000 6.181
48.46000 3.084
48.48000 -1.933
48.50000 2.634
48.52000 1.810
48.54000 7.443
48.56000 9.572
48.58000 6.494
48.60000 3.341
48.62000 3.107
48.64000 3.268
48.66000 2.198
48.68000 -0.445
48.70000 9.999
48.72000 2.643
48.74000 -3.151
48.76000 1.209
48.78000 3.613
48.80000 6.667
48.82000 2.131
48.84000 4.212
48.86000 -3.144
48.88000 1.585
48.90000 4.485
48.92000 0.393
48.94000 1.671
48.96000 0.004
48.98000 1.821
49.00000 7.974
49.02000 2.385
49.04000 5.752
49.06000 6.669
49.08000 6.889
49.10000 2.053
49.12000 -0.659
49.14000 4.746
49.16000 1.576
49.18000 0.555
49.20000 6.949
49.22000 3.356
49.24000 -2.674
49.26000 -0.039
49.28000 4.816
49.30000 2.755
49.32000 5.438
49.34000 0.418
49.36000 1.579
49.38000 1.755
49.40000 3.967
49.42000 -0.869
49.44000 -2.872
49.46000 2.056
49.48000 1.274
49.50000 -1.238
49.52000 0.769
49.54000 5.153
49.56000 2.265
49.58000 -0.014
49.60000 -1.154
49.62000 0.347
49.64000 6.872
49.66000 10.293
49.68000 2.845
49.70000 -0.269
49.72000 4.761
49.74000 4.370
49.76000 2.121
49.78000 -1.284
49.80000 1.783
49.82000 9.786
49.84000 4.588
49.86000 -1.100
49.88000 -3.060
49.90000 0.002
49.92000 0.798
49.94000 -1.441
49.96000 2.580
49.98000 0.963
50.00000 1.213
50.02000 -0.575
50.04000 2.185
50.06000 -1.879
50.08000 0.833
50.10000 -2.451
50.12000 -2.365
50.14000 0.718
50.16000 4.042
50.18000 -0.387
50.20000 -1.277
50.22000 3.120
50.24000 1.819
50.26000 1.679
50.28000 -3.014
50.30000 -1.513
50.32000 2.419
50.34000 2.765
50.36000 1.560
50.38000 0.429
50.40000 0.240
50.42000 2.775
50.44000 4.662
50.46000 5.535
50.48000 7.643
50.50000 6.016
50.52000 -0.091
50.54000 3.468
50.56000 -0.682
50.58000 1.850
50.60000 6.287
50.62000 3.151
50.64000 5.526
50.66000 9.229
50.68000 2.945
50.70000 1.540
50.72000 2.091
50.74000 1.718
50.76000 1.988
50.78000 2.137
50.80000 3.286
50.82000 5.467
50.84000 7.194
50.86000 4.853
50.88000 -2.967
50.90000 4.319
50.92000 3.356
50.94000 3.673
50.96000 3.941
50.98000 2.453
51.00000 0.301
51.02000 3.868
51.04000 2.906
51.06000 3.415
51.08000 5.254
51.10000 3.807
51.12000 7.359
51.14000 6.026
51.16000 5.411
51.18000 0.236
51.20000 -2.887
51.22000 1.351
51.24000 0.209
51.26000 4.583
51.28000 6.452
51.30000 5.980
51.32000 3.219
51.34000 0.117
51.36000 -2.937
51.38000 1.895
51.40000 3.697
51.42000 5.692
51.44000 4.847
51.46000 8.003
51.48000 8.445
51.50000 9.624
51.52000 5.848
51.54000 2.326
51.56000 2.764
51.58000 1.129
51.60000 2.524
51.62000 1.350
51.64000 4.024
51.66000 0.189
51.68000 1.421
51.70000 -2.623
51.72000 4.534
51.74000 6.748
51.76000 5.175
51.78000 11.413
51.80000 5.827
51.82000 4.538
51.84000 4.584
51.86000 8.133
51.88000 7.324
51.90000 0.411
51.92000 2.753
51.94000 6.788
51.96000 11.676
51.98000 8.276
52.00000 6.384
52.02000 4.664
52.04000 3.487
52.06000 3.116
52.08000 1.247
52.10000 2.746
52.12000 1.947
52.14000 5.067
52.16000 7.893
52.18000 7.771
52.20000 3.280
52.22000 5.397
52.24000 5.714
52.26000 6.784
52.28000 3.647
52.30000 4.012
52.32000 3.630
52.34000 4.443
52.36000 5.985
52.38000 3.531
52.40000 4.740
52.42000 0.009
52.44000 1.597
52.46000 8.932
52.48000 4.273
52.50000 5.683
52.52000 5.004
52.54000 6.167
52.56000 3.370
52.58000 -2.882
52.60000 1.613
52.62000 6.133
52.64000 0.916
52.66000 7.101
52.68000 10.978
52.70000 6.312
52.72000 5.281
52.74000 6.899
52.76000 4.571
52.78000 0.417
52.80000 0.415
52.82000 -0.314
52.84000 3.013
52.86000 5.042
52.88000 8.648
52.90000 7.002
52.92000 7.761
52.94000 4.784
52.96000 2.230
52.98000 -2.156
53.00000 2.994
53.02000 2.988
53.04000 8.176
53.06000 5.338
53.08000 0.749
53.10000 3.518
53.12000 2.271
53.14000 -1.196
53.16000 2.145
53.18000 3.199
53.20000 1.554
53.22000 0.570
53.24000 8.230
53.26000 7.161
53.28000 -0.926
53.30000 -0.510
53.32000 -2.872
53.34000 -0.638
53.36000 4.273
53.38000 4.522
53.40000 -0.932
53.42000 -0.154
53.44000 7.939
53.46000 9.286
53.48000 8.696
53.50000 6.586
53.52000 3.388
53.54000 1.447
53.56000 2.765
53.58000 1.858
53.60000 2.971
53.62000 3.314
53.64000 3.419
53.66000 4.537
53.68000 5.314
53.70000 0.814
53.72000 -1.015
53.74000 0.901
53.76000 0.063
53.78000 1.315
53.80000 -0.544
53.82000 -2.849
53.84000 2.679
53.86000 12.014
53.88000 8.943
53.90000 6.249
53.92000 2.594
53.94000 -0.172
53.96000 5.293
53.98000 6.723
54.00000 6.069
54.02000 3.975
54.04000 8.228
54.06000 8.559
54.08000 2.771
54.10000 2.368
54.12000 4.417
54.14000 4.821
54.16000 4.388
54.18000 -0.867
54.20000 1.183
54.22000 1.605
54.24000 3.645
54.26000 -2.847
54.28000 1.730
54.30000 7.137
54.32000 3.925
54.34000 2.473
54.36000 4.916
54.38000 3.136
54.40000 -0.424
54.42000 2.145
54.44000 9.128
54.46000 10.500
54.48000 5.740
54.50000 4.463
54.52000 3.638
54.54000 0.902
54.56000 2.919
54.58000 2.857
54.60000 4.438
54.62000 2.711
54.64000 1.317
54.66000 4.162
54.68000 1.452
54.70000 3.955
54.72000 3.092
54.74000 3.394
54.76000 0.105
54.78000 1.813
54.80000 4.641
54.82000 3.333
54.84000 4.736
54.86000 3.505
54.88000 3.626
54.90000 5.216
54.92000 4.991
54.94000 7.667
54.96000 1.467
54.98000 -1.714
55.00000 2.941
55.02000 2.851
55.04000 9.227
55.06000 7.451
55.08000 6.678
55.10000 3.247
55.12000 6.396
55.14000 5.792
55.16000 0.485
55.18000 5.190
55.20000 5.113
55.22000 1.424
55.24000 0.743
55.26000 -0.762
55.28000 3.386
55.30000 3.620
55.32000 8.109
55.34000 4.115
55.36000 4.811
55.38000 4.788
55.40000 -0.799
55.42000 1.407
55.44000 1.322
55.46000 1.205
55.48000 -0.346
55.50000 2.280
55.52000 0.672
55.54000 6.728
55.56000 3.271
55.58000 -1.402
55.60000 5.741
55.62000 5.564
55.64000 2.333
55.66000 0.587
55.68000 1.178
55.70000 5.606
55.72000 6.054
55.74000 3.025
55.76000 5.525
55.78000 4.862
55.80000 2.477
55.82000 0.856
55.84000 -2.798
55.86000 2.340
55.88000 3.080
55.90000 5.655
55.92000 2.678
55.94000 3.398
55.96000 3.193
55.98000 7.279
56.00000 5.916
56.02000 2.357
56.04000 3.818
56.06000 0.435
56.08000 1.191
56.10000 5.282
56.12000 3.974
56.14000 2.859
56.16000 3.337
56.18000 2.366
56.20000 1.877
56.22000 0.960
56.24000 3.489
56.26000 2.626
56.28000 6.562
56.30000 5.488
56.32000 9.221
56.34000 2.416
56.36000 1.220
56.38000 6.515
56.40000 6.473
56.42000 1.894
56.44000 -0.569
56.46000 -2.278
56.48000 -0.863
56.50000 2.646
56.52000 8.858
56.54000 1.915
56.56000 1.013
56.58000 1.694
56.60000 1.060
56.62000 4.579
56.64000 5.884
56.66000 7.496
56.68000 9.581
56.70000 4.630
56.72000 6.404
56.74000 3.005
56.76000 4.732
56.78000 6.381
56.80000 8.158
56.82000 5.210
56.84000 3.014
56.86000 3.117
56.88000 8.413
56.90000 3.304
56.92000 2.317
56.94000 5.729
56.96000 -2.736
56.98000 -1.770
57.00000 1.917
57.02000 1.721
57.04000 6.567
57.06000 8.169
57.08000 6.972
57.10000 2.209
57.12000 3.730
57.14000 6.968
57.16000 9.175
57.18000 8.518
57.20000 6.695
57.22000 8.783
57.24000 6.631
57.26000 1.774
57.28000 1.922
57.30000 2.805
57.32000 4.563
57.34000 8.480
57.36000 2.020
57.38000 2.140
57.40000 1.346
57.42000 6.680
57.44000 6.754
57.46000 10.830
57.48000 13.105
57.50000 7.602
57.52000 7.486
57.54000 2.841
57.56000 2.128
57.58000 0.330
57.60000 2.502
57.62000 4.064
57.64000 5.574
57.66000 6.290
57.68000 7.914
57.70000 5.302
57.72000 5.278
57.74000 7.300
57.76000 5.069
57.78000 6.674
57.80000 5.903
57.82000 6.101
57.84000 1.441
57.86000 -0.162
57.88000 0.868
57.90000 -0.780
57.92000 -2.744
57.94000 2.961
57.96000 4.349
57.98000 -1.814
58.00000 0.334
58.02000 4.171
58.04000 4.543
58.06000 7.167
58.08000 4.869
58.10000 5.684
58.12000 10.188
58.14000 9.716
58.16000 10.647
58.18000 9.143
58.20000 3.782
58.22000 3.055
58.24000 2.398
58.26000 2.040
58.28000 -2.743
58.30000 -2.533
58.32000 -1.181
58.34000 -1.666
58.36000 0.374
58.38000 -0.832
58.40000 -1.268
58.42000 -0.708
58.44000 2.690
58.46000 5.369
58.48000 4.192
58.50000 4.792
58.52000 1.470
58.54000 2.047
58.56000 5.589
58.58000 4.245
58.60000 4.775
58.62000 4.217
58.64000 -2.735
58.66000 1.295
58.68000 4.937
58.70000 4.457
58.72000 1.112
58.74000 -1.356
58.76000 0.230
58.78000 3.759
58.80000 0.522
58.82000 1.342
58.84000 2.799
58.86000 3.834
58.88000 0.622
58.90000 0.678
58.92000 0.225
58.94000 -1.048
58.96000 1.023
58.98000 -2.723
59.00000 0.517
59.02000 4.969
59.04000 0.807
59.06000 3.022
59.08000 3.975
59.10000 3.032
59.12000 1.634
59.14000 -0.229
59.16000 2.807
59.18000 2.271
59.20000 3.195
59.22000 6.026
59.24000 1.794
59.26000 2.856
59.28000 2.528
59.30000 2.643
59.32000 5.175
59.34000 -0.303
59.36000 -2.038
59.38000 -1.388
59.40000 -0.817
59.42000 7.241
59.44000 3.864
59.46000 -0.311
59.48000 -0.237
59.50000 -2.349
59.52000 6.183
59.54000 2.731
59.56000 0.166
59.58000 -0.203
59.60000 0.719
59.62000 0.403
59.64000 2.108
59.66000 5.583
59.68000 5.742
59.70000 -1.464
59.72000 -0.485
59.74000 2.211
59.76000 1.684
59.78000 1.483
59.80000 1.349
59.82000 0.595
59.84000 0.715
59.86000 0.273
59.88000 5.401
59.90000 5.169
59.92000 3.873
59.94000 -1.036
59.96000 3.928
59.98000 8.856
60.00000 9.909
60.02000 4.526
60.04000 4.583
60.06000 6.046
60.08000 2.645
60.10000 3.242
60.12000 2.838
60.14000 3.765
60.16000 2.396
60.18000 6.646
60.20000 3.073
60.22000 2.870
60.24000 4.525
60.26000 0.650
60.28000 1.067
60.30000 1.262
60.32000 3.094
60.34000 6.554
60.36000 6.891
60.38000 3.902
60.40000 6.535
60.42000 5.376
60.44000 4.242
60.46000 7.118
60.48000 6.012
60.50000 4.696
60.52000 -0.738
60.54000 2.649
60.56000 2.287
60.58000 0.851
60.60000 3.866
60.62000 4.186
60.64000 4.353
60.66000 5.086
60.68000 0.004
60.70000 -2.615
60.72000 3.285
60.74000 5.305
60.76000 1.442
60.78000 0.423
60.80000 7.220
60.82000 4.885
60.84000 1.089
60.86000 2.939
60.88000 8.868
60.90000 8.493
60.92000 3.960
60.94000 3.714
60.96000 3.066
60.98000 5.980
61.00000 9.768
61.02000 7.435
61.04000 7.748
61.06000 0.172
61.08000 1.137
61.10000 4.072
61.12000 4.477
61.14000 3.544
61.16000 0.249
61.18000 0.309
61.20000 5.476
61.22000 7.269
61.24000 4.166
61.26000 -1.110
61.28000 -0.497
61.30000 4.061
61.32000 5.005
61.34000 2.845
61.36000 3.586
61.38000 1.725
61.40000 3.224
61.42000 -0.459
61.44000 0.484
61.46000 3.042
61.48000 5.548
61.50000 4.770
61.52000 4.378
61.54000 5.333
61.56000 2.625
61.58000 0.860
61.60000 -0.307
61.62000 -1.383
61.64000 4.149
61.66000 8.471
61.68000 5.840
61.70000 5.264
61.72000 2.406
61.74000 4.980
61.76000 4.357
61.78000 3.842
61.80000 0.979
61.82000 0.245
61.84000 2.547
61.86000 2.483
61.88000 2.019
61.90000 3.386
61.92000 0.721
61.94000 0.726
61.96000 0.307
61.98000 0.520
62.00000 3.846
62.02000 3.913
62.04000 2.689
62.06000 4.467
62.08000 4.636
62.10000 5.335
62.12000 4.493
62.14000 7.399
62.16000 7.444
62.18000 1.987
62.20000 2.305
62.22000 6.001
62.24000 8.657
62.26000 8.702
62.28000 8.387
62.30000 10.136
62.32000 4.797
62.34000 -2.585
62.36000 3.558
62.38000 3.381
62.40000 4.480
62.42000 3.263
62.44000 2.093
62.46000 4.257
62.48000 0.889
62.50000 0.921
62.52000 3.502
62.54000 2.847
62.56000 0.626
62.58000 4.707
62.60000 3.909
62.62000 2.998
62.64000 3.620
62.66000 1.088
62.68000 5.538
62.70000 8.339
62.72000 5.017
62.74000 2.692
62.76000 2.416
62.78000 5.287
62.80000 2.418
62.82000 1.110
62.84000 2.248
62.86000 1.817
62.88000 7.454
62.90000 7.222
62.92000 4.462
62.94000 3.403
62.96000 3.325
62.98000 3.190
63.00000 4.244
63.02000 2.787
63.04000 1.154
63.06000 1.093
63.08000 0.746
63.10000 3.516
63.12000 3.787
63.14000 6.506
63.16000 4.642
63.18000 2.732
63.20000 3.687
63.22000 3.758
63.24000 3.641
63.26000 4.187
63.28000 -1.605
63.30000 -2.583
63.32000 1.274
63.34000 0.931
63.36000 0.740
63.38000 0.386
63.40000 0.725
63.42000 3.123
63.44000 3.216
63.46000 6.238
63.48000 6.177
63.50000 9.061
63.52000 5.123
63.54000 6.186
63.56000 3.538
63.58000 1.130
63.60000 2.913
63.62000 0.837
63.64000 2.367
63.66000 3.280
63.68000 -1.268
63.70000 1.671
63.72000 1.478
63.74000 2.014
63.76000 2.448
63.78000 3.943
63.80000 3.829
63.82000 5.603
63.84000 5.360
63.86000 4.022
63.88000 5.835
63.90000 3.766
63.92000 4.291
63.94000 6.070
63.96000 7.004
63.98000 4.630
64.00000 0.505
64.02000 0.318
64.04000 -1.547
64.06000 -2.604
64.08000 6.979
64.10000 6.329
64.12000 2.788
64.14000 -0.293
64.16000 0.330
64.18000 2.505
64.20000 3.136
64.22000 4.016
64.24000 4.103
64.26000 3.062
64.28000 5.751
64.30000 4.087
64.32000 -0.062
64.34000 5.050
64.36000 5.589
64.38000 5.349
64.40000 5.089
64.42000 4.596
64.44000 -0.875
64.46000 3.176
64.48000 3.883
64.50000 2.046
64.52000 -2.609
64.54000 -0.278
64.56000 3.117
64.58000 6.303
64.60000 3.664
64.62000 2.672
64.64000 4.999
64.66000 5.585
64.68000 -0.337
64.70000 1.389
64.72000 5.146
64.74000 4.697
64.76000 3.470
64.78000 5.134
64.80000 4.602
64.82000 4.311
64.84000 4.244
64.86000 1.369
64.88000 0.471
64.90000 1.766
64.92000 4.820
64.94000 6.077
64.96000 6.747
64.98000 7.530
65.00000 -0.985
65.02000 -2.614
65.04000 3.651
65.06000 6.013
65.08000 3.314
65.10000 2.078
65.12000 4.528
65.14000 2.961
65.16000 3.601
65.18000 1.913
65.20000 0.736
65.22000 0.000
65.24000 6.647
65.26000 1.753
65.28000 1.074
65.30000 1.137
65.32000 3.293
65.34000 1.949
65.36000 6.468
65.38000 7.121
65.40000 4.011
65.42000 1.434
65.44000 2.951
65.46000 1.883
65.48000 2.824
65.50000 2.320
65.52000 3.219
65.54000 6.098
65.56000 0.649
65.58000 1.118
65.60000 4.734
65.62000 4.079
65.64000 6.852
65.66000 9.644
65.68000 4.315
65.70000 3.296
65.72000 1.229
65.74000 3.302
65.76000 0.962
65.78000 2.390
65.80000 3.958
65.82000 3.712
65.84000 1.987
65.86000 2.289
65.88000 2.918
65.90000 4.898
65.92000 5.021
65.94000 3.080
65.96000 1.347
65.98000 4.383
66.00000 6.727
66.02000 3.637
66.04000 0.639
66.06000 -0.052
66.08000 1.386
66.10000 1.714
66.12000 3.363
66.14000 4.373
66.16000 3.861
66.18000 6.798
66.20000 2.320
66.22000 3.024
66.24000 4.775
66.26000 5.421
66.28000 6.503
66.30000 6.207
66.32000 1.721
66.34000 3.091
66.36000 1.676
66.38000 -0.494
66.40000 -2.653
66.42000 2.737
66.44000 7.775
66.46000 3.381
66.48000 3.893
66.50000 6.195
66.52000 5.547
66.54000 10.505
66.56000 5.549
66.58000 5.458
66.60000 5.782
66.62000 5.202
66.64000 7.146
66.66000 5.451
66.68000 5.039
66.70000 4.417
66.72000 2.841
66.74000 5.567
66.76000 5.573
66.78000 3.391
66.80000 1.864
66.82000 4.186
66.84000 6.114
66.86000 4.823
66.88000 4.595
66.90000 6.455
66.92000 -0.851
66.94000 -0.900
66.96000 -0.041
66.98000 3.805
67.00000 4.539
67.02000 9.045
67.04000 6.567
67.06000 2.613
67.08000 5.902
67.10000 7.861
67.12000 7.023
67.14000 7.861
67.16000 10.529
67.18000 9.230
67.20000 9.881
67.22000 7.685
67.24000 9.147
67.26000 9.992
67.28000 13.434
67.30000 7.728
67.32000 6.764
67.34000 5.794
67.36000 9.691
67.38000 14.976
67.40000 10.974
67.42000 9.834
67.44000 13.953
67.46000 11.827
67.48000 15.272
67.50000 13.764
67.52000 12.827
67.54000 10.616
67.56000 13.300
67.58000 14.627
67.60000 12.421
67.62000 14.338
67.64000 16.904
67.66000 16.945
67.68000 14.537
67.70000 12.301
67.72000 11.470
67.74000 15.098
67.76000 18.069
67.78000 19.453
67.80000 17.973
67.82000 18.570
67.84000 20.480
67.86000 22.483
67.88000 21.251
67.90000 17.469
67.92000 18.548
67.94000 21.932
67.96000 24.308
67.98000 22.892
68.00000 20.378
68.02000 17.351
68.04000 15.681
68.06000 15.171
68.08000 18.056
68.10000 22.491
68.12000 22.472
68.14000 24.352
68.16000 22.930
68.18000 23.872
68.20000 23.143
68.22000 22.819
68.24000 24.083
68.26000 24.460
68.28000 24.502
68.30000 23.125
68.32000 19.599
68.34000 21.736
68.36000 20.748
68.38000 21.984
68.40000 22.685
68.42000 27.325
68.44000 26.994
68.46000 25.691
68.48000 21.907
68.50000 27.355
68.52000 26.073
68.54000 21.235
68.56000 19.753
68.58000 20.300
68.60000 23.225
68.62000 24.559
68.64000 21.016
68.66000 17.836
68.68000 15.374
68.70000 14.866
68.72000 16.181
68.74000 16.457
68.76000 15.273
68.78000 14.125
68.80000 11.250
68.82000 15.334
68.84000 13.865
68.86000 8.340
68.88000 16.073
68.90000 17.379
68.92000 13.591
68.94000 13.535
68.96000 10.336
68.98000 8.186
69.00000 13.015
69.02000 11.118
69.04000 11.842
69.06000 10.862
69.08000 8.735
69.10000 10.409
69.12000 11.043
69.14000 11.880
69.16000 9.119
69.18000 9.909
69.20000 7.196
69.22000 6.384
69.24000 6.382
69.26000 10.837
69.28000 3.645
69.30000 6.762
69.32000 5.512
69.34000 3.921
69.36000 -0.986
69.38000 4.181
69.40000 9.727
69.42000 5.480
69.44000 1.731
69.46000 3.145
69.48000 4.375
69.50000 1.148
69.52000 0.199
69.54000 -0.594
69.56000 2.761
69.58000 0.229
69.60000 1.618
69.62000 1.114
69.64000 2.498
69.66000 2.648
69.68000 5.892
69.70000 3.641
69.72000 3.314
69.74000 7.193
69.76000 3.831
69.78000 2.108
69.80000 -0.650
69.82000 0.093
69.84000 1.841
69.86000 2.777
69.88000 1.180
69.90000 0.836
69.92000 3.982
69.94000 4.448
69.96000 2.838
69.98000 -1.666
70.00000 -2.590
70.02000 2.222
70.04000 3.241
70.06000 3.138
70.08000 7.577
70.10000 5.414
70.12000 4.348
70.14000 4.660
70.16000 3.460
70.18000 3.757
70.20000 4.213
70.22000 0.976
70.24000 -1.854
70.26000 1.179
70.28000 0.152
70.30000 -2.210
70.32000 1.310
70.34000 4.114
70.36000 2.624
70.38000 -2.554
70.40000 2.656
70.42000 1.060
70.44000 -0.411
70.46000 -0.704
70.48000 1.290
70.50000 0.248
70.52000 1.524
70.54000 3.132
70.56000 2.229
70.58000 -2.541
70.60000 2.081
70.62000 3.137
70.64000 3.826
70.66000 3.621
70.68000 3.767
70.70000 1.436
70.72000 -0.967
70.74000 2.184
70.76000 2.278
70.78000 3.584
70.80000 0.766
70.82000 2.005
70.84000 7.248
70.86000 5.368
70.88000 1.430
70.90000 3.883
70.92000 2.121
70.94000 0.960
70.96000 -0.343
70.98000 1.053
71.00000 0.171
71.02000 2.694
71.04000 -0.651
71.06000 -2.346
71.08000 2.507
71.10000 4.433
71.12000 3.632
71.14000 1.093
71.16000 -1.918
71.18000 -1.920
71.20000 0.135
71.22000 3.772
71.24000 4.206
71.26000 3.343
71.28000 4.481
71.30000 0.620
71.32000 3.738
71.34000 2.083
71.36000 0.802
71.38000 2.248
71.40000 2.324
71.42000 0.624
71.44000 2.905
71.46000 4.512
71.48000 6.631
71.50000 4.197
71.52000 2.876
71.54000 2.679
71.56000 6.074
71.58000 4.594
71.60000 3.214
71.62000 2.416
71.64000 1.342
71.66000 4.584
71.68000 5.386
71.70000 9.564
71.72000 6.273
71.74000 5.222
71.76000 2.879
71.78000 6.479
71.80000 9.466
71.82000 7.045
71.84000 6.470
71.86000 8.688
71.88000 8.049
71.90000 6.386
71.92000 4.994
71.94000 2.558
71.96000 6.377
71.98000 7.119
72.00000 2.346
72.02000 -2.407
72.04000 -0.985
72.06000 4.621
72.08000 8.503
72.10000 4.978
72.12000 6.995
72.14000 6.591
72.16000 5.696
72.18000 7.634
72.20000 9.014
72.22000 3.429
72.24000 3.333
72.26000 1.535
72.28000 4.714
72.30000 3.643
72.32000 2.116
72.34000 2.467
72.36000 3.959
72.38000 2.278
72.40000 4.402
72.42000 5.950
72.44000 3.619
72.46000 1.776
72.48000 2.814
72.50000 2.990
72.52000 2.427
72.54000 3.546
72.56000 8.378
72.58000 8.992
72.60000 9.436
72.62000 8.595
72.64000 4.378
72.66000 6.639
72.68000 4.575
72.70000 0.989
72.72000 1.623
72.74000 1.000
72.76000 6.006
72.78000 2.709
72.80000 1.501
72.82000 3.431
72.84000 0.981
72.86000 2.178
72.88000 3.906
72.90000 0.678
72.92000 1.384
72.94000 3.126
72.96000 2.156
72.98000 0.795
73.00000 -1.382
73.02000 2.014
73.04000 0.378
73.06000 0.345
73.08000 3.569
73.10000 1.809
73.12000 3.836
73.14000 3.942
73.16000 0.003
73.18000 0.955
73.20000 1.947
73.22000 6.507
73.24000 4.094
73.26000 2.983
73.28000 0.745
73.30000 -1.117
73.32000 4.604
73.34000 5.351
73.36000 1.247
73.38000 -1.433
73.40000 0.875
73.42000 1.331
73.44000 2.916
73.46000 3.290
73.48000 4.203
73.50000 2.152
73.52000 2.692
73.54000 1.845
73.56000 0.275
73.58000 2.020
73.60000 -2.425
73.62000 -0.910
73.64000 -0.956
73.66000 4.791
73.68000 2.177
73.70000 4.510
73.72000 7.086
73.74000 2.490
73.76000 6.637
73.78000 5.207
73.80000 3.565
73.82000 2.108
73.84000 5.065
73.86000 6.911
73.88000 5.273
73.90000 4.164
73.92000 7.449
73.94000 3.340
73.96000 1.235
73.98000 0.388
74.00000 2.934
74.02000 2.276
74.04000 4.474
74.06000 0.266
74.08000 3.359
74.10000 1.374
74.12000 0.739
74.14000 0.312
74.16000 4.352
74.18000 4.251
74.20000 5.659
74.22000 3.471
74.24000 3.797
74.26000 1.993
74.28000 3.384
74.30000 2.118
74.32000 2.520
74.34000 7.202
74.36000 4.792
74.38000 2.334
74.40000 7.495
74.42000 8.465
74.44000 5.954
74.46000 4.492
74.48000 2.619
74.50000 3.401
74.52000 3.995
74.54000 -1.601
74.56000 -2.384
74.58000 1.208
74.60000 4.437
74.62000 4.907
74.64000 3.288
74.66000 3.045
74.68000 7.181
74.70000 4.506
74.72000 7.266
74.74000 3.696
74.76000 6.158
74.78000 5.435
74.80000 4.832
74.82000 2.813
74.84000 5.297
74.86000 3.843
74.88000 8.355
74.90000 3.936
74.92000 4.092
74.94000 5.823
74.96000 4.135
74.98000 3.506
75.00000 7.258
75.02000 3.515
75.04000 3.183
75.06000 7.873
75.08000 7.829
75.10000 0.369
75.12000 2.453
75.14000 3.265
75.16000 3.868
75.18000 3.770
75.20000 5.907
75.22000 7.749
75.24000 7.547
75.26000 7.117
75.28000 5.340
75.30000 1.694
75.32000 3.247
75.34000 5.182
75.36000 7.238
75.38000 2.950
75.40000 -0.112
75.42000 1.249
75.44000 2.960
75.46000 6.243
75.48000 6.561
75.50000 5.822
75.52000 8.671
75.54000 6.447
75.56000 6.509
75.58000 4.987
75.60000 0.484
75.62000 1.671
75.64000 5.204
75.66000 2.751
75.68000 3.422
75.70000 3.347
75.72000 6.904
75.74000 5.805
75.76000 4.999
75.78000 4.600
75.80000 5.155
75.82000 2.845
75.84000 3.360
75.86000 4.471
75.88000 -1.539
75.90000 0.928
75.92000 5.963
75.94000 9.001
75.96000 1.418
75.98000 1.282
76.00000 -2.393
76.02000 -0.966
76.04000 0.179
76.06000 3.299
76.08000 2.405
76.10000 1.069
76.12000 5.265
76.14000 2.419
76.16000 5.207
76.18000 1.481
76.20000 -1.669
76.22000 0.806
76.24000 6.526
76.26000 6.297
76.28000 6.777
76.30000 8.699
76.32000 8.489
76.34000 2.199
76.36000 4.836
76.38000 4.942
76.40000 5.453
76.42000 6.997
76.44000 0.352
76.46000 3.842
76.48000 4.110
76.50000 3.920
76.52000 5.834
76.54000 7.379
76.56000 1.212
76.58000 5.435
76.60000 5.147
76.62000 2.533
76.64000 3.688
76.66000 1.170
76.68000 -0.581
76.70000 3.468
76.72000 8.722
76.74000 4.490
76.76000 5.182
76.78000 2.377
76.80000 4.259
76.82000 0.909
76.84000 2.207
76.86000 2.357
76.88000 0.247
76.90000 1.711
76.92000 -2.436
76.94000 0.589
76.96000 7.867
76.98000 7.727
77.00000 8.216
77.02000 6.996
77.04000 2.398
77.06000 1.383
77.08000 4.646
77.10000 1.451
77.12000 5.269
77.14000 2.803
77.16000 5.275
77.18000 7.104
77.20000 4.578
77.22000 5.005
77.24000 3.635
77.26000 0.697
77.28000 1.329
77.30000 6.335
77.32000 5.591
77.34000 3.961
77.36000 0.529
77.38000 3.729
77.40000 0.051
77.42000 -2.446
77.44000 -1.713
77.46000 -1.066
77.48000 0.769
77.50000 1.751
77.52000 0.651
77.54000 5.619
77.56000 0.040
77.58000 2.158
77.60000 3.801
77.62000 4.301
77.64000 4.372
77.66000 6.632
77.68000 5.795
77.70000 5.286
77.72000 3.663
77.74000 9.520
77.76000 5.733
77.78000 2.030
77.80000 0.406
77.82000 6.352
77.84000 6.982
77.86000 5.138
77.88000 5.749
77.90000 1.853
77.92000 0.216
77.94000 -1.696
77.96000 1.909
77.98000 5.208
78.00000 7.467
78.02000 8.116
78.04000 3.777
78.06000 -0.542
78.08000 4.509
78.10000 3.899
78.12000 2.919
78.14000 2.051
78.16000 4.508
78.18000 3.543
78.20000 -1.041
78.22000 -2.408
78.24000 -1.281
78.26000 2.324
78.28000 5.558
78.30000 4.798
78.32000 7.080
78.34000 8.514
78.36000 3.508
78.38000 2.352
78.40000 4.597
78.42000 10.042
78.44000 2.837
78.46000 3.453
78.48000 5.768
78.50000 0.542
78.52000 -0.334
78.54000 9.417
78.56000 6.557
78.58000 4.531
78.60000 -1.013
78.62000 1.959
78.64000 6.009
78.66000 3.358
78.68000 1.785
78.70000 4.586
78.72000 6.162
78.74000 3.234
78.76000 -2.463
78.78000 0.516
78.80000 1.566
78.82000 4.615
78.84000 3.293
78.86000 5.626
78.88000 11.850
78.90000 7.847
78.92000 4.332
78.94000 3.812
78.96000 6.050
78.98000 6.660
79.00000 4.220
79.02000 -2.477
79.04000 -0.138
79.06000 1.717
79.08000 2.522
79.10000 2.759
79.12000 5.505
79.14000 8.946
79.16000 7.574
79.18000 11.271
79.20000 6.813
79.22000 6.933
79.24000 2.650
79.26000 1.271
79.28000 4.558
79.30000 3.667
79.32000 1.767
79.34000 0.145
79.36000 4.717
79.38000 8.671
79.40000 3.407
79.42000 -0.554
79.44000 1.792
79.46000 1.595
79.48000 2.016
79.50000 2.131
79.52000 2.065
79.54000 4.914
79.56000 -1.450
79.58000 -2.527
79.60000 0.598
79.62000 -0.507
79.64000 1.248
79.66000 0.762
79.68000 0.386
79.70000 -0.292
79.72000 2.113
79.74000 3.542
79.76000 2.356
79.78000 2.097
79.80000 0.044
79.82000 -2.212
79.84000 1.250
79.86000 2.315
79.88000 2.623
79.90000 4.445
79.92000 0.204
79.94000 3.775
79.96000 1.029
79.98000 0.958
80.00000 1.772
80.02000 -0.174
80.04000 0.815
80.06000 2.639
80.08000 5.591
80.10000 1.903
80.12000 0.667
80.14000 -1.220
80.16000 3.684
80.18000 3.542
80.20000 0.319
80.22000 -0.107
80.24000 3.961
80.26000 9.297
80.28000 8.989
80.30000 6.035
80.32000 5.198
80.34000 5.536
80.36000 3.726
80.38000 5.172
80.40000 2.735
80.42000 -1.696
80.44000 2.650
80.46000 1.257
80.48000 -1.081
80.50000 -1.275
80.52000 -1.316
80.54000 2.904
80.56000 -0.356
80.58000 -1.994
80.60000 -0.608
80.62000 0.253
80.64000 -0.039
80.66000 -1.180
80.68000 0.587
80.70000 6.570
80.72000 2.011
80.74000 -0.304
80.76000 3.677
80.78000 -0.018
80.80000 -1.386
80.82000 1.648
80.84000 6.985
80.86000 10.620
80.88000 7.707
80.90000 8.252
80.92000 8.482
80.94000 5.356
80.96000 6.409
80.98000 10.419
81.00000 3.970
81.02000 2.342
81.04000 6.284
81.06000 9.039
81.08000 5.876
81.10000 7.483
81.12000 5.841
81.14000 2.143
81.16000 5.755
81.18000 9.153
81.20000 9.423
81.22000 7.666
81.24000 8.454
81.26000 3.280
81.28000 4.958
81.30000 6.613
81.32000 7.139
81.34000 9.595
81.36000 14.189
81.38000 11.986
81.40000 10.733
81.42000 10.509
81.44000 11.540
81.46000 10.343
81.48000 6.950
81.50000 13.103
81.52000 10.824
81.54000 12.056
81.56000 9.119
81.58000 10.171
81.60000 10.341
81.62000 13.769
81.64000 16.971
81.66000 14.186
81.68000 9.004
81.70000 8.372
81.72000 14.900
81.74000 16.197
81.76000 15.791
81.78000 11.733
81.80000 12.720
81.82000 16.995
81.84000 13.206
81.86000 13.530
81.88000 18.495
81.90000 14.196
81.92000 14.256
81.94000 14.452
81.96000 15.946
81.98000 15.011
82.00000 16.183
82.02000 22.957
82.04000 27.844
82.06000 25.766
82.08000 23.281
82.10000 15.497
82.12000 11.564
82.14000 16.797
82.16000 22.655
82.18000 23.259
82.20000 22.346
82.22000 22.770
82.24000 22.896
82.26000 21.979
82.28000 23.288
82.30000 23.877
82.32000 20.269
82.34000 15.678
82.36000 18.023
82.38000 22.565
82.40000 21.581
82.42000 21.278
82.44000 22.209
82.46000 29.284
82.48000 30.863
82.50000 22.538
82.52000 19.058
82.54000 17.573
82.56000 18.388
82.58000 24.573
82.60000 25.148
82.62000 21.221
82.64000 16.998
82.66000 14.766
82.68000 17.878
82.70000 29.864
82.72000 25.175
82.74000 21.046
82.76000 15.593
82.78000 19.271
82.80000 17.937
82.82000 22.991
82.84000 18.284
82.86000 18.106
82.88000 22.888
82.90000 19.705
82.92000 18.937
82.94000 19.683
82.96000 16.057
82.98000 20.066
83.00000 23.756
83.02000 16.492
83.04000 11.804
83.06000 19.071
83.08000 17.927
83.10000 17.802
83.12000 7.059
83.14000 6.798
83.16000 12.338
83.18000 17.624
83.20000 19.703
83.22000 12.772
83.24000 10.315
83.26000 10.082
83.28000 12.590
83.30000 11.279
83.32000 8.613
83.34000 14.224
83.36000 11.669
83.38000 7.982
83.40000 7.331
83.42000 6.919
83.44000 10.119
83.46000 11.185
83.48000 15.351
83.50000 14.319
83.52000 10.805
83.54000 10.252
83.56000 5.758
83.58000 3.192
83.60000 4.071
83.62000 9.155
83.64000 12.940
83.66000 4.360
83.68000 6.515
83.70000 10.623
83.72000 6.759
83.74000 5.045
83.76000 4.389
83.78000 0.899
83.80000 2.691
83.82000 1.690
83.84000 4.231
83.86000 8.767
83.88000 4.592
83.90000 4.009
83.92000 3.894
83.94000 5.039
83.96000 4.696
83.98000 5.138
84.00000 5.006
84.02000 4.959
84.04000 1.604
84.06000 1.720
84.08000 0.669
84.10000 7.699
84.12000 6.401
84.14000 2.339
84.16000 3.081
84.18000 10.090
84.20000 9.204
84.22000 5.242
84.24000 0.812
84.26000 4.605
84.28000 2.987
84.30000 2.361
84.32000 5.402
84.34000 5.467
84.36000 9.254
84.38000 6.162
84.40000 0.486
84.42000 -2.563
84.44000 -0.037
84.46000 5.511
84.48000 6.633
84.50000 0.484
84.52000 4.433
84.54000 11.097
84.56000 8.184
84.58000 3.432
84.60000 3.017
84.62000 6.410
84.64000 4.571
84.66000 3.797
84.68000 2.811
84.70000 3.755
84.72000 2.276
84.74000 2.771
84.76000 -0.301
84.78000 0.671
84.80000 -0.083
84.82000 2.066
84.84000 2.691
84.86000 1.573
84.88000 0.431
84.90000 2.195
84.92000 4.357
84.94000 5.985
84.96000 3.773
84.98000 1.930
85.00000 0.709
85.02000 -0.732
85.04000 5.380
85.06000 4.694
85.08000 4.023
85.10000 0.979
85.12000 -2.548
85.14000 1.420
85.16000 5.659
85.18000 5.802
85.20000 3.428
85.22000 -0.020
85.24000 2.720
85.26000 3.589
85.28000 -2.130
85.30000 0.154
85.32000 2.783
85.34000 1.907
85.36000 4.251
85.38000 1.272
85.40000 1.773
85.42000 1.416
85.44000 3.570
85.46000 6.137
85.48000 6.690
85.50000 10.155
85.52000 11.106
85.54000 4.609
85.56000 4.823
85.58000 2.754
85.60000 0.145
85.62000 5.185
85.64000 6.155
85.66000 6.219
85.68000 8.497
85.70000 6.805
85.72000 6.353
85.74000 6.199
85.76000 7.293
85.78000 14.276
85.80000 13.606
85.82000 10.572
85.84000 9.821
85.86000 13.996
85.88000 14.373
85.90000 12.413
85.92000 9.817
85.94000 9.349
85.96000 8.503
85.98000 12.128
86.00000 12.118
86.02000 12.024
86.04000 14.382
86.06000 10.195
86.08000 16.268
86.10000 15.979
86.12000 17.764
86.14000 17.418
86.16000 14.388
86.18000 17.256
86.20000 17.227
86.22000 16.278
86.24000 18.764
86.26000 20.171
86.28000 20.553
86.30000 17.958
86.32000 21.263
86.34000 19.935
86.36000 16.186
86.38000 16.673
86.40000 23.350
86.42000 24.234
86.44000 25.837
86.46000 20.779
86.48000 22.932
86.50000 27.022
86.52000 24.418
86.54000 27.466
86.56000 25.125
86.58000 21.864
86.60000 29.323
86.62000 29.297
86.64000 29.675
86.66000 32.973
86.68000 26.618
86.70000 23.026
86.72000 19.771
86.74000 19.866
86.76000 24.525
86.78000 23.977
86.80000 30.875
86.82000 25.405
86.84000 27.658
86.86000 28.719
86.88000 27.751
86.90000 29.482
86.92000 28.665
86.94000 25.850
86.96000 21.016
86.98000 18.226
87.00000 18.668
87.02000 26.327
87.04000 28.803
87.06000 26.106
87.08000 21.975
87.10000 21.447
87.12000 17.006
87.14000 23.612
87.16000 20.692
87.18000 24.273
87.20000 20.873
87.22000 17.327
87.24000 20.393
87.26000 21.616
87.28000 14.560
87.30000 17.168
87.32000 23.793
87.34000 20.682
87.36000 23.512
87.38000 19.063
87.40000 14.525
87.42000 18.869
87.44000 20.868
87.46000 13.543
87.48000 18.559
87.50000 17.862
87.52000 15.975
87.54000 16.531
87.56000 17.453
87.58000 12.944
87.60000 12.012
87.62000 11.692
87.64000 8.591
87.66000 6.834
87.68000 11.072
87.70000 13.053
87.72000 15.458
87.74000 10.212
87.76000 9.268
87.78000 12.892
87.80000 14.270
87.82000 14.269
87.84000 16.953
87.86000 12.316
87.88000 6.313
87.90000 6.679
87.92000 5.966
87.94000 3.728
87.96000 2.414
87.98000 5.824
88.00000 8.616
88.02000 8.141
88.04000 7.124
88.06000 4.295
88.08000 9.040
88.10000 8.249
88.12000 6.647
88.14000 2.408
88.16000 3.735
88.18000 4.683
88.20000 2.670
88.22000 2.068
88.24000 7.048
88.26000 6.489
88.28000 4.781
88.30000 0.739
88.32000 -0.680
88.34000 0.418
88.36000 4.841
88.38000 0.964
88.40000 -2.374
88.42000 6.185
88.44000 3.614
88.46000 7.264
88.48000 5.174
88.50000 5.057
88.52000 2.686
88.54000 4.197
88.56000 6.593
88.58000 2.420
88.60000 4.590
88.62000 4.583
88.64000 1.266
88.66000 5.213
88.68000 7.321
88.70000 4.052
88.72000 2.059
88.74000 4.259
88.76000 2.147
88.78000 -0.597
88.80000 1.489
88.82000 4.197
88.84000 7.353
88.86000 11.383
88.88000 11.089
88.90000 11.320
88.92000 7.157
88.94000 2.604
88.96000 2.028
88.98000 4.983
89.00000 3.635
89.02000 6.243
89.04000 6.824
89.06000 -1.373
89.08000 -2.275
89.10000 3.101
89.12000 6.744
89.14000 6.053
89.16000 5.008
89.18000 2.997
89.20000 2.805
89.22000 5.266
89.24000 6.598
89.26000 5.410
89.28000 5.898
89.30000 6.295
89.32000 2.754
89.34000 2.666
89.36000 8.587
89.38000 8.746
89.40000 12.328
89.42000 9.566
89.44000 4.613
89.46000 1.950
89.48000 -1.171
89.50000 7.104
89.52000 9.942
89.54000 3.737
89.56000 4.024
89.58000 4.191
89.60000 5.400
89.62000 -2.283
89.64000 3.473
89.66000 -0.610
89.68000 4.117
89.70000 5.360
89.72000 0.968
89.74000 0.248
89.76000 4.408
89.78000 4.428
89.80000 6.488
89.82000 5.943
89.84000 7.123
89.86000 8.143
89.88000 5.579
89.90000 2.666
89.92000 0.902
89.94000 3.773
89.96000 4.912
89.98000 3.430
90.00000 4.337
90.02000 6.097
90.04000 6.267
90.06000 6.865
90.08000 2.160
90.10000 1.159
90.12000 5.704
90.14000 2.012
90.16000 0.775
90.18000 -2.282
90.20000 8.578
90.22000 9.851
90.24000 5.290
90.26000 4.682
90.28000 3.374
90.30000 0.167
90.32000 -2.253
90.34000 3.133
90.36000 4.788
90.38000 7.924
90.40000 5.126
90.42000 5.020
90.44000 4.241
90.46000 6.943
90.48000 5.662
90.50000 5.045
90.52000 4.504
90.54000 3.480
90.56000 6.395
90.58000 2.492
90.60000 2.678
90.62000 4.629
90.64000 2.252
90.66000 -0.742
90.68000 1.919
90.70000 2.278
90.72000 2.652
90.74000 1.362
90.76000 3.388
90.78000 3.332
90.80000 4.508
90.82000 0.540
90.84000 -1.505
90.86000 1.039
90.88000 4.094
90.90000 3.447
90.92000 0.144
90.94000 3.303
90.96000 7.537
90.98000 8.045
91.00000 4.608
91.02000 4.918
91.04000 0.528
91.06000 1.204
91.08000 2.898
91.10000 1.941
91.12000 2.572
91.14000 7.516
91.16000 6.253
91.18000 2.401
91.20000 0.033
91.22000 -0.973
91.24000 -1.249
91.26000 2.262
91.28000 2.619
91.30000 2.102
91.32000 6.507
91.34000 8.790
91.36000 2.243
91.38000 5.627
91.40000 5.004
91.42000 0.394
91.44000 1.924
91.46000 6.889
91.48000 5.601
91.50000 2.380
91.52000 2.348
91.54000 1.930
91.56000 1.269
91.58000 -0.709
91.60000 1.905
91.62000 1.536
91.64000 5.768
91.66000 2.042
91.68000 0.347
91.70000 2.772
91.72000 1.262
91.74000 1.792
91.76000 -2.286
91.78000 0.962
91.80000 3.134
91.82000 5.367
91.84000 2.801
91.86000 3.692
91.88000 3.957
91.90000 6.915
91.92000 1.949
91.94000 1.234
91.96000 0.939
91.98000 4.652
92.00000 5.408
92.02000 1.941
92.04000 3.050
92.06000 4.959
92.08000 2.894
92.10000 2.032
92.12000 6.858
92.14000 10.984
92.16000 3.539
92.18000 2.163
92.20000 2.433
92.22000 7.629
92.24000 2.516
92.26000 2.351
92.28000 1.314
92.30000 4.808
92.32000 0.470
92.34000 1.238
92.36000 0.917
92.38000 -2.308
92.40000 4.008
92.42000 5.186
92.44000 1.990
92.46000 2.239
92.48000 -0.762
92.50000 4.529
92.52000 6.045
92.54000 8.293
92.56000 5.243
92.58000 5.239
92.60000 3.411
92.62000 3.228
92.64000 -1.988
92.66000 -2.312
92.68000 -2.054
92.70000 -2.113
92.72000 3.414
92.74000 3.747
92.76000 2.354
92.78000 1.871
92.80000 -0.609
92.82000 0.277
92.84000 3.925
92.86000 5.033
92.88000 4.004
92.90000 3.354
92.92000 3.770
92.94000 5.334
92.96000 3.574
92.98000 4.831
93.00000 1.909
93.02000 -0.285
93.04000 2.449
93.06000 5.180
93.08000 3.880
93.10000 3.285
93.12000 3.257
93.14000 4.261
93.16000 0.604
93.18000 3.328
93.20000 2.816
93.22000 2.677
93.24000 8.691
93.26000 7.229
93.28000 5.772
93.30000 4.369
93.32000 0.795
93.34000 0.500
93.36000 1.835
93.38000 6.898
93.40000 0.879
93.42000 -1.367
93.44000 3.330
93.46000 7.119
93.48000 6.136
93.50000 2.583
93.52000 2.919
93.54000 3.843
93.56000 3.977
93.58000 4.305
93.60000 6.436
93.62000 1.809
93.64000 1.514
93.66000 1.053
93.68000 -2.294
93.70000 8.380
93.72000 5.734
93.74000 1.049
93.76000 2.758
93.78000 7.834
93.80000 8.379
93.82000 9.034
93.84000 2.780
93.86000 3.909
93.88000 7.601
93.90000 9.721
93.92000 6.352
93.94000 8.538
93.96000 6.672
93.98000 6.263
94.00000 3.884
94.02000 0.373
94.04000 2.851
94.06000 4.325
94.08000 7.807
94.10000 8.455
94.12000 5.640
94.14000 3.740
94.16000 2.463
94.18000 2.978
94.20000 5.605
94.22000 6.221
94.24000 6.400
94.26000 5.523
94.28000 10.750
94.30000 8.348
94.32000 8.174
94.34000 10.354
94.36000 10.059
94.38000 3.277
94.40000 1.887
94.42000 1.254
94.44000 1.041
94.46000 4.751
94.48000 -2.283
94.50000 2.449
94.52000 12.424
94.54000 10.790
94.56000 12.423
94.58000 8.564
94.60000 4.789
94.62000 5.227
94.64000 2.151
94.66000 2.776
94.68000 12.907
94.70000 6.479
94.72000 2.150
94.74000 -1.129
94.76000 1.174
94.78000 5.844
94.80000 5.018
94.82000 6.819
94.84000 9.691
94.86000 10.553
94.88000 8.055
94.90000 3.446
94.92000 3.766
94.94000 1.377
94.96000 1.211
94.98000 6.820
95.00000 12.868
95.02000 4.752
95.04000 4.286
95.06000 6.930
95.08000 7.621
95.10000 4.954
95.12000 1.144
95.14000 8.351
95.16000 7.783
95.18000 3.998
95.20000 9.057
95.22000 5.439
95.24000 8.470
95.26000 4.074
95.28000 2.838
95.30000 3.137
95.32000 4.527
95.34000 7.038
95.36000 6.764
95.38000 1.710
95.40000 5.614
95.42000 4.638
95.44000 7.525
95.46000 10.147
95.48000 7.592
95.50000 2.938
95.52000 5.695
95.54000 9.393
95.56000 9.845
95.58000 7.180
95.60000 2.625
95.62000 -2.270
95.64000 3.893
95.66000 3.437
95.68000 1.189
95.70000 -0.085
95.72000 4.148
95.74000 4.660
95.76000 1.365
95.78000 4.472
95.80000 3.636
95.82000 -0.565
95.84000 0.644
95.86000 2.418
95.88000 4.438
95.90000 5.517
95.92000 5.629
95.94000 7.348
95.96000 3.648
95.98000 7.157
96.00000 3.140
96.02000 1.837
96.04000 2.264
96.06000 0.069
96.08000 1.612
96.10000 -1.100
96.12000 1.644
96.14000 -2.269
96.16000 -0.577
96.18000 6.019
96.20000 5.836
96.22000 7.758
96.24000 6.055
96.26000 10.443
96.28000 9.557
96.30000 9.969
96.32000 10.765
96.34000 6.235
96.36000 -0.943
96.38000 -0.204
96.40000 7.332
96.42000 4.598
96.44000 4.390
96.46000 2.770
96.48000 0.318
96.50000 4.596
96.52000 8.608
96.54000 13.059
96.56000 13.764
96.58000 10.311
96.60000 0.524
96.62000 2.368
96.64000 6.867
96.66000 5.762
96.68000 3.621
96.70000 6.339
96.72000 3.075
96.74000 -2.308
96.76000 -0.258
96.78000 5.530
96.80000 11.635
96.82000 15.125
96.84000 15.135
96.86000 9.360
96.88000 2.533
96.90000 3.852
96.92000 0.554
96.94000 5.206
96.96000 9.169
96.98000 5.426
97.00000 6.619
97.02000 8.599
97.04000 2.531
97.06000 1.425
97.08000 5.859
97.10000 -2.300
97.12000 0.234
97.14000 3.089
97.16000 3.410
97.18000 2.758
97.20000 5.350
97.22000 9.689
97.24000 5.272
97.26000 12.197
97.28000 8.662
97.30000 5.305
97.32000 6.496
97.34000 7.261
97.36000 6.143
97.38000 5.209
97.40000 12.300
97.42000 8.761
97.44000 2.728
97.46000 8.186
97.48000 7.505
97.50000 2.704
97.52000 1.384
97.54000 4.737
97.56000 6.550
97.58000 11.751
97.60000 11.523
97.62000 7.579
97.64000 9.747
97.66000 2.917
97.68000 8.185
97.70000 11.146
97.72000 9.813
97.74000 5.780
97.76000 0.672
97.78000 11.195
97.80000 10.529
97.82000 2.423
97.84000 6.060
97.86000 9.158
97.88000 5.371
97.90000 3.231
97.92000 -2.244
97.94000 0.358
97.96000 4.146
97.98000 3.252
98.00000 6.951
98.02000 9.632
98.04000 5.851
98.06000 1.635
98.08000 5.028
98.10000 2.039
98.12000 -1.276
98.14000 4.313
98.16000 6.570
98.18000 4.190
98.20000 3.390
98.22000 7.465
98.24000 1.897
98.26000 4.647
98.28000 -1.392
98.30000 6.793
98.32000 20.329
98.34000 17.569
98.36000 12.001
98.38000 8.849
98.40000 1.937
98.42000 4.655
98.44000 8.806
98.46000 18.859
98.48000 14.101
98.50000 5.603
98.52000 7.850
98.54000 8.499
98.56000 5.611
98.58000 6.821
98.60000 8.335
98.62000 5.107
98.64000 7.399
98.66000 7.732
98.68000 6.107
98.70000 11.575
98.72000 7.563
98.74000 3.349
98.76000 3.655
98.78000 4.649
98.80000 5.169
98.82000 5.147
98.84000 5.452
98.86000 2.322
98.88000 10.541
98.90000 15.026
98.92000 8.623
98.94000 16.907
98.96000 16.564
98.98000 6.726
99.00000 -0.055
99.02000 5.442
99.04000 15.439
99.06000 12.474
99.08000 14.922
99.10000 7.675
99.12000 7.394
99.14000 11.295
99.16000 7.007
99.18000 7.899
99.20000 14.958
99.22000 9.076
99.24000 0.539
99.26000 4.916
99.28000 4.767
99.30000 5.106
99.32000 8.234
99.34000 13.501
99.36000 12.816
99.38000 9.001
99.40000 6.869
99.42000 1.449
99.44000 15.195
99.46000 15.160
99.48000 20.292
99.50000 24.391
99.52000 21.962
99.54000 19.783
99.56000 9.917
99.58000 5.967
99.60000 -2.104
99.62000 -2.725
99.64000 17.676
99.66000 20.167
99.68000 2.704
99.70000 4.996
99.72000 5.106
99.74000 11.723
99.76000 -2.302
99.78000 9.979
99.80000 15.517
99.82000 23.856
99.84000 16.625
99.86000 7.327
99.88000 18.254
99.90000 4.853
99.92000 1.535
99.94000 8.048
99.96000 10.397
99.98000 0.000
