'Id: "0011387" Comment: "Integrate frame 0011387_Au-Ir-Rh_Rh-rich_XRD-Mapping-213-0000.gfrmwith cursor Wedge Cursor #5" Operator: "B?rgel" Anode: "Cu" Wavelength: "1.5406" Scantype: "2Theta (TwoTheta)" TimePerStep: "1" X: "18" Y: "9" Z: "5.95" 
10.00000 0.000
10.02000 -1.082
10.04000 -3.826
10.06000 -3.640
10.08000 1.256
10.10000 -3.743
10.12000 4.169
10.14000 17.447
10.16000 13.018
10.18000 3.940
10.20000 0.819
10.22000 6.831
10.24000 16.464
10.26000 22.177
10.28000 16.620
10.30000 16.184
10.32000 12.340
10.34000 1.777
10.36000 8.046
10.38000 9.392
10.40000 6.439
10.42000 25.187
10.44000 28.064
10.46000 30.036
10.48000 15.791
10.50000 -4.279
10.52000 7.048
10.54000 14.059
10.56000 17.478
10.58000 10.215
10.60000 17.666
10.62000 22.779
10.64000 8.941
10.66000 10.556
10.68000 13.104
10.70000 22.445
10.72000 29.588
10.74000 20.276
10.76000 22.779
10.78000 22.591
10.80000 19.461
10.82000 13.913
10.84000 5.928
10.86000 13.404
10.88000 16.426
10.90000 18.390
10.92000 12.489
10.94000 17.992
10.96000 21.878
10.98000 10.643
11.00000 5.546
11.02000 10.750
11.04000 -1.843
11.06000 -1.800
11.08000 20.372
11.10000 25.935
11.12000 15.091
11.14000 1.956
11.16000 -1.448
11.18000 8.542
11.20000 14.912
11.22000 6.661
11.24000 11.689
11.26000 27.979
11.28000 21.974
11.30000 16.827
11.32000 19.966
11.34000 19.971
11.36000 16.984
11.38000 13.530
11.40000 18.787
11.42000 17.433
11.44000 16.792
11.46000 24.715
11.48000 8.586
11.50000 4.125
11.52000 18.167
11.54000 26.858
11.56000 28.704
11.58000 24.926
11.60000 24.638
11.62000 24.984
11.64000 23.330
11.66000 26.889
11.68000 27.904
11.70000 33.910
11.72000 35.014
11.74000 21.242
11.76000 16.293
11.78000 18.881
11.80000 19.969
11.82000 25.012
11.84000 29.038
11.86000 27.465
11.88000 28.297
11.90000 32.544
11.92000 22.363
11.94000 11.200
11.96000 6.957
11.98000 15.031
12.00000 12.819
12.02000 8.557
12.04000 27.621
12.06000 20.258
12.08000 12.107
12.10000 23.283
12.12000 17.424
12.14000 19.276
12.16000 28.615
12.18000 35.429
12.20000 30.965
12.22000 23.465
12.24000 12.616
12.26000 19.577
12.28000 17.734
12.30000 13.803
12.32000 16.235
12.34000 15.202
12.36000 24.295
12.38000 26.735
12.40000 30.177
12.42000 21.365
12.44000 13.223
12.46000 15.512
12.48000 20.704
12.50000 31.666
12.52000 31.467
12.54000 29.463
12.56000 22.505
12.58000 26.126
12.60000 25.376
12.62000 23.766
12.64000 25.211
12.66000 27.120
12.68000 25.685
12.70000 28.277
12.72000 28.155
12.74000 22.414
12.76000 24.451
12.78000 26.298
12.80000 32.642
12.82000 30.728
12.84000 26.556
12.86000 23.392
12.88000 23.409
12.90000 17.032
12.92000 19.932
12.94000 12.994
12.96000 10.433
12.98000 18.519
13.00000 23.240
13.02000 16.573
13.04000 17.010
13.06000 20.912
13.08000 15.684
13.10000 14.314
13.12000 19.814
13.14000 34.055
13.16000 31.147
13.18000 29.881
13.20000 19.760
13.22000 24.926
13.24000 17.965
13.26000 20.168
13.28000 17.928
13.30000 20.043
13.32000 17.597
13.34000 20.893
13.36000 19.894
13.38000 23.538
13.40000 23.762
13.42000 23.797
13.44000 14.838
13.46000 9.861
13.48000 12.129
13.50000 17.158
13.52000 16.314
13.54000 22.705
13.56000 21.777
13.58000 23.006
13.60000 23.030
13.62000 15.745
13.64000 26.725
13.66000 39.261
13.68000 33.741
13.70000 14.128
13.72000 15.953
13.74000 20.273
13.76000 18.875
13.78000 23.279
13.80000 19.349
13.82000 22.246
13.84000 18.353
13.86000 26.832
13.88000 19.363
13.90000 10.458
13.92000 12.957
13.94000 13.385
13.96000 20.590
13.98000 20.258
14.00000 21.550
14.02000 16.871
14.04000 13.262
14.06000 9.859
14.08000 15.090
14.10000 19.853
14.12000 19.726
14.14000 14.661
14.16000 11.962
14.18000 19.876
14.20000 14.816
14.22000 12.909
14.24000 6.555
14.26000 9.930
14.28000 11.199
14.30000 9.842
14.32000 14.831
14.34000 14.121
14.36000 12.391
14.38000 9.171
14.40000 11.377
14.42000 10.171
14.44000 13.750
14.46000 12.467
14.48000 16.552
14.50000 15.249
14.52000 17.600
14.54000 17.152
14.56000 16.543
14.58000 20.717
14.60000 4.715
14.62000 9.993
14.64000 10.098
14.66000 11.356
14.68000 18.516
14.70000 13.434
14.72000 15.910
14.74000 13.428
14.76000 10.384
14.78000 10.521
14.80000 7.209
14.82000 13.315
14.84000 17.466
14.86000 15.769
14.88000 10.958
14.90000 4.612
14.92000 2.067
14.94000 1.324
14.96000 8.622
14.98000 15.839
15.00000 8.489
15.02000 5.017
15.04000 4.757
15.06000 14.595
15.08000 10.741
15.10000 10.897
15.12000 4.863
15.14000 10.620
15.16000 12.567
15.18000 16.146
15.20000 9.266
15.22000 14.490
15.24000 14.657
15.26000 10.458
15.28000 14.876
15.30000 13.437
15.32000 6.235
15.34000 4.586
15.36000 9.181
15.38000 9.241
15.40000 8.557
15.42000 9.280
15.44000 11.330
15.46000 17.363
15.48000 11.543
15.50000 3.142
15.52000 8.985
15.54000 2.054
15.56000 4.465
15.58000 7.526
15.60000 8.901
15.62000 14.455
15.64000 9.763
15.66000 8.027
15.68000 7.639
15.70000 7.903
15.72000 16.298
15.74000 16.177
15.76000 13.514
15.78000 12.745
15.80000 12.753
15.82000 17.468
15.84000 18.238
15.86000 15.334
15.88000 5.990
15.90000 2.914
15.92000 9.013
15.94000 4.677
15.96000 4.100
15.98000 1.712
16.00000 3.329
16.02000 9.847
16.04000 -3.349
16.06000 -0.711
16.08000 2.492
16.10000 -0.095
16.12000 7.693
16.14000 15.675
16.16000 11.110
16.18000 10.665
16.20000 6.870
16.22000 12.371
16.24000 13.091
16.26000 11.676
16.28000 7.086
16.30000 3.263
16.32000 1.823
16.34000 5.604
16.36000 3.524
16.38000 11.745
16.40000 13.558
16.42000 0.607
16.44000 13.755
16.46000 14.232
16.48000 11.817
16.50000 9.241
16.52000 6.259
16.54000 4.256
16.56000 0.475
16.58000 6.984
16.60000 5.077
16.62000 2.423
16.64000 13.508
16.66000 5.237
16.68000 4.552
16.70000 6.308
16.72000 0.392
16.74000 -1.687
16.76000 5.716
16.78000 13.004
16.80000 10.055
16.82000 4.847
16.84000 14.352
16.86000 16.992
16.88000 7.246
16.90000 -3.257
16.92000 0.910
16.94000 6.839
16.96000 11.080
16.98000 6.327
17.00000 0.304
17.02000 9.108
17.04000 8.786
17.06000 6.039
17.08000 4.292
17.10000 -1.116
17.12000 -3.658
17.14000 7.598
17.16000 12.778
17.18000 5.851
17.20000 11.165
17.22000 9.240
17.24000 11.809
17.26000 13.229
17.28000 6.037
17.30000 3.784
17.32000 10.521
17.34000 13.398
17.36000 2.294
17.38000 -1.512
17.40000 0.592
17.42000 7.189
17.44000 6.465
17.46000 7.472
17.48000 9.508
17.50000 7.438
17.52000 2.869
17.54000 -2.143
17.56000 3.798
17.58000 6.690
17.60000 10.291
17.62000 5.356
17.64000 9.777
17.66000 11.548
17.68000 7.959
17.70000 5.287
17.72000 6.243
17.74000 4.104
17.76000 -0.079
17.78000 -1.280
17.80000 0.340
17.82000 2.332
17.84000 2.279
17.86000 6.780
17.88000 5.386
17.90000 15.265
17.92000 7.853
17.94000 5.919
17.96000 -3.397
17.98000 1.093
18.00000 -0.332
18.02000 -4.336
18.04000 0.374
18.06000 5.160
18.08000 8.136
18.10000 8.581
18.12000 8.922
18.14000 9.567
18.16000 10.826
18.18000 5.384
18.20000 5.717
18.22000 3.148
18.24000 0.865
18.26000 4.289
18.28000 2.095
18.30000 0.013
18.32000 5.023
18.34000 3.843
18.36000 -0.768
18.38000 3.348
18.40000 4.445
18.42000 6.216
18.44000 6.277
18.46000 15.010
18.48000 9.533
18.50000 5.204
18.52000 4.392
18.54000 6.229
18.56000 4.893
18.58000 6.986
18.60000 5.075
18.62000 4.302
18.64000 3.061
18.66000 3.860
18.68000 12.440
18.70000 7.243
18.72000 9.974
18.74000 10.328
18.76000 0.517
18.78000 -4.291
18.80000 2.065
18.82000 6.364
18.84000 5.679
18.86000 8.069
18.88000 12.672
18.90000 7.265
18.92000 7.406
18.94000 5.104
18.96000 1.573
18.98000 10.935
19.00000 14.173
19.02000 4.464
19.04000 8.035
19.06000 13.533
19.08000 9.178
19.10000 4.557
19.12000 1.158
19.14000 1.848
19.16000 6.826
19.18000 11.620
19.20000 8.412
19.22000 1.722
19.24000 7.277
19.26000 9.044
19.28000 6.831
19.30000 4.777
19.32000 0.159
19.34000 -0.038
19.36000 -2.224
19.38000 -0.077
19.40000 9.150
19.42000 11.372
19.44000 2.632
19.46000 0.769
19.48000 -2.136
19.50000 6.643
19.52000 8.933
19.54000 7.587
19.56000 0.154
19.58000 0.354
19.60000 8.567
19.62000 6.098
19.64000 4.143
19.66000 3.553
19.68000 4.505
19.70000 2.322
19.72000 8.900
19.74000 14.722
19.76000 13.985
19.78000 9.486
19.80000 -4.228
19.82000 -3.248
19.84000 1.874
19.86000 -0.963
19.88000 1.586
19.90000 2.301
19.92000 9.484
19.94000 15.630
19.96000 5.850
19.98000 11.756
20.00000 15.383
20.02000 1.451
20.04000 -4.208
20.06000 2.657
20.08000 0.295
20.10000 4.927
20.12000 5.165
20.14000 5.554
20.16000 3.188
20.18000 6.156
20.20000 6.016
20.22000 3.423
20.24000 7.362
20.26000 1.368
20.28000 4.203
20.30000 7.472
20.32000 10.000
20.34000 12.655
20.36000 4.199
20.38000 3.902
20.40000 5.764
20.42000 -1.235
20.44000 -1.703
20.46000 1.813
20.48000 7.740
20.50000 6.176
20.52000 1.201
20.54000 3.784
20.56000 3.035
20.58000 1.296
20.60000 5.664
20.62000 6.638
20.64000 7.151
20.66000 7.359
20.68000 9.048
20.70000 6.114
20.72000 0.917
20.74000 -2.732
20.76000 -1.937
20.78000 -1.230
20.80000 3.360
20.82000 -2.664
20.84000 1.478
20.86000 3.778
20.88000 2.610
20.90000 1.570
20.92000 4.132
20.94000 6.451
20.96000 1.786
20.98000 4.912
21.00000 9.593
21.02000 12.550
21.04000 6.508
21.06000 -4.028
21.08000 2.069
21.10000 3.211
21.12000 3.277
21.14000 5.008
21.16000 9.387
21.18000 4.638
21.20000 6.022
21.22000 7.989
21.24000 3.691
21.26000 0.673
21.28000 13.243
21.30000 9.640
21.32000 7.969
21.34000 4.709
21.36000 -0.841
21.38000 -4.153
21.40000 4.934
21.42000 5.866
21.44000 2.891
21.46000 8.033
21.48000 7.127
21.50000 6.801
21.52000 7.995
21.54000 8.269
21.56000 8.672
21.58000 6.963
21.60000 6.144
21.62000 9.231
21.64000 5.710
21.66000 -0.962
21.68000 4.917
21.70000 11.428
21.72000 6.629
21.74000 5.209
21.76000 7.433
21.78000 4.246
21.80000 -3.808
21.82000 -4.128
21.84000 0.083
21.86000 2.079
21.88000 3.971
21.90000 3.560
21.92000 3.973
21.94000 7.742
21.96000 1.701
21.98000 1.012
22.00000 6.515
22.02000 5.484
22.04000 3.799
22.06000 2.727
22.08000 -0.657
22.10000 -0.695
22.12000 1.346
22.14000 3.943
22.16000 1.868
22.18000 2.368
22.20000 2.799
22.22000 5.485
22.24000 5.124
22.26000 7.493
22.28000 4.273
22.30000 -0.107
22.32000 -0.301
22.34000 6.676
22.36000 3.650
22.38000 0.748
22.40000 -2.110
22.42000 -0.342
22.44000 3.091
22.46000 1.353
22.48000 6.590
22.50000 6.795
22.52000 8.400
22.54000 5.443
22.56000 5.931
22.58000 0.091
22.60000 4.111
22.62000 10.357
22.64000 4.304
22.66000 11.046
22.68000 11.546
22.70000 7.007
22.72000 1.605
22.74000 5.213
22.76000 7.670
22.78000 14.268
22.80000 12.785
22.82000 8.749
22.84000 5.955
22.86000 5.011
22.88000 6.511
22.90000 4.972
22.92000 1.219
22.94000 7.340
22.96000 6.304
22.98000 2.240
23.00000 -4.032
23.02000 3.010
23.04000 7.361
23.06000 4.088
23.08000 7.379
23.10000 4.287
23.12000 6.481
23.14000 11.332
23.16000 13.620
23.18000 9.819
23.20000 9.315
23.22000 4.662
23.24000 5.456
23.26000 11.043
23.28000 7.005
23.30000 4.882
23.32000 5.239
23.34000 1.337
23.36000 0.917
23.38000 3.009
23.40000 6.816
23.42000 6.937
23.44000 6.878
23.46000 5.104
23.48000 -0.033
23.50000 -0.209
23.52000 -2.539
23.54000 4.193
23.56000 6.816
23.58000 6.564
23.60000 7.004
23.62000 3.888
23.64000 7.535
23.66000 6.554
23.68000 7.345
23.70000 8.966
23.72000 13.703
23.74000 4.559
23.76000 5.041
23.78000 4.555
23.80000 1.661
23.82000 5.519
23.84000 8.532
23.86000 10.596
23.88000 4.250
23.90000 -0.495
23.92000 -2.945
23.94000 -4.001
23.96000 -0.439
23.98000 7.094
24.00000 3.371
24.02000 -0.205
24.04000 6.310
24.06000 7.343
24.08000 1.723
24.10000 9.599
24.12000 9.904
24.14000 7.995
24.16000 7.974
24.18000 6.862
24.20000 7.229
24.22000 5.891
24.24000 4.532
24.26000 1.653
24.28000 -1.129
24.30000 5.897
24.32000 6.425
24.34000 5.501
24.36000 2.170
24.38000 4.644
24.40000 7.568
24.42000 8.253
24.44000 1.772
24.46000 -0.562
24.48000 1.615
24.50000 0.286
24.52000 2.929
24.54000 0.871
24.56000 2.355
24.58000 3.417
24.60000 3.995
24.62000 0.054
24.64000 4.114
24.66000 -3.981
24.68000 -0.751
24.70000 7.960
24.72000 6.686
24.74000 1.655
24.76000 7.496
24.78000 2.509
24.80000 -0.898
24.82000 7.854
24.84000 5.887
24.86000 5.738
24.88000 3.773
24.90000 7.939
24.92000 4.641
24.94000 2.547
24.96000 3.246
24.98000 2.690
25.00000 0.636
25.02000 -1.441
25.04000 3.487
25.06000 3.070
25.08000 -3.965
25.10000 -3.030
25.12000 -0.070
25.14000 0.197
25.16000 1.468
25.18000 3.502
25.20000 2.075
25.22000 1.363
25.24000 2.352
25.26000 6.322
25.28000 1.829
25.30000 0.041
25.32000 -3.035
25.34000 5.996
25.36000 5.144
25.38000 2.381
25.40000 -1.653
25.42000 -1.863
25.44000 1.721
25.46000 4.694
25.48000 4.275
25.50000 0.235
25.52000 0.808
25.54000 2.153
25.56000 -1.159
25.58000 -1.932
25.60000 1.889
25.62000 -2.024
25.64000 2.530
25.66000 2.360
25.68000 3.499
25.70000 5.497
25.72000 3.800
25.74000 2.425
25.76000 3.730
25.78000 3.276
25.80000 10.897
25.82000 3.579
25.84000 -3.567
25.86000 -3.293
25.88000 3.835
25.90000 5.053
25.92000 6.051
25.94000 10.253
25.96000 9.311
25.98000 0.782
26.00000 1.567
26.02000 5.228
26.04000 4.211
26.06000 6.003
26.08000 4.616
26.10000 -1.605
26.12000 -0.080
26.14000 -1.153
26.16000 0.475
26.18000 2.083
26.20000 5.973
26.22000 2.883
26.24000 -1.231
26.26000 0.502
26.28000 1.998
26.30000 1.296
26.32000 1.162
26.34000 4.310
26.36000 6.396
26.38000 4.881
26.40000 3.173
26.42000 0.043
26.44000 -3.899
26.46000 1.565
26.48000 4.956
26.50000 3.828
26.52000 4.404
26.54000 4.789
26.56000 5.500
26.58000 5.903
26.60000 4.619
26.62000 2.953
26.64000 1.659
26.66000 -0.981
26.68000 1.155
26.70000 1.241
26.72000 -3.765
26.74000 -2.592
26.76000 3.119
26.78000 2.366
26.80000 2.651
26.82000 4.012
26.84000 1.849
26.86000 2.747
26.88000 -2.427
26.90000 1.597
26.92000 5.879
26.94000 5.918
26.96000 7.229
26.98000 11.896
27.00000 5.541
27.02000 2.196
27.04000 6.169
27.06000 3.738
27.08000 4.930
27.10000 4.687
27.12000 4.175
27.14000 6.154
27.16000 8.702
27.18000 6.606
27.20000 8.243
27.22000 3.259
27.24000 5.354
27.26000 9.266
27.28000 5.732
27.30000 4.164
27.32000 3.338
27.34000 -0.743
27.36000 3.719
27.38000 5.771
27.40000 4.372
27.42000 4.843
27.44000 3.447
27.46000 2.010
27.48000 8.125
27.50000 8.641
27.52000 8.269
27.54000 8.549
27.56000 4.262
27.58000 7.792
27.60000 6.184
27.62000 2.175
27.64000 0.887
27.66000 10.137
27.68000 11.030
27.70000 5.108
27.72000 4.660
27.74000 8.965
27.76000 10.097
27.78000 7.223
27.80000 7.017
27.82000 9.737
27.84000 7.547
27.86000 11.382
27.88000 7.954
27.90000 9.726
27.92000 14.632
27.94000 11.300
27.96000 10.754
27.98000 9.516
28.00000 10.758
28.02000 12.069
28.04000 6.897
28.06000 0.849
28.08000 -3.719
28.10000 0.392
28.12000 5.917
28.14000 7.037
28.16000 12.307
28.18000 7.737
28.20000 5.573
28.22000 12.299
28.24000 8.132
28.26000 8.307
28.28000 6.648
28.30000 6.151
28.32000 5.524
28.34000 9.631
28.36000 8.783
28.38000 5.046
28.40000 9.663
28.42000 9.825
28.44000 5.107
28.46000 5.514
28.48000 5.380
28.50000 4.856
28.52000 4.966
28.54000 4.724
28.56000 10.379
28.58000 13.004
28.60000 11.449
28.62000 6.463
28.64000 5.881
28.66000 7.342
28.68000 4.453
28.70000 1.695
28.72000 1.260
28.74000 6.929
28.76000 9.297
28.78000 8.416
28.80000 7.628
28.82000 10.048
28.84000 5.418
28.86000 8.746
28.88000 1.222
28.90000 1.490
28.92000 1.849
28.94000 8.873
28.96000 -0.470
28.98000 0.162
29.00000 3.541
29.02000 8.605
29.04000 9.453
29.06000 9.608
29.08000 9.652
29.10000 5.726
29.12000 6.849
29.14000 6.154
29.16000 4.507
29.18000 4.495
29.20000 -0.371
29.22000 2.556
29.24000 2.730
29.26000 1.560
29.28000 5.049
29.30000 4.894
29.32000 5.373
29.34000 10.015
29.36000 7.190
29.38000 0.383
29.40000 0.204
29.42000 0.404
29.44000 3.252
29.46000 10.585
29.48000 7.081
29.50000 4.704
29.52000 -1.691
29.54000 -3.690
29.56000 5.954
29.58000 6.209
29.60000 3.947
29.62000 4.622
29.64000 4.051
29.66000 0.911
29.68000 2.213
29.70000 2.865
29.72000 4.189
29.74000 5.220
29.76000 1.982
29.78000 -1.033
29.80000 2.847
29.82000 -0.580
29.84000 1.103
29.86000 6.075
29.88000 9.011
29.90000 9.268
29.92000 10.220
29.94000 9.324
29.96000 9.532
29.98000 4.065
30.00000 3.733
30.02000 6.725
30.04000 5.252
30.06000 4.632
30.08000 6.767
30.10000 3.457
30.12000 6.887
30.14000 9.769
30.16000 6.956
30.18000 3.772
30.20000 -3.644
30.22000 1.165
30.24000 7.154
30.26000 8.041
30.28000 7.903
30.30000 4.338
30.32000 8.711
30.34000 4.864
30.36000 5.158
30.38000 2.867
30.40000 3.737
30.42000 6.768
30.44000 1.805
30.46000 4.904
30.48000 9.699
30.50000 8.338
30.52000 7.668
30.54000 5.808
30.56000 4.183
30.58000 4.060
30.60000 7.268
30.62000 9.485
30.64000 2.810
30.66000 3.617
30.68000 2.925
30.70000 5.385
30.72000 8.661
30.74000 5.273
30.76000 5.102
30.78000 3.864
30.80000 4.585
30.82000 9.213
30.84000 7.286
30.86000 2.924
30.88000 0.844
30.90000 3.088
30.92000 8.538
30.94000 5.474
30.96000 2.495
30.98000 6.522
31.00000 4.721
31.02000 5.102
31.04000 8.387
31.06000 4.023
31.08000 3.049
31.10000 1.377
31.12000 1.905
31.14000 2.118
31.16000 1.623
31.18000 8.027
31.20000 7.774
31.22000 4.966
31.24000 1.570
31.26000 5.990
31.28000 7.506
31.30000 2.422
31.32000 0.650
31.34000 1.618
31.36000 7.022
31.38000 10.358
31.40000 7.247
31.42000 1.456
31.44000 1.419
31.46000 3.332
31.48000 1.781
31.50000 4.569
31.52000 8.048
31.54000 4.731
31.56000 5.289
31.58000 4.281
31.60000 -0.461
31.62000 1.055
31.64000 3.913
31.66000 5.558
31.68000 5.622
31.70000 4.619
31.72000 2.234
31.74000 3.919
31.76000 5.188
31.78000 8.297
31.80000 13.330
31.82000 9.290
31.84000 5.271
31.86000 5.068
31.88000 6.490
31.90000 8.652
31.92000 6.734
31.94000 9.012
31.96000 5.088
31.98000 5.041
32.00000 9.714
32.02000 9.202
32.04000 7.530
32.06000 10.372
32.08000 6.988
32.10000 4.485
32.12000 9.922
32.14000 8.544
32.16000 3.876
32.18000 5.945
32.20000 4.265
32.22000 6.091
32.24000 4.981
32.26000 4.352
32.28000 7.748
32.30000 6.029
32.32000 0.360
32.34000 -3.530
32.36000 0.974
32.38000 3.047
32.40000 5.308
32.42000 5.322
32.44000 3.290
32.46000 7.228
32.48000 12.303
32.50000 6.848
32.52000 3.093
32.54000 0.013
32.56000 0.107
32.58000 2.254
32.60000 2.744
32.62000 4.118
32.64000 3.191
32.66000 7.418
32.68000 4.753
32.70000 7.897
32.72000 6.519
32.74000 7.573
32.76000 5.345
32.78000 6.982
32.80000 5.205
32.82000 5.481
32.84000 2.955
32.86000 -0.519
32.88000 -2.552
32.90000 0.766
32.92000 5.414
32.94000 5.225
32.96000 6.780
32.98000 6.641
33.00000 6.361
33.02000 3.921
33.04000 7.954
33.06000 9.731
33.08000 5.988
33.10000 0.979
33.12000 -2.829
33.14000 1.314
33.16000 -2.623
33.18000 3.179
33.20000 6.311
33.22000 1.303
33.24000 5.530
33.26000 7.372
33.28000 8.145
33.30000 6.763
33.32000 5.510
33.34000 3.164
33.36000 2.179
33.38000 6.829
33.40000 8.196
33.42000 3.157
33.44000 5.025
33.46000 5.477
33.48000 8.024
33.50000 3.775
33.52000 2.553
33.54000 1.708
33.56000 3.355
33.58000 7.864
33.60000 9.242
33.62000 9.718
33.64000 4.488
33.66000 -3.412
33.68000 3.768
33.70000 3.177
33.72000 -0.090
33.74000 1.370
33.76000 3.399
33.78000 3.007
33.80000 1.182
33.82000 3.852
33.84000 5.055
33.86000 0.187
33.88000 3.261
33.90000 7.657
33.92000 7.765
33.94000 3.253
33.96000 2.748
33.98000 0.016
34.00000 0.478
34.02000 0.904
34.04000 0.006
34.06000 0.151
34.08000 3.119
34.10000 3.252
34.12000 5.570
34.14000 7.800
34.16000 7.061
34.18000 5.368
34.20000 4.835
34.22000 3.360
34.24000 -0.792
34.26000 -0.350
34.28000 -2.256
34.30000 1.543
34.32000 4.242
34.34000 -0.917
34.36000 3.056
34.38000 2.571
34.40000 5.150
34.42000 5.253
34.44000 8.042
34.46000 3.592
34.48000 -3.548
34.50000 2.027
34.52000 3.066
34.54000 -0.011
34.56000 0.838
34.58000 0.428
34.60000 5.104
34.62000 6.281
34.64000 1.689
34.66000 3.305
34.68000 -1.557
34.70000 1.954
34.72000 4.070
34.74000 7.766
34.76000 6.500
34.78000 4.286
34.80000 1.312
34.82000 1.784
34.84000 6.155
34.86000 3.923
34.88000 5.017
34.90000 5.442
34.92000 5.986
34.94000 1.883
34.96000 -0.200
34.98000 0.330
35.00000 -0.832
35.02000 -2.293
35.04000 -3.518
35.06000 1.435
35.08000 5.952
35.10000 1.691
35.12000 -0.608
35.14000 0.560
35.16000 2.640
35.18000 2.730
35.20000 2.822
35.22000 7.123
35.24000 5.408
35.26000 6.237
35.28000 2.607
35.30000 4.447
35.32000 7.187
35.34000 6.245
35.36000 4.952
35.38000 3.625
35.40000 3.464
35.42000 2.199
35.44000 1.423
35.46000 -1.098
35.48000 2.221
35.50000 3.828
35.52000 4.861
35.54000 2.167
35.56000 3.613
35.58000 0.973
35.60000 0.263
35.62000 2.697
35.64000 1.791
35.66000 0.822
35.68000 0.998
35.70000 -2.641
35.72000 4.101
35.74000 5.199
35.76000 4.475
35.78000 3.441
35.80000 1.881
35.82000 4.486
35.84000 1.264
35.86000 -0.638
35.88000 1.911
35.90000 6.183
35.92000 6.421
35.94000 4.585
35.96000 5.177
35.98000 0.290
36.00000 -2.199
36.02000 1.919
36.04000 1.626
36.06000 -3.517
36.08000 -2.062
36.10000 -2.102
36.12000 -0.785
36.14000 2.718
36.16000 7.495
36.18000 4.461
36.20000 3.006
36.22000 7.626
36.24000 3.742
36.26000 1.586
36.28000 0.379
36.30000 0.098
36.32000 7.328
36.34000 6.962
36.36000 0.976
36.38000 1.769
36.40000 1.348
36.42000 2.826
36.44000 5.732
36.46000 7.485
36.48000 2.801
36.50000 -2.262
36.52000 -2.210
36.54000 -2.450
36.56000 -2.385
36.58000 -1.718
36.60000 1.457
36.62000 3.676
36.64000 0.297
36.66000 0.081
36.68000 5.865
36.70000 5.459
36.72000 0.903
36.74000 3.368
36.76000 2.509
36.78000 6.968
36.80000 1.442
36.82000 3.997
36.84000 1.163
36.86000 1.645
36.88000 -1.138
36.90000 -2.182
36.92000 0.362
36.94000 0.073
36.96000 0.679
36.98000 3.652
37.00000 0.265
37.02000 -3.558
37.04000 -2.649
37.06000 1.978
37.08000 1.662
37.10000 0.613
37.12000 -1.049
37.14000 1.948
37.16000 -0.617
37.18000 3.980
37.20000 4.783
37.22000 -0.107
37.24000 0.950
37.26000 1.029
37.28000 -0.093
37.30000 -3.565
37.32000 -1.223
37.34000 2.418
37.36000 3.436
37.38000 5.073
37.40000 3.953
37.42000 -3.570
37.44000 0.280
37.46000 2.207
37.48000 1.389
37.50000 3.982
37.52000 1.364
37.54000 3.036
37.56000 0.140
37.58000 2.971
37.60000 9.063
37.62000 7.227
37.64000 2.939
37.66000 -1.444
37.68000 0.742
37.70000 6.912
37.72000 8.649
37.74000 8.938
37.76000 6.753
37.78000 5.669
37.80000 6.924
37.82000 10.389
37.84000 7.230
37.86000 8.554
37.88000 8.605
37.90000 7.808
37.92000 3.957
37.94000 2.279
37.96000 9.591
37.98000 8.595
38.00000 3.152
38.02000 6.412
38.04000 10.375
38.06000 5.984
38.08000 7.430
38.10000 15.125
38.12000 12.077
38.14000 10.975
38.16000 11.307
38.18000 14.793
38.20000 17.510
38.22000 15.405
38.24000 10.222
38.26000 12.554
38.28000 17.016
38.30000 17.829
38.32000 20.050
38.34000 21.993
38.36000 15.712
38.38000 14.879
38.40000 15.137
38.42000 15.303
38.44000 17.351
38.46000 20.234
38.48000 20.773
38.50000 17.190
38.52000 21.511
38.54000 25.197
38.56000 22.195
38.58000 22.682
38.60000 20.001
38.62000 20.149
38.64000 19.681
38.66000 18.881
38.68000 24.920
38.70000 26.380
38.72000 28.593
38.74000 29.789
38.76000 32.041
38.78000 28.148
38.80000 29.780
38.82000 30.091
38.84000 29.204
38.86000 32.889
38.88000 29.507
38.90000 29.383
38.92000 32.481
38.94000 35.140
38.96000 36.699
38.98000 38.581
39.00000 42.083
39.02000 41.171
39.04000 37.275
39.06000 45.183
39.08000 45.318
39.10000 42.152
39.12000 47.799
39.14000 51.141
39.16000 56.762
39.18000 56.979
39.20000 59.306
39.22000 57.440
39.24000 57.908
39.26000 67.282
39.28000 69.670
39.30000 71.926
39.32000 71.050
39.34000 76.064
39.36000 82.479
39.38000 89.910
39.40000 92.824
39.42000 93.690
39.44000 91.091
39.46000 94.104
39.48000 103.754
39.50000 114.922
39.52000 114.928
39.54000 119.215
39.56000 124.222
39.58000 127.928
39.60000 135.311
39.62000 152.842
39.64000 157.887
39.66000 167.708
39.68000 172.872
39.70000 177.529
39.72000 187.602
39.74000 201.139
39.76000 216.369
39.78000 223.291
39.80000 231.528
39.82000 243.645
39.84000 258.448
39.86000 276.173
39.88000 288.487
39.90000 302.614
39.92000 317.305
39.94000 336.377
39.96000 353.770
39.98000 374.121
40.00000 395.398
40.02000 413.312
40.04000 425.410
40.06000 448.834
40.08000 473.985
40.10000 482.443
40.12000 496.028
40.14000 511.136
40.16000 537.493
40.18000 554.860
40.20000 568.425
40.22000 571.211
40.24000 582.032
40.26000 601.505
40.28000 601.929
40.30000 605.149
40.32000 621.399
40.34000 617.769
40.36000 612.198
40.38000 614.341
40.40000 613.719
40.42000 611.016
40.44000 604.272
40.46000 602.400
40.48000 588.548
40.50000 569.531
40.52000 560.427
40.54000 548.243
40.56000 536.637
40.58000 521.375
40.60000 504.440
40.62000 483.027
40.64000 474.216
40.66000 454.536
40.68000 435.885
40.70000 427.653
40.72000 398.091
40.74000 382.251
40.76000 364.264
40.78000 339.287
40.80000 327.334
40.82000 317.003
40.84000 299.475
40.86000 292.340
40.88000 274.327
40.90000 262.393
40.92000 246.364
40.94000 234.747
40.96000 227.708
40.98000 218.161
41.00000 201.068
41.02000 188.130
41.04000 181.218
41.06000 170.299
41.08000 157.325
41.10000 148.907
41.12000 144.694
41.14000 134.923
41.16000 127.131
41.18000 128.325
41.20000 116.623
41.22000 111.150
41.24000 107.272
41.26000 101.766
41.28000 97.969
41.30000 92.857
41.32000 85.147
41.34000 80.935
41.36000 79.029
41.38000 75.274
41.40000 72.668
41.42000 71.311
41.44000 64.466
41.46000 63.472
41.48000 55.543
41.50000 57.198
41.52000 56.972
41.54000 53.616
41.56000 47.614
41.58000 42.572
41.60000 41.491
41.62000 42.097
41.64000 39.135
41.66000 40.922
41.68000 40.636
41.70000 38.130
41.72000 35.443
41.74000 33.974
41.76000 32.243
41.78000 29.908
41.80000 26.011
41.82000 24.114
41.84000 24.167
41.86000 23.017
41.88000 24.402
41.90000 25.238
41.92000 21.435
41.94000 19.603
41.96000 17.543
41.98000 16.569
42.00000 24.086
42.02000 20.181
42.04000 17.449
42.06000 18.486
42.08000 15.812
42.10000 11.340
42.12000 10.263
42.14000 16.004
42.16000 10.935
42.18000 12.769
42.20000 13.172
42.22000 9.205
42.24000 5.927
42.26000 7.508
42.28000 6.974
42.30000 6.181
42.32000 8.390
42.34000 6.773
42.36000 6.134
42.38000 7.348
42.40000 7.985
42.42000 4.530
42.44000 -0.317
42.46000 4.093
42.48000 6.651
42.50000 7.131
42.52000 8.485
42.54000 6.332
42.56000 6.726
42.58000 4.071
42.60000 7.852
42.62000 6.700
42.64000 8.785
42.66000 7.008
42.68000 7.982
42.70000 6.675
42.72000 8.561
42.74000 8.275
42.76000 9.902
42.78000 1.380
42.80000 3.384
42.82000 1.116
42.84000 3.494
42.86000 5.816
42.88000 4.017
42.90000 4.187
42.92000 4.698
42.94000 5.931
42.96000 5.909
42.98000 6.003
43.00000 2.494
43.02000 1.476
43.04000 1.040
43.06000 0.287
43.08000 0.985
43.10000 -0.414
43.12000 -0.921
43.14000 -3.428
43.16000 1.402
43.18000 5.328
43.20000 7.028
43.22000 4.557
43.24000 1.675
43.26000 0.652
43.28000 1.233
43.30000 4.790
43.32000 0.592
43.34000 -0.724
43.36000 -1.307
43.38000 -2.265
43.40000 -0.401
43.42000 1.524
43.44000 -1.108
43.46000 0.994
43.48000 -0.372
43.50000 -2.245
43.52000 -1.130
43.54000 -2.841
43.56000 -3.394
43.58000 2.502
43.60000 1.148
43.62000 1.249
43.64000 1.241
43.66000 0.236
43.68000 2.137
43.70000 2.614
43.72000 3.879
43.74000 -0.214
43.76000 -3.384
43.78000 1.550
43.80000 6.986
43.82000 5.586
43.84000 3.366
43.86000 5.178
43.88000 1.246
43.90000 2.300
43.92000 1.947
43.94000 1.793
43.96000 -1.263
43.98000 -1.887
44.00000 -3.372
44.02000 -1.995
44.04000 -1.504
44.06000 -1.280
44.08000 -0.299
44.10000 2.061
44.12000 -0.501
44.14000 -0.949
44.16000 1.953
44.18000 -0.013
44.20000 0.577
44.22000 -1.668
44.24000 2.305
44.26000 4.823
44.28000 0.023
44.30000 -1.475
44.32000 -2.339
44.34000 -1.353
44.36000 -0.961
44.38000 1.465
44.40000 1.916
44.42000 1.550
44.44000 3.024
44.46000 2.623
44.48000 3.497
44.50000 6.571
44.52000 4.763
44.54000 2.188
44.56000 2.200
44.58000 1.912
44.60000 -0.798
44.62000 -2.319
44.64000 0.031
44.66000 0.242
44.68000 -2.806
44.70000 2.135
44.72000 2.185
44.74000 -3.349
44.76000 -3.113
44.78000 1.773
44.80000 4.326
44.82000 3.134
44.84000 5.330
44.86000 5.659
44.88000 6.199
44.90000 4.670
44.92000 4.178
44.94000 7.563
44.96000 11.856
44.98000 11.775
45.00000 3.096
45.02000 1.269
45.04000 3.692
45.06000 -3.041
45.08000 -3.345
45.10000 8.090
45.12000 12.575
45.14000 5.391
45.16000 5.089
45.18000 7.469
45.20000 8.995
45.22000 7.655
45.24000 5.766
45.26000 4.494
45.28000 7.149
45.30000 16.172
45.32000 13.046
45.34000 10.016
45.36000 6.985
45.38000 7.589
45.40000 9.202
45.42000 6.509
45.44000 10.777
45.46000 13.090
45.48000 11.023
45.50000 9.097
45.52000 12.953
45.54000 13.657
45.56000 13.858
45.58000 14.836
45.60000 20.014
45.62000 16.827
45.64000 10.955
45.66000 14.236
45.68000 16.169
45.70000 16.967
45.72000 18.527
45.74000 23.679
45.76000 22.556
45.78000 20.545
45.80000 21.260
45.82000 21.928
45.84000 25.600
45.86000 29.964
45.88000 27.456
45.90000 30.220
45.92000 27.275
45.94000 26.396
45.96000 29.648
45.98000 31.747
46.00000 39.760
46.02000 34.634
46.04000 33.434
46.06000 34.229
46.08000 40.103
46.10000 37.758
46.12000 35.960
46.14000 40.386
46.16000 45.977
46.18000 46.111
46.20000 47.484
46.22000 49.932
46.24000 46.167
46.26000 44.197
46.28000 51.803
46.30000 52.392
46.32000 51.458
46.34000 51.674
46.36000 57.583
46.38000 65.360
46.40000 66.708
46.42000 70.779
46.44000 68.384
46.46000 62.086
46.48000 67.973
46.50000 72.779
46.52000 73.447
46.54000 76.735
46.56000 82.961
46.58000 84.288
46.60000 82.299
46.62000 85.242
46.64000 89.586
46.66000 85.406
46.68000 88.736
46.70000 95.130
46.72000 97.960
46.74000 97.112
46.76000 103.907
46.78000 105.535
46.80000 103.724
46.82000 108.736
46.84000 109.800
46.86000 103.820
46.88000 113.514
46.90000 113.296
46.92000 108.753
46.94000 113.288
46.96000 114.756
46.98000 113.682
47.00000 113.837
47.02000 113.311
47.04000 115.795
47.06000 112.871
47.08000 104.551
47.10000 106.321
47.12000 108.788
47.14000 109.401
47.16000 104.593
47.18000 107.929
47.20000 104.380
47.22000 99.425
47.24000 94.697
47.26000 91.039
47.28000 94.583
47.30000 90.030
47.32000 88.386
47.34000 87.246
47.36000 87.538
47.38000 89.979
47.40000 78.430
47.42000 78.854
47.44000 73.965
47.46000 65.551
47.48000 69.691
47.50000 72.907
47.52000 68.351
47.54000 65.948
47.56000 56.850
47.58000 60.896
47.60000 64.058
47.62000 60.251
47.64000 53.405
47.66000 50.970
47.68000 47.473
47.70000 46.314
47.72000 44.824
47.74000 44.560
47.76000 41.808
47.78000 38.574
47.80000 32.515
47.82000 31.866
47.84000 33.744
47.86000 34.238
47.88000 21.726
47.90000 23.511
47.92000 29.329
47.94000 28.181
47.96000 30.728
47.98000 29.480
48.00000 24.774
48.02000 15.697
48.04000 15.514
48.06000 18.109
48.08000 18.454
48.10000 18.185
48.12000 17.677
48.14000 17.693
48.16000 17.694
48.18000 15.042
48.20000 10.145
48.22000 11.799
48.24000 9.635
48.26000 10.350
48.28000 6.222
48.30000 11.521
48.32000 9.733
48.34000 9.443
48.36000 9.462
48.38000 12.311
48.40000 12.086
48.42000 8.748
48.44000 2.772
48.46000 10.652
48.48000 10.407
48.50000 9.887
48.52000 9.082
48.54000 1.913
48.56000 -1.551
48.58000 7.800
48.60000 13.218
48.62000 6.492
48.64000 5.639
48.66000 2.229
48.68000 2.205
48.70000 8.219
48.72000 6.116
48.74000 1.699
48.76000 4.935
48.78000 6.794
48.80000 7.642
48.82000 6.342
48.84000 4.298
48.86000 4.156
48.88000 5.583
48.90000 6.886
48.92000 5.389
48.94000 4.235
48.96000 2.395
48.98000 -0.068
49.00000 -2.928
49.02000 3.839
49.04000 8.104
49.06000 6.638
49.08000 4.449
49.10000 6.207
49.12000 1.863
49.14000 5.389
49.16000 5.754
49.18000 1.661
49.20000 0.867
49.22000 3.211
49.24000 4.690
49.26000 5.609
49.28000 3.419
49.30000 2.069
49.32000 3.624
49.34000 0.670
49.36000 -1.451
49.38000 -2.858
49.40000 3.982
49.42000 0.261
49.44000 0.598
49.46000 -1.548
49.48000 -0.428
49.50000 2.231
49.52000 0.998
49.54000 5.035
49.56000 7.179
49.58000 3.476
49.60000 3.346
49.62000 4.272
49.64000 10.516
49.66000 5.251
49.68000 6.211
49.70000 4.037
49.72000 2.287
49.74000 4.374
49.76000 2.934
49.78000 5.520
49.80000 5.122
49.82000 1.783
49.84000 -2.814
49.86000 3.189
49.88000 5.646
49.90000 10.745
49.92000 5.202
49.94000 4.603
49.96000 3.138
49.98000 1.979
50.00000 2.233
50.02000 5.335
50.04000 4.584
50.06000 2.571
50.08000 4.431
50.10000 3.779
50.12000 7.995
50.14000 9.375
50.16000 2.753
50.18000 3.816
50.20000 3.691
50.22000 1.784
50.24000 2.521
50.26000 2.824
50.28000 0.334
50.30000 -0.209
50.32000 2.533
50.34000 2.073
50.36000 -1.069
50.38000 5.149
50.40000 2.919
50.42000 1.819
50.44000 1.400
50.46000 4.272
50.48000 6.825
50.50000 7.203
50.52000 4.024
50.54000 5.038
50.56000 6.091
50.58000 0.613
50.60000 -2.734
50.62000 -0.537
50.64000 2.607
50.66000 -0.415
50.68000 1.268
50.70000 2.813
50.72000 5.740
50.74000 7.352
50.76000 3.267
50.78000 0.316
50.80000 0.767
50.82000 4.200
50.84000 5.325
50.86000 8.850
50.88000 5.249
50.90000 5.786
50.92000 3.214
50.94000 5.980
50.96000 2.563
50.98000 2.237
51.00000 4.796
51.02000 2.798
51.04000 1.266
51.06000 5.246
51.08000 7.325
51.10000 3.056
51.12000 0.309
51.14000 -0.315
51.16000 1.232
51.18000 0.256
51.20000 -1.285
51.22000 2.926
51.24000 3.826
51.26000 -0.858
51.28000 -2.346
51.30000 2.598
51.32000 4.156
51.34000 7.989
51.36000 3.170
51.38000 -1.729
51.40000 0.384
51.42000 3.131
51.44000 -0.584
51.46000 0.409
51.48000 6.651
51.50000 1.357
51.52000 3.449
51.54000 4.159
51.56000 9.837
51.58000 4.750
51.60000 -0.444
51.62000 1.717
51.64000 2.119
51.66000 -0.651
51.68000 1.103
51.70000 0.247
51.72000 -2.406
51.74000 0.714
51.76000 3.935
51.78000 6.816
51.80000 3.961
51.82000 -1.381
51.84000 -2.710
51.86000 -1.268
51.88000 1.683
51.90000 6.189
51.92000 5.441
51.94000 3.244
51.96000 4.054
51.98000 1.893
52.00000 1.499
52.02000 4.486
52.04000 7.405
52.06000 5.259
52.08000 2.170
52.10000 1.770
52.12000 0.671
52.14000 3.956
52.16000 2.812
52.18000 3.920
52.20000 1.007
52.22000 0.715
52.24000 0.668
52.26000 1.669
52.28000 3.308
52.30000 1.514
52.32000 4.219
52.34000 2.383
52.36000 6.433
52.38000 4.866
52.40000 -0.023
52.42000 -2.684
52.44000 -0.987
52.46000 1.169
52.48000 -0.282
52.50000 -1.407
52.52000 4.328
52.54000 7.355
52.56000 1.647
52.58000 0.387
52.60000 1.856
52.62000 2.715
52.64000 3.267
52.66000 2.043
52.68000 2.048
52.70000 2.191
52.72000 3.743
52.74000 2.995
52.76000 1.524
52.78000 0.414
52.80000 1.959
52.82000 -0.039
52.84000 -0.197
52.86000 0.464
52.88000 -0.491
52.90000 -0.885
52.92000 0.968
52.94000 2.182
52.96000 -0.693
52.98000 -0.577
53.00000 1.149
53.02000 1.369
53.04000 1.690
53.06000 6.744
53.08000 4.827
53.10000 -0.041
53.12000 -1.129
53.14000 4.640
53.16000 4.473
53.18000 4.311
53.20000 6.445
53.22000 6.312
53.24000 2.820
53.26000 3.091
53.28000 3.700
53.30000 1.584
53.32000 -2.675
53.34000 1.434
53.36000 3.432
53.38000 2.657
53.40000 -0.217
53.42000 0.292
53.44000 0.153
53.46000 -1.519
53.48000 2.889
53.50000 3.196
53.52000 4.327
53.54000 10.074
53.56000 5.216
53.58000 0.915
53.60000 2.479
53.62000 2.421
53.64000 2.876
53.66000 2.107
53.68000 0.168
53.70000 -1.546
53.72000 0.312
53.74000 3.588
53.76000 -0.415
53.78000 1.459
53.80000 0.649
53.82000 -1.542
53.84000 2.404
53.86000 0.906
53.88000 3.620
53.90000 4.810
53.92000 1.853
53.94000 -0.243
53.96000 0.582
53.98000 2.162
54.00000 5.184
54.02000 6.984
54.04000 4.306
54.06000 1.233
54.08000 4.588
54.10000 4.412
54.12000 2.715
54.14000 -0.541
54.16000 0.351
54.18000 0.584
54.20000 -2.627
54.22000 -0.094
54.24000 3.625
54.26000 5.662
54.28000 1.919
54.30000 3.879
54.32000 4.906
54.34000 4.944
54.36000 8.359
54.38000 0.573
54.40000 -2.189
54.42000 3.838
54.44000 -2.445
54.46000 1.888
54.48000 0.349
54.50000 1.573
54.52000 0.561
54.54000 4.149
54.56000 3.310
54.58000 -0.456
54.60000 0.573
54.62000 -1.766
54.64000 -2.105
54.66000 0.244
54.68000 3.037
54.70000 3.081
54.72000 4.673
54.74000 1.197
54.76000 1.774
54.78000 -0.581
54.80000 0.926
54.82000 2.613
54.84000 5.176
54.86000 2.982
54.88000 -0.283
54.90000 4.326
54.92000 2.848
54.94000 -0.268
54.96000 -1.000
54.98000 0.363
55.00000 0.440
55.02000 0.220
55.04000 -2.642
55.06000 -2.251
55.08000 4.200
55.10000 4.693
55.12000 0.633
55.14000 -1.790
55.16000 2.793
55.18000 3.748
55.20000 0.493
55.22000 -2.556
55.24000 -1.885
55.26000 0.113
55.28000 1.987
55.30000 2.252
55.32000 1.796
55.34000 1.365
55.36000 0.336
55.38000 -1.055
55.40000 -0.502
55.42000 -1.183
55.44000 -0.772
55.46000 -1.395
55.48000 -0.565
55.50000 0.903
55.52000 0.770
55.54000 2.483
55.56000 -0.253
55.58000 2.897
55.60000 3.223
55.62000 3.701
55.64000 -0.171
55.66000 -1.343
55.68000 0.110
55.70000 0.368
55.72000 1.047
55.74000 0.909
55.76000 1.058
55.78000 -1.290
55.80000 0.887
55.82000 0.970
55.84000 -1.320
55.86000 2.917
55.88000 4.647
55.90000 1.458
55.92000 -1.557
55.94000 1.666
55.96000 -0.170
55.98000 -1.194
56.00000 -1.630
56.02000 5.724
56.04000 6.230
56.06000 3.290
56.08000 1.677
56.10000 3.442
56.12000 0.668
56.14000 -1.291
56.16000 1.637
56.18000 0.449
56.20000 2.228
56.22000 1.325
56.24000 -2.148
56.26000 -2.588
56.28000 -0.410
56.30000 3.101
56.32000 -1.221
56.34000 -1.160
56.36000 1.527
56.38000 0.239
56.40000 0.197
56.42000 -0.832
56.44000 2.786
56.46000 6.446
56.48000 4.167
56.50000 4.155
56.52000 1.898
56.54000 2.681
56.56000 2.181
56.58000 1.180
56.60000 1.621
56.62000 3.040
56.64000 3.570
56.66000 1.948
56.68000 2.154
56.70000 -0.260
56.72000 4.869
56.74000 2.240
56.76000 5.712
56.78000 2.783
56.80000 1.535
56.82000 2.629
56.84000 6.454
56.86000 1.228
56.88000 0.584
56.90000 -0.228
56.92000 2.911
56.94000 4.106
56.96000 3.591
56.98000 1.895
57.00000 -0.045
57.02000 -2.545
57.04000 -1.902
57.06000 1.788
57.08000 4.134
57.10000 8.463
57.12000 5.997
57.14000 5.585
57.16000 2.030
57.18000 -0.093
57.20000 1.456
57.22000 3.815
57.24000 3.173
57.26000 1.828
57.28000 5.219
57.30000 6.591
57.32000 3.465
57.34000 5.229
57.36000 2.508
57.38000 -0.581
57.40000 -0.317
57.42000 3.278
57.44000 4.603
57.46000 7.355
57.48000 3.889
57.50000 5.126
57.52000 4.789
57.54000 5.374
57.56000 1.339
57.58000 -0.977
57.60000 1.944
57.62000 0.958
57.64000 -1.578
57.66000 1.928
57.68000 0.550
57.70000 -0.452
57.72000 4.326
57.74000 2.391
57.76000 2.891
57.78000 -0.151
57.80000 -1.665
57.82000 0.964
57.84000 1.969
57.86000 0.411
57.88000 6.174
57.90000 5.489
57.92000 4.147
57.94000 8.388
57.96000 3.533
57.98000 4.378
58.00000 4.869
58.02000 3.282
58.04000 4.811
58.06000 1.658
58.08000 -2.517
58.10000 -0.540
58.12000 -0.108
58.14000 -1.289
58.16000 1.734
58.18000 2.334
58.20000 -2.049
58.22000 -1.466
58.24000 -1.592
58.26000 0.048
58.28000 1.482
58.30000 1.566
58.32000 3.501
58.34000 3.616
58.36000 1.627
58.38000 5.392
58.40000 2.451
58.42000 2.690
58.44000 5.205
58.46000 5.325
58.48000 2.680
58.50000 2.056
58.52000 3.589
58.54000 1.113
58.56000 -2.510
58.58000 -1.508
58.60000 2.013
58.62000 2.799
58.64000 2.453
58.66000 1.310
58.68000 -0.775
58.70000 -0.831
58.72000 0.634
58.74000 -0.201
58.76000 4.551
58.78000 0.739
58.80000 -0.167
58.82000 4.425
58.84000 6.664
58.86000 3.483
58.88000 -1.506
58.90000 0.952
58.92000 3.776
58.94000 8.361
58.96000 4.136
58.98000 1.107
59.00000 2.888
59.02000 4.951
59.04000 1.377
59.06000 4.120
59.08000 3.552
59.10000 2.276
59.12000 1.204
59.14000 1.204
59.16000 0.157
59.18000 -2.502
59.20000 0.043
59.22000 2.467
59.24000 3.090
59.26000 1.470
59.28000 5.363
59.30000 2.484
59.32000 3.376
59.34000 1.676
59.36000 -2.255
59.38000 1.099
59.40000 -0.221
59.42000 -1.916
59.44000 3.141
59.46000 3.738
59.48000 4.597
59.50000 4.022
59.52000 3.225
59.54000 1.075
59.56000 4.778
59.58000 6.665
59.60000 3.791
59.62000 2.013
59.64000 -1.375
59.66000 -2.337
59.68000 3.897
59.70000 6.207
59.72000 3.118
59.74000 -2.488
59.76000 6.989
59.78000 5.898
59.80000 2.442
59.82000 1.620
59.84000 1.279
59.86000 3.024
59.88000 2.189
59.90000 3.733
59.92000 4.725
59.94000 4.800
59.96000 2.041
59.98000 0.503
60.00000 1.181
60.02000 -0.245
60.04000 2.809
60.06000 5.909
60.08000 3.190
60.10000 5.108
60.12000 4.376
60.14000 3.532
60.16000 0.523
60.18000 -0.609
60.20000 2.330
60.22000 -0.221
60.24000 -2.459
60.26000 0.170
60.28000 1.150
60.30000 2.599
60.32000 2.174
60.34000 -1.327
60.36000 -2.327
60.38000 0.219
60.40000 2.727
60.42000 2.530
60.44000 1.737
60.46000 1.631
60.48000 -0.277
60.50000 0.038
60.52000 0.284
60.54000 -0.107
60.56000 1.561
60.58000 4.370
60.60000 3.268
60.62000 0.710
60.64000 -1.767
60.66000 2.493
60.68000 3.471
60.70000 1.407
60.72000 1.716
60.74000 0.086
60.76000 0.664
60.78000 -1.386
60.80000 3.554
60.82000 1.809
60.84000 -0.366
60.86000 4.701
60.88000 3.178
60.90000 1.414
60.92000 0.336
60.94000 2.257
60.96000 1.899
60.98000 4.799
61.00000 4.869
61.02000 0.588
61.04000 1.448
61.06000 4.756
61.08000 5.852
61.10000 4.903
61.12000 -1.433
61.14000 -2.433
61.16000 -1.795
61.18000 3.962
61.20000 3.714
61.22000 3.465
61.24000 0.265
61.26000 4.184
61.28000 2.223
61.30000 4.111
61.32000 2.137
61.34000 2.792
61.36000 1.433
61.38000 4.135
61.40000 3.436
61.42000 1.996
61.44000 1.911
61.46000 -0.701
61.48000 -0.658
61.50000 0.786
61.52000 0.819
61.54000 2.146
61.56000 2.177
61.58000 2.174
61.60000 -0.990
61.62000 -2.051
61.64000 -0.901
61.66000 3.028
61.68000 3.852
61.70000 -1.786
61.72000 -1.723
61.74000 -1.018
61.76000 2.643
61.78000 4.271
61.80000 3.153
61.82000 -2.412
61.84000 -2.286
61.86000 1.828
61.88000 -1.996
61.90000 1.311
61.92000 2.581
61.94000 1.693
61.96000 0.106
61.98000 -1.035
62.00000 0.832
62.02000 1.553
62.04000 -0.962
62.06000 0.444
62.08000 0.834
62.10000 -0.041
62.12000 1.487
62.14000 1.107
62.16000 0.908
62.18000 0.927
62.20000 -0.467
62.22000 0.353
62.24000 1.078
62.26000 0.767
62.28000 1.315
62.30000 1.330
62.32000 4.473
62.34000 0.267
62.36000 -1.761
62.38000 -0.393
62.40000 1.022
62.42000 1.547
62.44000 2.648
62.46000 0.769
62.48000 -0.834
62.50000 -0.746
62.52000 -1.983
62.54000 3.213
62.56000 5.328
62.58000 2.894
62.60000 1.290
62.62000 1.803
62.64000 1.212
62.66000 1.443
62.68000 0.047
62.70000 -0.386
62.72000 0.822
62.74000 2.378
62.76000 2.153
62.78000 0.726
62.80000 3.740
62.82000 1.653
62.84000 4.006
62.86000 2.200
62.88000 4.294
62.90000 1.374
62.92000 -2.409
62.94000 0.441
62.96000 0.814
62.98000 2.199
63.00000 0.810
63.02000 1.816
63.04000 0.616
63.06000 -0.567
63.08000 -2.036
63.10000 0.067
63.12000 1.598
63.14000 5.147
63.16000 6.964
63.18000 3.848
63.20000 -2.403
63.22000 -1.737
63.24000 0.278
63.26000 1.489
63.28000 -0.760
63.30000 1.048
63.32000 2.605
63.34000 2.583
63.36000 1.930
63.38000 2.779
63.40000 0.451
63.42000 3.705
63.44000 3.599
63.46000 -0.234
63.48000 -2.399
63.50000 -0.612
63.52000 -0.849
63.54000 0.337
63.56000 2.234
63.58000 6.614
63.60000 1.430
63.62000 -0.289
63.64000 2.699
63.66000 3.840
63.68000 2.571
63.70000 5.516
63.72000 3.553
63.74000 0.448
63.76000 1.107
63.78000 4.545
63.80000 5.093
63.82000 1.850
63.84000 1.145
63.86000 0.880
63.88000 -2.200
63.90000 2.357
63.92000 0.188
63.94000 1.350
63.96000 3.370
63.98000 4.380
64.00000 2.167
64.02000 0.299
64.04000 1.826
64.06000 1.996
64.08000 0.718
64.10000 -1.455
64.12000 -2.395
64.14000 -1.227
64.16000 0.265
64.18000 0.916
64.20000 -1.085
64.22000 -2.401
64.24000 0.525
64.26000 4.033
64.28000 1.988
64.30000 0.068
64.32000 1.823
64.34000 0.196
64.36000 -2.409
64.38000 1.697
64.40000 0.442
64.42000 1.006
64.44000 5.849
64.46000 4.260
64.48000 4.809
64.50000 4.796
64.52000 -0.898
64.54000 2.438
64.56000 3.774
64.58000 2.565
64.60000 0.796
64.62000 0.033
64.64000 1.032
64.66000 1.591
64.68000 -0.227
64.70000 -0.831
64.72000 -2.058
64.74000 3.659
64.76000 3.651
64.78000 2.389
64.80000 -2.343
64.82000 1.176
64.84000 0.517
64.86000 0.214
64.88000 1.756
64.90000 2.474
64.92000 3.193
64.94000 -0.578
64.96000 0.392
64.98000 0.857
65.00000 1.331
65.02000 0.642
65.04000 -2.433
65.06000 -2.372
65.08000 -0.926
65.10000 0.163
65.12000 0.953
65.14000 2.271
65.16000 1.053
65.18000 -0.478
65.20000 -1.732
65.22000 1.668
65.24000 1.416
65.26000 0.619
65.28000 0.634
65.30000 0.295
65.32000 0.870
65.34000 0.971
65.36000 1.541
65.38000 1.969
65.40000 0.626
65.42000 -0.039
65.44000 -0.954
65.46000 1.186
65.48000 -0.233
65.50000 1.671
65.52000 1.736
65.54000 2.050
65.56000 2.576
65.58000 2.879
65.60000 1.061
65.62000 0.141
65.64000 -1.933
65.66000 -2.450
65.68000 -2.272
65.70000 -1.770
65.72000 1.596
65.74000 2.162
65.76000 -0.969
65.78000 -1.599
65.80000 -1.454
65.82000 -1.312
65.84000 0.868
65.86000 0.389
65.88000 -1.508
65.90000 0.425
65.92000 2.200
65.94000 -0.504
65.96000 0.024
65.98000 -1.163
66.00000 2.125
66.02000 2.239
66.04000 3.244
66.06000 6.225
66.08000 3.271
66.10000 -0.826
66.12000 0.406
66.14000 0.942
66.16000 -2.452
66.18000 -1.007
66.20000 -2.251
66.22000 -1.160
66.24000 -0.970
66.26000 1.158
66.28000 1.708
66.30000 -2.456
66.32000 0.471
66.34000 0.994
66.36000 2.707
66.38000 2.202
66.40000 -0.238
66.42000 -2.459
66.44000 -1.893
66.46000 -0.035
66.48000 1.218
66.50000 1.454
66.52000 -2.171
66.54000 -0.962
66.56000 -1.028
66.58000 -1.214
66.60000 -1.232
66.62000 -0.072
66.64000 -2.482
66.66000 -1.249
66.68000 0.128
66.70000 3.533
66.72000 0.414
66.74000 0.860
66.76000 0.601
66.78000 -0.229
66.80000 1.185
66.82000 -1.822
66.84000 -1.475
66.86000 -0.142
66.88000 1.398
66.90000 1.974
66.92000 0.963
66.94000 -0.644
66.96000 -0.822
66.98000 -0.391
67.00000 2.846
67.02000 -0.673
67.04000 0.886
67.06000 1.650
67.08000 0.810
67.10000 1.715
67.12000 6.203
67.14000 3.151
67.16000 -2.278
67.18000 0.040
67.20000 0.902
67.22000 0.998
67.24000 2.788
67.26000 1.689
67.28000 2.498
67.30000 5.211
67.32000 4.552
67.34000 2.251
67.36000 2.052
67.38000 2.643
67.40000 2.500
67.42000 3.346
67.44000 3.316
67.46000 1.508
67.48000 4.138
67.50000 5.600
67.52000 3.733
67.54000 5.830
67.56000 3.215
67.58000 4.687
67.60000 8.387
67.62000 2.634
67.64000 4.927
67.66000 5.139
67.68000 3.944
67.70000 6.762
67.72000 5.277
67.74000 6.848
67.76000 6.489
67.78000 8.272
67.80000 8.371
67.82000 6.617
67.84000 8.517
67.86000 9.246
67.88000 9.328
67.90000 9.200
67.92000 13.116
67.94000 11.316
67.96000 10.634
67.98000 12.771
68.00000 13.774
68.02000 14.608
68.04000 14.559
68.06000 14.891
68.08000 14.177
68.10000 14.647
68.12000 15.795
68.14000 19.301
68.16000 20.175
68.18000 18.825
68.20000 17.501
68.22000 21.558
68.24000 23.211
68.26000 22.365
68.28000 19.160
68.30000 22.483
68.32000 24.093
68.34000 20.992
68.36000 22.246
68.38000 19.885
68.40000 19.659
68.42000 23.077
68.44000 25.052
68.46000 22.913
68.48000 24.163
68.50000 28.716
68.52000 26.639
68.54000 26.350
68.56000 27.235
68.58000 27.133
68.60000 27.822
68.62000 28.296
68.64000 27.987
68.66000 31.814
68.68000 28.090
68.70000 26.747
68.72000 28.036
68.74000 27.989
68.76000 28.015
68.78000 28.251
68.80000 27.706
68.82000 24.290
68.84000 26.573
68.86000 24.126
68.88000 26.133
68.90000 26.891
68.92000 22.714
68.94000 20.390
68.96000 22.647
68.98000 24.672
69.00000 25.615
69.02000 23.841
69.04000 26.897
69.06000 24.252
69.08000 24.969
69.10000 20.839
69.12000 19.424
69.14000 16.900
69.16000 16.178
69.18000 16.733
69.20000 18.250
69.22000 13.201
69.24000 15.563
69.26000 14.747
69.28000 12.959
69.30000 11.804
69.32000 14.524
69.34000 10.425
69.36000 10.495
69.38000 9.356
69.40000 9.077
69.42000 7.184
69.44000 6.314
69.46000 7.671
69.48000 8.992
69.50000 7.517
69.52000 5.120
69.54000 3.608
69.56000 3.593
69.58000 3.921
69.60000 6.583
69.62000 3.515
69.64000 4.755
69.66000 3.853
69.68000 5.436
69.70000 3.427
69.72000 5.600
69.74000 8.940
69.76000 6.097
69.78000 5.195
69.80000 1.817
69.82000 5.148
69.84000 3.418
69.86000 2.460
69.88000 0.722
69.90000 -0.604
69.92000 1.197
69.94000 0.131
69.96000 2.319
69.98000 4.130
70.00000 2.513
70.02000 0.287
70.04000 -0.712
70.06000 1.226
70.08000 2.516
70.10000 -0.298
70.12000 -1.729
70.14000 2.071
70.16000 3.664
70.18000 1.998
70.20000 5.494
70.22000 3.084
70.24000 -1.082
70.26000 -1.030
70.28000 -2.415
70.30000 0.281
70.32000 0.091
70.34000 -0.865
70.36000 -1.389
70.38000 -0.121
70.40000 -0.839
70.42000 -0.666
70.44000 0.283
70.46000 0.655
70.48000 -0.112
70.50000 -1.333
70.52000 0.211
70.54000 0.244
70.56000 4.594
70.58000 4.752
70.60000 1.647
70.62000 1.056
70.64000 -0.014
70.66000 -1.081
70.68000 0.618
70.70000 2.777
70.72000 -1.478
70.74000 -1.650
70.76000 -1.410
70.78000 -0.732
70.80000 0.977
70.82000 -1.574
70.84000 -0.854
70.86000 1.881
70.88000 3.598
70.90000 0.461
70.92000 3.114
70.94000 6.007
70.96000 4.108
70.98000 0.818
71.00000 -1.815
71.02000 -1.028
71.04000 0.454
71.06000 4.907
71.08000 3.777
71.10000 0.931
71.12000 1.363
71.14000 -0.630
71.16000 -2.316
71.18000 3.010
71.20000 2.771
71.22000 1.945
71.24000 -2.305
71.26000 -0.136
71.28000 3.075
71.30000 1.526
71.32000 2.259
71.34000 1.445
71.36000 2.444
71.38000 3.182
71.40000 2.969
71.42000 0.216
71.44000 2.089
71.46000 3.724
71.48000 2.683
71.50000 -0.479
71.52000 1.164
71.54000 3.365
71.56000 -0.408
71.58000 0.003
71.60000 4.856
71.62000 5.808
71.64000 7.726
71.66000 4.897
71.68000 3.502
71.70000 1.902
71.72000 -1.486
71.74000 0.523
71.76000 1.291
71.78000 0.070
71.80000 -1.817
71.82000 -0.177
71.84000 4.751
71.86000 2.268
71.88000 1.719
71.90000 1.052
71.92000 0.190
71.94000 -1.970
71.96000 0.046
71.98000 -1.157
72.00000 -2.277
72.02000 1.436
72.04000 1.861
72.06000 3.534
72.08000 2.478
72.10000 2.508
72.12000 4.289
72.14000 0.761
72.16000 0.840
72.18000 1.796
72.20000 2.440
72.22000 2.813
72.24000 1.322
72.26000 2.087
72.28000 -0.815
72.30000 1.397
72.32000 -1.653
72.34000 0.749
72.36000 2.114
72.38000 2.510
72.40000 6.724
72.42000 6.372
72.44000 8.401
72.46000 3.441
72.48000 1.668
72.50000 -1.387
72.52000 -0.946
72.54000 2.713
72.56000 4.390
72.58000 1.671
72.60000 -1.367
72.62000 0.534
72.64000 6.193
72.66000 6.155
72.68000 4.021
72.70000 3.273
72.72000 0.464
72.74000 2.994
72.76000 3.692
72.78000 2.885
72.80000 0.994
72.82000 0.521
72.84000 1.531
72.86000 4.962
72.88000 1.740
72.90000 4.942
72.92000 1.486
72.94000 1.373
72.96000 3.973
72.98000 2.199
73.00000 3.738
73.02000 3.759
73.04000 -0.264
73.06000 1.410
73.08000 2.227
73.10000 5.038
73.12000 1.732
73.14000 6.522
73.16000 5.927
73.18000 3.504
73.20000 4.379
73.22000 4.853
73.24000 1.043
73.26000 -2.253
73.28000 0.006
73.30000 1.243
73.32000 0.610
73.34000 0.732
73.36000 0.114
73.38000 -0.557
73.40000 0.263
73.42000 0.706
73.44000 0.307
73.46000 -1.772
73.48000 1.096
73.50000 0.260
73.52000 0.277
73.54000 3.433
73.56000 4.277
73.58000 2.546
73.60000 3.799
73.62000 2.160
73.64000 -0.333
73.66000 1.706
73.68000 4.889
73.70000 8.845
73.72000 4.947
73.74000 1.116
73.76000 2.117
73.78000 1.478
73.80000 4.606
73.82000 2.632
73.84000 3.367
73.86000 2.620
73.88000 3.590
73.90000 2.777
73.92000 3.526
73.94000 3.824
73.96000 4.767
73.98000 1.689
74.00000 0.539
74.02000 1.142
74.04000 -0.979
74.06000 3.061
74.08000 5.713
74.10000 3.861
74.12000 0.599
74.14000 -2.224
74.16000 1.656
74.18000 6.139
74.20000 8.858
74.22000 5.080
74.24000 0.758
74.26000 -1.358
74.28000 -0.515
74.30000 2.611
74.32000 0.141
74.34000 2.703
74.36000 7.275
74.38000 3.514
74.40000 3.554
74.42000 2.304
74.44000 2.244
74.46000 3.351
74.48000 0.576
74.50000 -0.536
74.52000 4.873
74.54000 3.251
74.56000 5.201
74.58000 -1.374
74.60000 -2.202
74.62000 2.150
74.64000 4.472
74.66000 6.705
74.68000 4.729
74.70000 1.927
74.72000 1.792
74.74000 3.751
74.76000 4.857
74.78000 5.762
74.80000 6.649
74.82000 4.779
74.84000 2.054
74.86000 7.924
74.88000 6.936
74.90000 5.783
74.92000 7.565
74.94000 7.526
74.96000 2.989
74.98000 -2.210
75.00000 2.603
75.02000 5.341
75.04000 2.230
75.06000 5.155
75.08000 4.502
75.10000 4.235
75.12000 5.734
75.14000 2.817
75.16000 -2.215
75.18000 -0.032
75.20000 1.066
75.22000 0.286
75.24000 5.035
75.26000 6.406
75.28000 1.672
75.30000 -0.029
75.32000 2.478
75.34000 2.344
75.36000 3.563
75.38000 2.220
75.40000 2.645
75.42000 2.905
75.44000 2.643
75.46000 0.188
75.48000 -0.104
75.50000 0.907
75.52000 4.003
75.54000 7.024
75.56000 4.992
75.58000 5.399
75.60000 6.001
75.62000 5.825
75.64000 1.826
75.66000 1.750
75.68000 2.519
75.70000 -0.982
75.72000 1.937
75.74000 0.835
75.76000 0.529
75.78000 4.474
75.80000 1.520
75.82000 -0.503
75.84000 0.653
75.86000 -1.063
75.88000 -1.082
75.90000 3.085
75.92000 1.977
75.94000 3.533
75.96000 2.902
75.98000 0.012
76.00000 -2.231
76.02000 -0.913
76.04000 -0.556
76.06000 -1.535
76.08000 -2.231
76.10000 -0.002
76.12000 1.407
76.14000 0.872
76.16000 3.286
76.18000 4.404
76.20000 1.110
76.22000 2.043
76.24000 5.808
76.26000 5.433
76.28000 3.431
76.30000 0.771
76.32000 1.871
76.34000 2.668
76.36000 1.750
76.38000 1.238
76.40000 4.876
76.42000 5.399
76.44000 5.043
76.46000 6.454
76.48000 6.149
76.50000 2.738
76.52000 2.337
76.54000 4.395
76.56000 3.495
76.58000 1.243
76.60000 -0.181
76.62000 0.269
76.64000 5.666
76.66000 5.726
76.68000 1.196
76.70000 -1.533
76.72000 1.524
76.74000 0.936
76.76000 3.435
76.78000 3.653
76.80000 2.272
76.82000 4.559
76.84000 4.241
76.86000 9.481
76.88000 11.707
76.90000 11.067
76.92000 8.786
76.94000 7.113
76.96000 6.756
76.98000 8.460
77.00000 5.723
77.02000 0.841
77.04000 -2.210
77.06000 0.929
77.08000 2.534
77.10000 2.959
77.12000 4.095
77.14000 4.064
77.16000 1.144
77.18000 5.173
77.20000 6.684
77.22000 6.452
77.24000 -1.171
77.26000 -0.587
77.28000 0.989
77.30000 0.684
77.32000 3.856
77.34000 2.921
77.36000 4.753
77.38000 2.252
77.40000 -2.001
77.42000 0.757
77.44000 3.863
77.46000 0.770
77.48000 -1.326
77.50000 0.688
77.52000 2.180
77.54000 4.831
77.56000 1.710
77.58000 4.164
77.60000 5.104
77.62000 4.544
77.64000 6.845
77.66000 2.502
77.68000 1.637
77.70000 4.167
77.72000 2.672
77.74000 1.064
77.76000 1.977
77.78000 4.069
77.80000 -0.024
77.82000 -0.466
77.84000 -2.260
77.86000 2.554
77.88000 3.907
77.90000 3.395
77.92000 2.501
77.94000 1.213
77.96000 -0.553
77.98000 1.676
78.00000 4.310
78.02000 3.032
78.04000 4.179
78.06000 0.900
78.08000 0.265
78.10000 0.424
78.12000 -0.986
78.14000 1.787
78.16000 5.692
78.18000 1.988
78.20000 0.416
78.22000 4.601
78.24000 1.459
78.26000 -0.186
78.28000 -1.236
78.30000 0.625
78.32000 2.001
78.34000 2.429
78.36000 -0.020
78.38000 0.222
78.40000 1.589
78.42000 -1.390
78.44000 -1.800
78.46000 -2.289
78.48000 2.152
78.50000 2.726
78.52000 0.768
78.54000 1.807
78.56000 6.231
78.58000 4.444
78.60000 0.353
78.62000 -2.157
78.64000 -1.341
78.66000 1.538
78.68000 2.417
78.70000 0.401
78.72000 -0.416
78.74000 1.035
78.76000 4.624
78.78000 2.420
78.80000 2.210
78.82000 3.996
78.84000 0.875
78.86000 0.906
78.88000 2.277
78.90000 0.426
78.92000 -0.129
78.94000 -0.334
78.96000 -2.025
78.98000 2.397
79.00000 -0.923
79.02000 -0.647
79.04000 2.929
79.06000 2.618
79.08000 2.498
79.10000 4.095
79.12000 2.199
79.14000 2.909
79.16000 2.894
79.18000 6.328
79.20000 6.129
79.22000 3.988
79.24000 0.311
79.26000 1.962
79.28000 5.419
79.30000 2.571
79.32000 0.479
79.34000 -1.523
79.36000 -0.297
79.38000 2.621
79.40000 -0.509
79.42000 1.093
79.44000 1.215
79.46000 4.749
79.48000 1.520
79.50000 2.218
79.52000 1.378
79.54000 2.412
79.56000 0.323
79.58000 4.352
79.60000 -1.329
79.62000 5.918
79.64000 8.574
79.66000 5.096
79.68000 2.567
79.70000 2.683
79.72000 2.167
79.74000 5.974
79.76000 5.861
79.78000 9.021
79.80000 7.660
79.82000 1.820
79.84000 -2.285
79.86000 -0.560
79.88000 0.333
79.90000 3.808
79.92000 4.972
79.94000 8.410
79.96000 2.668
79.98000 1.773
80.00000 2.506
80.02000 1.635
80.04000 4.134
80.06000 4.406
80.08000 1.008
80.10000 3.440
80.12000 2.712
80.14000 0.738
80.16000 4.157
80.18000 4.584
80.20000 -1.341
80.22000 2.824
80.24000 5.840
80.26000 6.193
80.28000 3.414
80.30000 4.099
80.32000 2.077
80.34000 6.132
80.36000 8.403
80.38000 4.506
80.40000 5.280
80.42000 2.590
80.44000 2.628
80.46000 1.983
80.48000 3.925
80.50000 1.746
80.52000 4.549
80.54000 6.854
80.56000 1.583
80.58000 0.900
80.60000 4.590
80.62000 4.549
80.64000 4.177
80.66000 2.905
80.68000 2.185
80.70000 -2.364
80.72000 0.169
80.74000 4.089
80.76000 0.052
80.78000 -0.159
80.80000 2.784
80.82000 7.851
80.84000 6.393
80.86000 -0.223
80.88000 1.798
80.90000 2.591
80.92000 5.722
80.94000 4.268
80.96000 3.437
80.98000 1.606
81.00000 -0.016
81.02000 2.519
81.04000 6.352
81.06000 2.486
81.08000 -0.768
81.10000 3.772
81.12000 3.922
81.14000 2.153
81.16000 2.568
81.18000 2.796
81.20000 3.281
81.22000 4.843
81.24000 3.554
81.26000 1.658
81.28000 4.537
81.30000 0.570
81.32000 -0.010
81.34000 5.369
81.36000 6.851
81.38000 9.915
81.40000 9.327
81.42000 6.395
81.44000 2.470
81.46000 6.405
81.48000 7.375
81.50000 7.176
81.52000 7.091
81.54000 9.351
81.56000 7.841
81.58000 5.763
81.60000 7.428
81.62000 5.992
81.64000 9.758
81.66000 13.457
81.68000 14.306
81.70000 12.708
81.72000 9.923
81.74000 9.082
81.76000 5.329
81.78000 10.672
81.80000 12.153
81.82000 9.793
81.84000 12.417
81.86000 8.943
81.88000 11.134
81.90000 15.100
81.92000 15.074
81.94000 9.160
81.96000 12.360
81.98000 11.725
82.00000 14.870
82.02000 18.170
82.04000 18.646
82.06000 21.277
82.08000 25.274
82.10000 21.666
82.12000 19.675
82.14000 18.753
82.16000 17.596
82.18000 17.367
82.20000 22.903
82.22000 23.056
82.24000 23.945
82.26000 23.538
82.28000 26.475
82.30000 24.830
82.32000 30.086
82.34000 26.915
82.36000 27.882
82.38000 25.971
82.40000 27.919
82.42000 26.722
82.44000 27.894
82.46000 29.831
82.48000 28.677
82.50000 28.524
82.52000 24.263
82.54000 26.548
82.56000 29.262
82.58000 27.330
82.60000 31.166
82.62000 35.784
82.64000 35.510
82.66000 29.126
82.68000 34.334
82.70000 38.336
82.72000 41.144
82.74000 38.457
82.76000 40.105
82.78000 37.443
82.80000 31.662
82.82000 31.969
82.84000 35.648
82.86000 40.869
82.88000 46.414
82.90000 41.169
82.92000 36.331
82.94000 33.829
82.96000 36.020
82.98000 33.707
83.00000 27.262
83.02000 32.880
83.04000 37.852
83.06000 37.712
83.08000 35.015
83.10000 33.984
83.12000 31.458
83.14000 38.718
83.16000 37.395
83.18000 34.905
83.20000 35.282
83.22000 35.876
83.24000 33.596
83.26000 32.598
83.28000 28.261
83.30000 28.223
83.32000 26.013
83.34000 28.813
83.36000 33.101
83.38000 27.554
83.40000 28.620
83.42000 24.695
83.44000 21.209
83.46000 20.989
83.48000 20.958
83.50000 25.462
83.52000 23.515
83.54000 17.065
83.56000 19.806
83.58000 19.557
83.60000 18.734
83.62000 19.878
83.64000 22.891
83.66000 20.710
83.68000 19.233
83.70000 16.821
83.72000 16.914
83.74000 13.879
83.76000 13.326
83.78000 14.619
83.80000 15.566
83.82000 17.229
83.84000 16.797
83.86000 9.336
83.88000 9.232
83.90000 9.599
83.92000 12.357
83.94000 4.438
83.96000 4.217
83.98000 8.908
84.00000 6.210
84.02000 5.094
84.04000 8.672
84.06000 8.844
84.08000 6.156
84.10000 6.197
84.12000 9.400
84.14000 11.362
84.16000 10.098
84.18000 9.107
84.20000 8.614
84.22000 6.739
84.24000 4.738
84.26000 4.916
84.28000 6.279
84.30000 3.763
84.32000 -0.080
84.34000 1.095
84.36000 4.626
84.38000 3.137
84.40000 6.001
84.42000 5.582
84.44000 5.558
84.46000 2.546
84.48000 2.562
84.50000 -0.042
84.52000 5.308
84.54000 5.491
84.56000 1.973
84.58000 2.026
84.60000 -1.651
84.62000 0.472
84.64000 2.781
84.66000 4.779
84.68000 1.467
84.70000 0.216
84.72000 2.176
84.74000 1.930
84.76000 4.302
84.78000 6.093
84.80000 7.340
84.82000 3.681
84.84000 3.727
84.86000 4.008
84.88000 5.541
84.90000 6.212
84.92000 2.582
84.94000 1.982
84.96000 0.515
84.98000 4.337
85.00000 4.505
85.02000 1.436
85.04000 0.647
85.06000 4.686
85.08000 6.632
85.10000 7.866
85.12000 5.879
85.14000 2.319
85.16000 1.881
85.18000 1.950
85.20000 1.063
85.22000 -2.245
85.24000 3.087
85.26000 5.609
85.28000 0.835
85.30000 1.584
85.32000 3.305
85.34000 8.902
85.36000 6.565
85.38000 2.956
85.40000 0.145
85.42000 5.056
85.44000 5.514
85.46000 1.699
85.48000 1.355
85.50000 3.129
85.52000 2.909
85.54000 3.433
85.56000 3.805
85.58000 5.009
85.60000 2.765
85.62000 0.800
85.64000 5.204
85.66000 5.943
85.68000 3.602
85.70000 7.898
85.72000 6.293
85.74000 3.107
85.76000 5.128
85.78000 2.895
85.80000 4.854
85.82000 1.830
85.84000 -0.842
85.86000 2.666
85.88000 2.200
85.90000 2.195
85.92000 0.657
85.94000 1.560
85.96000 0.680
85.98000 6.340
86.00000 3.309
86.02000 3.061
86.04000 7.448
86.06000 8.612
86.08000 3.054
86.10000 3.047
86.12000 1.598
86.14000 1.903
86.16000 3.298
86.18000 7.662
86.20000 6.094
86.22000 2.839
86.24000 5.561
86.26000 6.929
86.28000 6.288
86.30000 3.145
86.32000 1.496
86.34000 3.469
86.36000 7.481
86.38000 8.099
86.40000 9.154
86.42000 10.404
86.44000 8.467
86.46000 7.695
86.48000 6.837
86.50000 8.972
86.52000 9.555
86.54000 7.506
86.56000 7.837
86.58000 13.160
86.60000 9.237
86.62000 12.275
86.64000 15.420
86.66000 14.064
86.68000 9.920
86.70000 11.800
86.72000 9.268
86.74000 7.808
86.76000 8.626
86.78000 12.788
86.80000 16.672
86.82000 18.003
86.84000 13.546
86.86000 15.941
86.88000 19.791
86.90000 19.526
86.92000 17.310
86.94000 14.977
86.96000 13.627
86.98000 14.505
87.00000 20.832
87.02000 23.259
87.04000 18.480
87.06000 20.083
87.08000 19.556
87.10000 20.745
87.12000 20.691
87.14000 22.959
87.16000 22.758
87.18000 21.661
87.20000 22.429
87.22000 26.427
87.24000 23.801
87.26000 22.924
87.28000 15.645
87.30000 16.816
87.32000 14.451
87.34000 18.943
87.36000 24.233
87.38000 24.846
87.40000 21.342
87.42000 15.525
87.44000 14.954
87.46000 16.725
87.48000 19.834
87.50000 20.604
87.52000 22.905
87.54000 15.101
87.56000 16.095
87.58000 15.974
87.60000 15.675
87.62000 13.107
87.64000 16.758
87.66000 23.515
87.68000 22.035
87.70000 17.163
87.72000 16.143
87.74000 17.358
87.76000 13.854
87.78000 12.805
87.80000 13.341
87.82000 14.580
87.84000 16.163
87.86000 15.874
87.88000 12.480
87.90000 14.083
87.92000 14.550
87.94000 13.371
87.96000 15.169
87.98000 11.004
88.00000 12.048
88.02000 11.664
88.04000 10.810
88.06000 11.093
88.08000 12.975
88.10000 7.767
88.12000 8.557
88.14000 9.684
88.16000 11.325
88.18000 12.273
88.20000 10.025
88.22000 3.533
88.24000 4.060
88.26000 7.452
88.28000 5.564
88.30000 3.473
88.32000 5.250
88.34000 3.655
88.36000 2.648
88.38000 3.356
88.40000 5.090
88.42000 7.559
88.44000 5.368
88.46000 5.549
88.48000 5.351
88.50000 7.703
88.52000 7.516
88.54000 8.509
88.56000 9.532
88.58000 4.617
88.60000 1.908
88.62000 1.315
88.64000 0.667
88.66000 3.246
88.68000 -1.301
88.70000 1.996
88.72000 2.152
88.74000 2.254
88.76000 0.152
88.78000 -0.165
88.80000 2.578
88.82000 2.905
88.84000 2.107
88.86000 1.308
88.88000 -2.152
88.90000 0.440
88.92000 2.229
88.94000 4.348
88.96000 7.779
88.98000 4.446
89.00000 1.385
89.02000 3.500
89.04000 3.097
89.06000 3.018
89.08000 3.576
89.10000 3.662
89.12000 2.158
89.14000 3.057
89.16000 3.489
89.18000 2.343
89.20000 3.219
89.22000 0.096
89.24000 2.961
89.26000 3.507
89.28000 2.106
89.30000 2.162
89.32000 -0.698
89.34000 2.771
89.36000 3.512
89.38000 4.550
89.40000 9.498
89.42000 5.709
89.44000 4.864
89.46000 4.495
89.48000 3.483
89.50000 5.311
89.52000 6.502
89.54000 4.387
89.56000 0.503
89.58000 7.126
89.60000 3.766
89.62000 8.328
89.64000 4.683
89.66000 0.721
89.68000 0.982
89.70000 2.297
89.72000 3.052
89.74000 3.814
89.76000 -1.137
89.78000 -2.120
89.80000 5.285
89.82000 7.137
89.84000 2.453
89.86000 -0.122
89.88000 3.694
89.90000 7.991
89.92000 3.960
89.94000 -0.080
89.96000 0.131
89.98000 2.975
90.00000 2.636
90.02000 1.411
90.04000 2.910
90.06000 3.699
90.08000 3.860
90.10000 2.226
90.12000 0.425
90.14000 -0.619
90.16000 2.152
90.18000 4.075
90.20000 6.047
90.22000 3.106
90.24000 3.828
90.26000 1.940
90.28000 2.058
90.30000 1.952
90.32000 1.188
90.34000 -2.117
90.36000 1.138
90.38000 3.145
90.40000 0.313
90.42000 2.951
90.44000 4.011
90.46000 3.676
90.48000 -0.955
90.50000 3.631
90.52000 4.301
90.54000 2.795
90.56000 2.385
90.58000 3.201
90.60000 4.380
90.62000 6.994
90.64000 4.222
90.66000 4.059
90.68000 3.557
90.70000 5.273
90.72000 0.114
90.74000 1.480
90.76000 -0.459
90.78000 4.383
90.80000 4.641
90.82000 2.180
90.84000 -0.396
90.86000 0.519
90.88000 2.523
90.90000 5.790
90.92000 5.308
90.94000 1.071
90.96000 3.074
90.98000 6.485
91.00000 6.177
91.02000 3.735
91.04000 2.632
91.06000 2.918
91.08000 6.819
91.10000 3.948
91.12000 2.592
91.14000 1.710
91.16000 0.154
91.18000 1.917
91.20000 3.348
91.22000 2.082
91.24000 1.045
91.26000 2.133
91.28000 0.577
91.30000 2.502
91.32000 2.812
91.34000 1.015
91.36000 0.366
91.38000 3.647
91.40000 -0.211
91.42000 -1.585
91.44000 -0.553
91.46000 3.845
91.48000 1.122
91.50000 1.396
91.52000 5.266
91.54000 5.864
91.56000 2.612
91.58000 1.051
91.60000 1.171
91.62000 5.312
91.64000 6.311
91.66000 5.797
91.68000 6.419
91.70000 7.635
91.72000 6.954
91.74000 4.637
91.76000 3.190
91.78000 -2.114
91.80000 -0.168
91.82000 3.034
91.84000 7.527
91.86000 3.071
91.88000 0.843
91.90000 0.525
91.92000 2.546
91.94000 3.655
91.96000 3.397
91.98000 5.017
92.00000 1.590
92.02000 2.427
92.04000 3.349
92.06000 3.731
92.08000 2.195
92.10000 1.108
92.12000 0.569
92.14000 3.773
92.16000 2.068
92.18000 2.386
92.20000 6.611
92.22000 7.342
92.24000 6.630
92.26000 8.763
92.28000 4.481
92.30000 2.148
92.32000 4.312
92.34000 5.312
92.36000 6.045
92.38000 9.072
92.40000 6.289
92.42000 -2.105
92.44000 3.967
92.46000 5.824
92.48000 6.160
92.50000 6.056
92.52000 3.910
92.54000 8.527
92.56000 5.497
92.58000 5.325
92.60000 4.330
92.62000 8.409
92.64000 3.709
92.66000 0.964
92.68000 7.425
92.70000 8.977
92.72000 9.309
92.74000 2.859
92.76000 5.978
92.78000 1.641
92.80000 1.439
92.82000 3.130
92.84000 0.189
92.86000 0.893
92.88000 3.509
92.90000 5.065
92.92000 2.176
92.94000 3.683
92.96000 3.592
92.98000 2.318
93.00000 -1.309
93.02000 1.508
93.04000 0.832
93.06000 2.698
93.08000 1.591
93.10000 6.314
93.12000 3.013
93.14000 5.365
93.16000 3.247
93.18000 2.277
93.20000 4.723
93.22000 3.442
93.24000 1.421
93.26000 0.447
93.28000 2.571
93.30000 1.044
93.32000 4.430
93.34000 6.483
93.36000 5.452
93.38000 2.920
93.40000 4.136
93.42000 4.596
93.44000 7.228
93.46000 10.424
93.48000 3.437
93.50000 3.610
93.52000 0.731
93.54000 3.487
93.56000 8.189
93.58000 2.758
93.60000 4.526
93.62000 5.453
93.64000 4.559
93.66000 3.409
93.68000 5.277
93.70000 8.120
93.72000 10.039
93.74000 5.230
93.76000 1.207
93.78000 3.695
93.80000 0.870
93.82000 0.834
93.84000 5.809
93.86000 5.188
93.88000 4.242
93.90000 0.606
93.92000 3.233
93.94000 5.758
93.96000 7.174
93.98000 2.421
94.00000 1.393
94.02000 2.359
94.04000 3.876
94.06000 5.325
94.08000 11.038
94.10000 9.313
94.12000 6.286
94.14000 4.298
94.16000 6.365
94.18000 7.667
94.20000 8.073
94.22000 8.393
94.24000 7.405
94.26000 5.511
94.28000 5.694
94.30000 10.078
94.32000 8.533
94.34000 1.977
94.36000 2.345
94.38000 2.211
94.40000 2.472
94.42000 4.397
94.44000 3.279
94.46000 -2.050
94.48000 0.368
94.50000 8.804
94.52000 16.396
94.54000 8.808
94.56000 7.718
94.58000 7.715
94.60000 4.145
94.62000 5.416
94.64000 6.844
94.66000 9.641
94.68000 5.520
94.70000 5.896
94.72000 8.974
94.74000 8.241
94.76000 7.694
94.78000 6.293
94.80000 5.777
94.82000 6.187
94.84000 4.465
94.86000 4.785
94.88000 6.375
94.90000 4.813
94.92000 3.922
94.94000 3.200
94.96000 4.437
94.98000 4.544
95.00000 4.936
95.02000 5.530
95.04000 6.933
95.06000 6.817
95.08000 6.644
95.10000 8.452
95.12000 6.433
95.14000 2.622
95.16000 2.888
95.18000 -0.285
95.20000 3.637
95.22000 6.060
95.24000 3.590
95.26000 8.095
95.28000 5.921
95.30000 4.502
95.32000 3.640
95.34000 1.941
95.36000 4.534
95.38000 8.108
95.40000 7.510
95.42000 9.978
95.44000 6.936
95.46000 6.399
95.48000 5.408
95.50000 5.863
95.52000 6.825
95.54000 1.437
95.56000 7.224
95.58000 11.167
95.60000 10.115
95.62000 4.573
95.64000 4.584
95.66000 8.285
95.68000 12.520
95.70000 10.499
95.72000 8.960
95.74000 4.429
95.76000 7.147
95.78000 6.102
95.80000 3.112
95.82000 6.347
95.84000 6.292
95.86000 5.434
95.88000 6.726
95.90000 7.048
95.92000 7.407
95.94000 5.257
95.96000 2.653
95.98000 4.417
96.00000 10.609
96.02000 8.649
96.04000 10.751
96.06000 11.695
96.08000 5.506
96.10000 6.632
96.12000 6.831
96.14000 7.132
96.16000 6.577
96.18000 4.953
96.20000 6.698
96.22000 4.562
96.24000 5.407
96.26000 11.840
96.28000 2.981
96.30000 0.008
96.32000 1.204
96.34000 3.414
96.36000 7.857
96.38000 4.865
96.40000 5.066
96.42000 8.131
96.44000 2.235
96.46000 2.043
96.48000 -2.059
96.50000 7.084
96.52000 15.730
96.54000 9.253
96.56000 3.791
96.58000 5.664
96.60000 7.295
96.62000 7.789
96.64000 12.521
96.66000 12.750
96.68000 9.279
96.70000 8.514
96.72000 7.506
96.74000 7.022
96.76000 10.885
96.78000 7.051
96.80000 7.549
96.82000 1.806
96.84000 5.293
96.86000 6.399
96.88000 8.933
96.90000 10.486
96.92000 10.715
96.94000 5.829
96.96000 5.087
96.98000 4.924
97.00000 8.540
97.02000 10.048
97.04000 7.387
97.06000 3.714
97.08000 7.126
97.10000 9.944
97.12000 6.535
97.14000 1.761
97.16000 4.623
97.18000 6.765
97.20000 3.548
97.22000 4.942
97.24000 6.071
97.26000 4.730
97.28000 6.725
97.30000 7.742
97.32000 8.054
97.34000 4.688
97.36000 8.722
97.38000 8.548
97.40000 6.695
97.42000 5.569
97.44000 2.959
97.46000 10.652
97.48000 1.288
97.50000 7.496
97.52000 10.294
97.54000 14.447
97.56000 21.504
97.58000 7.589
97.60000 6.555
97.62000 -1.117
97.64000 5.204
97.66000 5.527
97.68000 4.854
97.70000 3.551
97.72000 8.646
97.74000 10.850
97.76000 8.480
97.78000 9.867
97.80000 10.008
97.82000 0.794
97.84000 2.086
97.86000 10.562
97.88000 13.695
97.90000 9.640
97.92000 4.587
97.94000 1.721
97.96000 3.016
97.98000 0.378
98.00000 3.231
98.02000 10.016
98.04000 11.797
98.06000 6.637
98.08000 3.856
98.10000 1.981
98.12000 4.643
98.14000 6.317
98.16000 6.553
98.18000 13.528
98.20000 5.857
98.22000 7.932
98.24000 4.073
98.26000 1.224
98.28000 8.987
98.30000 10.854
98.32000 9.968
98.34000 9.461
98.36000 6.047
98.38000 11.749
98.40000 14.939
98.42000 5.829
98.44000 -2.005
98.46000 3.220
98.48000 5.754
98.50000 7.879
98.52000 9.228
98.54000 7.313
98.56000 7.089
98.58000 9.827
98.60000 2.262
98.62000 1.183
98.64000 3.786
98.66000 4.828
98.68000 7.344
98.70000 10.827
98.72000 5.914
98.74000 6.473
98.76000 6.701
98.78000 5.603
98.80000 6.134
98.82000 6.675
98.84000 10.144
98.86000 4.486
98.88000 8.778
98.90000 8.841
98.92000 5.350
98.94000 1.549
98.96000 5.928
98.98000 8.674
99.00000 14.918
99.02000 15.078
99.04000 15.419
99.06000 7.280
99.08000 1.775
99.10000 4.961
99.12000 9.815
99.14000 11.553
99.16000 11.944
99.18000 14.479
99.20000 11.711
99.22000 8.921
99.24000 -1.003
99.26000 4.671
99.28000 7.184
99.30000 12.607
99.32000 9.100
99.34000 5.052
99.36000 5.428
99.38000 2.250
99.40000 4.072
99.42000 10.264
99.44000 11.253
99.46000 12.059
99.48000 8.090
99.50000 13.351
99.52000 4.844
99.54000 -2.009
99.56000 3.473
99.58000 6.467
99.60000 3.491
99.62000 4.462
99.64000 3.066
99.66000 5.961
99.68000 4.469
99.70000 12.264
99.72000 10.678
99.74000 1.235
99.76000 -2.049
99.78000 1.549
99.80000 9.935
99.82000 6.834
99.84000 12.102
99.86000 5.311
99.88000 -2.107
99.90000 -2.125
99.92000 2.814
99.94000 0.762
99.96000 -0.078
99.98000 0.000
