'Id: "0011388" Comment: "Integrate frame 0011388_Au-Ir-Rh_Rh-rich_XRD-Mapping-332-0000.gfrmwith cursor Wedge Cursor #5" Operator: "B?rgel" Anode: "Cu" Wavelength: "1.5406" Scantype: "2Theta (TwoTheta)" TimePerStep: "1" X: "13.5" Y: "40.5" Z: "5.95" 
10.00000 0.000
10.02000 -4.108
10.04000 7.621
10.06000 36.736
10.08000 21.586
10.10000 40.318
10.12000 35.639
10.14000 18.751
10.16000 22.187
10.18000 30.719
10.20000 3.725
10.22000 1.621
10.24000 3.614
10.26000 5.133
10.28000 18.076
10.30000 19.065
10.32000 23.906
10.34000 9.004
10.36000 8.714
10.38000 17.867
10.40000 15.352
10.42000 14.283
10.44000 21.168
10.46000 25.119
10.48000 18.972
10.50000 6.888
10.52000 24.606
10.54000 33.830
10.56000 6.749
10.58000 12.184
10.60000 14.781
10.62000 26.670
10.64000 17.665
10.66000 21.174
10.68000 16.041
10.70000 17.095
10.72000 9.066
10.74000 12.773
10.76000 30.848
10.78000 29.761
10.80000 18.519
10.82000 17.875
10.84000 12.003
10.86000 27.526
10.88000 11.660
10.90000 2.740
10.92000 7.860
10.94000 4.433
10.96000 8.559
10.98000 -2.438
11.00000 -1.503
11.02000 -1.600
11.04000 -0.381
11.06000 7.586
11.08000 20.687
11.10000 8.397
11.12000 2.644
11.14000 7.111
11.16000 15.546
11.18000 16.406
11.20000 16.518
11.22000 17.342
11.24000 6.340
11.26000 15.318
11.28000 17.400
11.30000 19.476
11.32000 16.366
11.34000 4.933
11.36000 7.814
11.38000 23.155
11.40000 18.831
11.42000 9.151
11.44000 12.161
11.46000 19.946
11.48000 8.641
11.50000 6.428
11.52000 23.458
11.54000 27.887
11.56000 18.159
11.58000 26.926
11.60000 31.148
11.62000 21.480
11.64000 9.532
11.66000 10.237
11.68000 20.677
11.70000 20.768
11.72000 17.999
11.74000 21.227
11.76000 23.310
11.78000 20.144
11.80000 18.937
11.82000 30.022
11.84000 18.143
11.86000 12.003
11.88000 13.363
11.90000 16.823
11.92000 20.464
11.94000 29.313
11.96000 19.065
11.98000 18.841
12.00000 18.127
12.02000 24.172
12.04000 35.721
12.06000 26.048
12.08000 10.618
12.10000 20.906
12.12000 20.720
12.14000 22.397
12.16000 16.862
12.18000 22.700
12.20000 20.654
12.22000 17.072
12.24000 20.958
12.26000 20.391
12.28000 9.314
12.30000 -4.343
12.32000 7.836
12.34000 13.279
12.36000 20.819
12.38000 22.247
12.40000 24.701
12.42000 22.886
12.44000 21.489
12.46000 19.414
12.48000 11.547
12.50000 15.638
12.52000 23.948
12.54000 21.163
12.56000 22.353
12.58000 21.706
12.60000 27.576
12.62000 23.010
12.64000 31.683
12.66000 25.126
12.68000 15.978
12.70000 12.817
12.72000 22.793
12.74000 26.184
12.76000 29.010
12.78000 29.811
12.80000 15.773
12.82000 19.418
12.84000 28.312
12.86000 21.633
12.88000 19.839
12.90000 19.974
12.92000 16.240
12.94000 9.993
12.96000 6.478
12.98000 16.166
13.00000 19.901
13.02000 21.807
13.04000 18.365
13.06000 14.314
13.08000 16.348
13.10000 15.111
13.12000 25.221
13.14000 25.961
13.16000 19.767
13.18000 16.274
13.20000 11.135
13.22000 7.860
13.24000 13.399
13.26000 20.070
13.28000 20.117
13.30000 26.011
13.32000 17.490
13.34000 20.804
13.36000 21.543
13.38000 21.694
13.40000 15.285
13.42000 12.096
13.44000 16.362
13.46000 12.133
13.48000 18.158
13.50000 15.613
13.52000 13.096
13.54000 19.950
13.56000 10.433
13.58000 14.973
13.60000 12.946
13.62000 9.325
13.64000 6.536
13.66000 7.458
13.68000 8.597
13.70000 13.199
13.72000 17.450
13.74000 20.708
13.76000 10.912
13.78000 16.397
13.80000 16.108
13.82000 11.558
13.84000 18.331
13.86000 16.443
13.88000 10.084
13.90000 13.580
13.92000 16.269
13.94000 14.262
13.96000 14.664
13.98000 8.502
14.00000 10.059
14.02000 12.926
14.04000 7.442
14.06000 3.056
14.08000 10.754
14.10000 14.273
14.12000 23.865
14.14000 9.873
14.16000 6.753
14.18000 11.623
14.20000 19.672
14.22000 19.345
14.24000 15.030
14.26000 23.068
14.28000 20.279
14.30000 10.953
14.32000 18.426
14.34000 23.238
14.36000 15.101
14.38000 1.921
14.40000 -3.045
14.42000 2.235
14.44000 9.272
14.46000 16.703
14.48000 19.147
14.50000 14.827
14.52000 15.400
14.54000 17.445
14.56000 13.371
14.58000 15.549
14.60000 15.132
14.62000 10.754
14.64000 -4.474
14.66000 4.561
14.68000 14.381
14.70000 14.114
14.72000 3.240
14.74000 9.070
14.76000 14.445
14.78000 12.860
14.80000 16.421
14.82000 14.082
14.84000 11.819
14.86000 6.910
14.88000 3.839
14.90000 7.790
14.92000 10.252
14.94000 14.796
14.96000 5.656
14.98000 6.822
15.00000 13.104
15.02000 14.180
15.04000 15.695
15.06000 5.145
15.08000 13.742
15.10000 13.074
15.12000 0.343
15.14000 -4.478
15.16000 13.409
15.18000 17.927
15.20000 11.297
15.22000 12.539
15.24000 6.890
15.26000 8.859
15.28000 14.090
15.30000 6.091
15.32000 -0.085
15.34000 -3.428
15.36000 2.205
15.38000 7.372
15.40000 6.691
15.42000 6.932
15.44000 14.918
15.46000 11.174
15.48000 5.162
15.50000 8.437
15.52000 6.394
15.54000 6.265
15.56000 7.874
15.58000 5.919
15.60000 1.625
15.62000 8.980
15.64000 3.517
15.66000 8.015
15.68000 11.272
15.70000 14.496
15.72000 16.171
15.74000 16.482
15.76000 8.150
15.78000 11.186
15.80000 11.692
15.82000 4.423
15.84000 8.441
15.86000 7.889
15.88000 0.555
15.90000 5.090
15.92000 2.869
15.94000 -0.097
15.96000 11.324
15.98000 10.861
16.00000 -0.805
16.02000 3.977
16.04000 9.026
16.06000 11.551
16.08000 11.950
16.10000 5.881
16.12000 5.144
16.14000 10.738
16.16000 9.438
16.18000 1.382
16.20000 -0.897
16.22000 5.076
16.24000 6.219
16.26000 14.249
16.28000 8.870
16.30000 6.476
16.32000 16.580
16.34000 17.831
16.36000 10.929
16.38000 6.907
16.40000 2.209
16.42000 2.333
16.44000 5.573
16.46000 9.900
16.48000 6.629
16.50000 13.534
16.52000 13.543
16.54000 4.337
16.56000 4.040
16.58000 9.023
16.60000 9.197
16.62000 5.156
16.64000 3.984
16.66000 1.923
16.68000 10.499
16.70000 8.193
16.72000 4.988
16.74000 4.373
16.76000 -0.484
16.78000 3.258
16.80000 1.029
16.82000 -1.229
16.84000 0.427
16.86000 7.926
16.88000 11.433
16.90000 3.935
16.92000 0.769
16.94000 4.733
16.96000 11.214
16.98000 1.918
17.00000 5.759
17.02000 19.216
17.04000 9.967
17.06000 -2.038
17.08000 -4.409
17.10000 1.841
17.12000 3.581
17.14000 8.723
17.16000 11.907
17.18000 16.453
17.20000 12.575
17.22000 8.573
17.24000 13.240
17.26000 12.171
17.28000 7.106
17.30000 10.542
17.32000 12.100
17.34000 10.731
17.36000 11.266
17.38000 9.124
17.40000 -0.433
17.42000 -3.061
17.44000 4.509
17.46000 6.986
17.48000 10.018
17.50000 4.796
17.52000 8.491
17.54000 12.251
17.56000 9.012
17.58000 4.088
17.60000 8.497
17.62000 5.359
17.64000 -0.843
17.66000 6.437
17.68000 13.480
17.70000 14.654
17.72000 12.931
17.74000 3.911
17.76000 4.367
17.78000 8.422
17.80000 3.890
17.82000 3.800
17.84000 8.806
17.86000 3.042
17.88000 9.217
17.90000 10.945
17.92000 11.120
17.94000 13.734
17.96000 8.829
17.98000 7.674
18.00000 6.021
18.02000 4.337
18.04000 3.617
18.06000 4.728
18.08000 2.771
18.10000 7.666
18.12000 17.789
18.14000 11.309
18.16000 7.015
18.18000 14.981
18.20000 17.144
18.22000 11.163
18.24000 13.154
18.26000 10.307
18.28000 9.398
18.30000 3.316
18.32000 5.831
18.34000 -0.230
18.36000 -3.614
18.38000 2.472
18.40000 7.395
18.42000 11.251
18.44000 6.515
18.46000 3.780
18.48000 0.971
18.50000 -2.446
18.52000 11.848
18.54000 7.912
18.56000 7.658
18.58000 -1.767
18.60000 -4.317
18.62000 2.835
18.64000 9.720
18.66000 6.548
18.68000 5.919
18.70000 -0.396
18.72000 3.231
18.74000 3.823
18.76000 -2.220
18.78000 -1.104
18.80000 7.950
18.82000 11.096
18.84000 8.037
18.86000 9.219
18.88000 15.358
18.90000 9.629
18.92000 10.808
18.94000 8.284
18.96000 14.951
18.98000 8.665
19.00000 2.245
19.02000 1.407
19.04000 4.342
19.06000 1.381
19.08000 3.304
19.10000 4.795
19.12000 -1.521
19.14000 -4.107
19.16000 -1.599
19.18000 -0.550
19.20000 7.719
19.22000 12.963
19.24000 5.727
19.26000 1.129
19.28000 4.341
19.30000 9.467
19.32000 4.328
19.34000 -0.304
19.36000 6.473
19.38000 6.611
19.40000 9.242
19.42000 8.818
19.44000 1.912
19.46000 1.968
19.48000 3.284
19.50000 0.864
19.52000 3.492
19.54000 13.086
19.56000 2.435
19.58000 -0.785
19.60000 3.952
19.62000 7.027
19.64000 5.269
19.66000 5.697
19.68000 2.665
19.70000 1.297
19.72000 0.637
19.74000 6.558
19.76000 6.045
19.78000 1.438
19.80000 3.556
19.82000 6.693
19.84000 9.310
19.86000 10.274
19.88000 9.112
19.90000 9.057
19.92000 14.324
19.94000 9.078
19.96000 11.835
19.98000 11.738
20.00000 0.630
20.02000 -2.460
20.04000 4.744
20.06000 8.783
20.08000 5.574
20.10000 6.235
20.12000 6.504
20.14000 4.158
20.16000 0.041
20.18000 1.369
20.20000 7.719
20.22000 8.672
20.24000 10.507
20.26000 9.803
20.28000 11.228
20.30000 12.417
20.32000 3.772
20.34000 8.741
20.36000 9.889
20.38000 6.921
20.40000 10.105
20.42000 9.855
20.44000 8.644
20.46000 4.036
20.48000 5.367
20.50000 9.446
20.52000 12.716
20.54000 12.806
20.56000 11.293
20.58000 10.484
20.60000 11.600
20.62000 4.517
20.64000 6.494
20.66000 9.640
20.68000 7.642
20.70000 -4.171
20.72000 3.408
20.74000 12.331
20.76000 10.078
20.78000 10.364
20.80000 7.992
20.82000 12.828
20.84000 17.904
20.86000 10.021
20.88000 7.766
20.90000 4.268
20.92000 0.679
20.94000 3.394
20.96000 8.058
20.98000 3.722
21.00000 5.954
21.02000 6.632
21.04000 8.220
21.06000 10.542
21.08000 6.458
21.10000 9.664
21.12000 10.256
21.14000 4.077
21.16000 7.604
21.18000 14.036
21.20000 7.143
21.22000 13.500
21.24000 6.390
21.26000 2.480
21.28000 6.954
21.30000 10.054
21.32000 8.113
21.34000 1.162
21.36000 9.752
21.38000 10.028
21.40000 0.393
21.42000 9.077
21.44000 7.381
21.46000 4.421
21.48000 5.303
21.50000 6.092
21.52000 10.000
21.54000 12.113
21.56000 11.150
21.58000 14.088
21.60000 14.206
21.62000 7.761
21.64000 2.798
21.66000 5.959
21.68000 7.242
21.70000 3.003
21.72000 2.885
21.74000 9.197
21.76000 10.813
21.78000 8.787
21.80000 14.973
21.82000 17.660
21.84000 5.857
21.86000 -4.131
21.88000 1.410
21.90000 7.385
21.92000 12.055
21.94000 17.373
21.96000 8.231
21.98000 8.973
22.00000 12.710
22.02000 9.857
22.04000 1.327
22.06000 9.231
22.08000 15.512
22.10000 10.917
22.12000 9.451
22.14000 5.381
22.16000 4.998
22.18000 6.556
22.20000 2.917
22.22000 5.716
22.24000 5.900
22.26000 6.701
22.28000 8.526
22.30000 4.498
22.32000 10.058
22.34000 8.274
22.36000 6.857
22.38000 12.752
22.40000 3.129
22.42000 3.571
22.44000 4.792
22.46000 6.770
22.48000 3.966
22.50000 3.884
22.52000 -1.191
22.54000 0.022
22.56000 0.713
22.58000 -0.263
22.60000 2.271
22.62000 5.535
22.64000 4.457
22.66000 6.892
22.68000 5.697
22.70000 6.700
22.72000 8.863
22.74000 8.276
22.76000 1.138
22.78000 7.108
22.80000 5.855
22.82000 -1.418
22.84000 1.757
22.86000 3.688
22.88000 5.197
22.90000 0.482
22.92000 6.500
22.94000 4.986
22.96000 7.473
22.98000 1.831
23.00000 0.938
23.02000 4.216
23.04000 2.107
23.06000 4.180
23.08000 6.467
23.10000 0.527
23.12000 9.147
23.14000 9.968
23.16000 8.876
23.18000 4.393
23.20000 2.179
23.22000 9.154
23.24000 7.215
23.26000 1.978
23.28000 3.271
23.30000 7.134
23.32000 4.196
23.34000 0.684
23.36000 1.606
23.38000 1.822
23.40000 9.401
23.42000 11.584
23.44000 8.416
23.46000 11.121
23.48000 3.942
23.50000 6.146
23.52000 6.095
23.54000 4.153
23.56000 7.155
23.58000 7.354
23.60000 3.842
23.62000 3.264
23.64000 6.763
23.66000 4.089
23.68000 0.615
23.70000 3.555
23.72000 9.149
23.74000 8.915
23.76000 8.334
23.78000 6.824
23.80000 7.541
23.82000 10.970
23.84000 6.234
23.86000 7.237
23.88000 10.386
23.90000 3.764
23.92000 -4.026
23.94000 0.949
23.96000 1.991
23.98000 7.077
24.00000 8.351
24.02000 2.515
24.04000 3.742
24.06000 -0.308
24.08000 0.743
24.10000 6.122
24.12000 10.440
24.14000 5.946
24.16000 6.587
24.18000 9.343
24.20000 6.937
24.22000 1.210
24.24000 4.475
24.26000 5.321
24.28000 7.451
24.30000 0.414
24.32000 0.207
24.34000 0.069
24.36000 2.756
24.38000 2.557
24.40000 2.722
24.42000 3.715
24.44000 3.881
24.46000 1.716
24.48000 0.788
24.50000 7.763
24.52000 8.054
24.54000 6.487
24.56000 4.537
24.58000 3.318
24.60000 4.095
24.62000 1.092
24.64000 4.952
24.66000 7.910
24.68000 0.706
24.70000 7.607
24.72000 5.935
24.74000 6.943
24.76000 6.999
24.78000 10.143
24.80000 4.875
24.82000 -0.432
24.84000 4.048
24.86000 5.799
24.88000 7.494
24.90000 10.041
24.92000 4.769
24.94000 5.074
24.96000 4.365
24.98000 7.204
25.00000 7.869
25.02000 -2.525
25.04000 -3.990
25.06000 1.231
25.08000 6.494
25.10000 3.069
25.12000 6.171
25.14000 6.285
25.16000 8.928
25.18000 3.553
25.20000 4.913
25.22000 3.023
25.24000 1.716
25.26000 0.345
25.28000 -1.659
25.30000 1.951
25.32000 3.473
25.34000 -3.906
25.36000 -3.973
25.38000 5.850
25.40000 7.665
25.42000 9.539
25.44000 7.961
25.46000 6.025
25.48000 9.250
25.50000 8.079
25.52000 6.663
25.54000 4.011
25.56000 0.334
25.58000 3.304
25.60000 6.888
25.62000 9.460
25.64000 5.466
25.66000 3.513
25.68000 8.870
25.70000 5.701
25.72000 2.947
25.74000 3.073
25.76000 5.419
25.78000 8.324
25.80000 7.351
25.82000 7.703
25.84000 3.349
25.86000 -1.223
25.88000 1.098
25.90000 7.624
25.92000 6.850
25.94000 4.871
25.96000 4.500
25.98000 0.626
26.00000 1.021
26.02000 5.952
26.04000 2.179
26.06000 2.551
26.08000 3.011
26.10000 0.602
26.12000 2.546
26.14000 5.342
26.16000 7.812
26.18000 11.260
26.20000 5.381
26.22000 1.980
26.24000 2.179
26.26000 0.896
26.28000 -0.468
26.30000 0.314
26.32000 2.338
26.34000 6.032
26.36000 2.651
26.38000 3.136
26.40000 3.900
26.42000 7.846
26.44000 5.986
26.46000 4.053
26.48000 1.965
26.50000 10.888
26.52000 6.888
26.54000 5.046
26.56000 6.868
26.58000 -1.917
26.60000 -3.900
26.62000 5.334
26.64000 7.733
26.66000 7.566
26.68000 4.351
26.70000 -3.814
26.72000 -2.759
26.74000 0.945
26.76000 4.824
26.78000 3.288
26.80000 4.598
26.82000 2.858
26.84000 5.495
26.86000 7.233
26.88000 2.294
26.90000 4.844
26.92000 4.540
26.94000 7.251
26.96000 10.167
26.98000 11.915
27.00000 6.992
27.02000 6.061
27.04000 8.662
27.06000 3.048
27.08000 1.373
27.10000 6.051
27.12000 8.413
27.14000 5.258
27.16000 6.284
27.18000 3.620
27.20000 -3.884
27.22000 -1.232
27.24000 4.367
27.26000 5.532
27.28000 2.617
27.30000 3.284
27.32000 1.993
27.34000 4.272
27.36000 5.812
27.38000 1.949
27.40000 1.568
27.42000 -1.257
27.44000 0.275
27.46000 5.416
27.48000 5.948
27.50000 1.974
27.52000 2.754
27.54000 0.761
27.56000 0.906
27.58000 3.530
27.60000 2.691
27.62000 3.873
27.64000 -0.377
27.66000 1.619
27.68000 1.654
27.70000 2.343
27.72000 0.879
27.74000 0.491
27.76000 -2.638
27.78000 -2.924
27.80000 1.433
27.82000 4.076
27.84000 6.959
27.86000 8.416
27.88000 6.045
27.90000 0.584
27.92000 2.312
27.94000 3.703
27.96000 0.782
27.98000 -1.643
28.00000 3.339
28.02000 4.239
28.04000 5.658
28.06000 3.884
28.08000 -0.045
28.10000 4.113
28.12000 9.397
28.14000 3.402
28.16000 3.179
28.18000 3.525
28.20000 -0.545
28.22000 1.920
28.24000 1.925
28.26000 2.068
28.28000 3.367
28.30000 2.969
28.32000 1.594
28.34000 1.889
28.36000 3.992
28.38000 2.615
28.40000 3.652
28.42000 -0.681
28.44000 1.860
28.46000 -0.174
28.48000 -0.623
28.50000 1.558
28.52000 0.158
28.54000 4.246
28.56000 4.179
28.58000 4.524
28.60000 2.654
28.62000 1.960
28.64000 2.345
28.66000 4.480
28.68000 7.389
28.70000 3.160
28.72000 2.331
28.74000 -3.799
28.76000 -1.492
28.78000 4.306
28.80000 6.358
28.82000 1.374
28.84000 7.733
28.86000 -0.695
28.88000 3.617
28.90000 5.895
28.92000 2.461
28.94000 -2.458
28.96000 0.088
28.98000 2.582
29.00000 2.839
29.02000 5.020
29.04000 1.532
29.06000 2.269
29.08000 4.550
29.10000 7.877
29.12000 5.962
29.14000 2.221
29.16000 3.571
29.18000 4.054
29.20000 1.762
29.22000 4.107
29.24000 3.707
29.26000 4.560
29.28000 7.368
29.30000 6.010
29.32000 8.863
29.34000 2.941
29.36000 1.662
29.38000 -2.689
29.40000 -0.877
29.42000 3.284
29.44000 2.277
29.46000 2.546
29.48000 -0.794
29.50000 3.224
29.52000 5.708
29.54000 1.487
29.56000 3.303
29.58000 5.420
29.60000 1.445
29.62000 5.034
29.64000 6.395
29.66000 0.865
29.68000 2.273
29.70000 4.944
29.72000 2.600
29.74000 -0.505
29.76000 4.788
29.78000 3.686
29.80000 7.269
29.82000 11.241
29.84000 1.538
29.86000 -0.348
29.88000 -0.644
29.90000 -3.752
29.92000 -3.657
29.94000 -1.479
29.96000 -0.051
29.98000 1.020
30.00000 7.320
30.02000 4.142
30.04000 -2.875
30.06000 5.167
30.08000 0.203
30.10000 0.435
30.12000 0.238
30.14000 -0.651
30.16000 0.130
30.18000 -3.292
30.20000 -3.730
30.22000 -2.939
30.24000 0.671
30.26000 -0.664
30.28000 2.359
30.30000 -1.736
30.32000 1.021
30.34000 2.103
30.36000 0.001
30.38000 -1.879
30.40000 -0.827
30.42000 -0.562
30.44000 2.297
30.46000 4.838
30.48000 3.839
30.50000 3.229
30.52000 -0.914
30.54000 0.419
30.56000 2.601
30.58000 3.639
30.60000 1.855
30.62000 3.946
30.64000 -0.514
30.66000 -3.710
30.68000 -2.192
30.70000 6.601
30.72000 4.317
30.74000 -3.191
30.76000 1.711
30.78000 7.130
30.80000 3.566
30.82000 3.394
30.84000 5.650
30.86000 7.063
30.88000 7.488
30.90000 2.579
30.92000 0.499
30.94000 -0.153
30.96000 -0.746
30.98000 -1.412
31.00000 0.710
31.02000 1.453
31.04000 -1.465
31.06000 0.986
31.08000 1.327
31.10000 3.812
31.12000 -0.622
31.14000 -0.918
31.16000 1.936
31.18000 3.615
31.20000 5.498
31.22000 6.502
31.24000 2.269
31.26000 -0.103
31.28000 1.421
31.30000 1.835
31.32000 3.346
31.34000 2.313
31.36000 4.293
31.38000 -1.116
31.40000 -1.068
31.42000 3.465
31.44000 8.858
31.46000 3.584
31.48000 1.746
31.50000 1.283
31.52000 0.321
31.54000 5.755
31.56000 6.875
31.58000 2.069
31.60000 -0.677
31.62000 1.117
31.64000 -0.503
31.66000 1.494
31.68000 1.335
31.70000 4.836
31.72000 1.786
31.74000 2.385
31.76000 4.783
31.78000 2.389
31.80000 -3.117
31.82000 -3.679
31.84000 2.327
31.86000 -0.442
31.88000 -2.546
31.90000 2.128
31.92000 1.292
31.94000 2.940
31.96000 2.669
31.98000 0.104
32.00000 0.951
32.02000 -1.036
32.04000 1.557
32.06000 0.364
32.08000 2.730
32.10000 3.907
32.12000 0.073
32.14000 3.843
32.16000 3.469
32.18000 2.460
32.20000 -0.354
32.22000 -2.019
32.24000 -0.259
32.26000 2.265
32.28000 2.516
32.30000 -0.595
32.32000 6.261
32.34000 7.981
32.36000 3.875
32.38000 -1.093
32.40000 -0.553
32.42000 0.232
32.44000 2.208
32.46000 2.559
32.48000 5.915
32.50000 3.531
32.52000 -1.436
32.54000 -1.700
32.56000 -3.661
32.58000 -1.812
32.60000 1.298
32.62000 3.775
32.64000 8.969
32.66000 0.603
32.68000 0.592
32.70000 1.669
32.72000 -2.472
32.74000 -3.053
32.76000 -3.656
32.78000 3.660
32.80000 6.129
32.82000 5.272
32.84000 2.197
32.86000 4.234
32.88000 3.164
32.90000 -2.629
32.92000 0.073
32.94000 6.637
32.96000 5.884
32.98000 6.073
33.00000 0.550
33.02000 2.824
33.04000 3.351
33.06000 2.962
33.08000 1.087
33.10000 -2.692
33.12000 -1.271
33.14000 6.282
33.16000 0.912
33.18000 -1.438
33.20000 -3.649
33.22000 -2.229
33.24000 0.237
33.26000 0.171
33.28000 1.614
33.30000 2.492
33.32000 2.583
33.34000 -3.177
33.36000 -3.187
33.38000 -3.494
33.40000 1.217
33.42000 1.541
33.44000 5.190
33.46000 4.507
33.48000 6.567
33.50000 5.115
33.52000 -1.319
33.54000 3.776
33.56000 7.354
33.58000 8.941
33.60000 6.573
33.62000 4.258
33.64000 8.901
33.66000 3.547
33.68000 -3.628
33.70000 0.222
33.72000 2.077
33.74000 6.715
33.76000 1.443
33.78000 1.733
33.80000 0.971
33.82000 1.781
33.84000 1.527
33.86000 2.271
33.88000 3.153
33.90000 3.228
33.92000 2.505
33.94000 6.290
33.96000 7.399
33.98000 2.989
34.00000 0.984
34.02000 0.823
34.04000 3.500
34.06000 0.488
34.08000 0.208
34.10000 -1.390
34.12000 -1.861
34.14000 0.689
34.16000 1.205
34.18000 3.650
34.20000 3.464
34.22000 2.276
34.24000 -0.929
34.26000 3.089
34.28000 2.023
34.30000 4.670
34.32000 8.798
34.34000 5.863
34.36000 5.319
34.38000 9.554
34.40000 11.014
34.42000 9.914
34.44000 2.094
34.46000 1.377
34.48000 4.873
34.50000 8.021
34.52000 6.622
34.54000 6.599
34.56000 4.121
34.58000 2.660
34.60000 1.207
34.62000 3.194
34.64000 0.816
34.66000 4.115
34.68000 3.025
34.70000 4.222
34.72000 1.576
34.74000 0.367
34.76000 1.541
34.78000 1.260
34.80000 -0.691
34.82000 -3.596
34.84000 3.035
34.86000 6.283
34.88000 7.237
34.90000 5.623
34.92000 1.338
34.94000 0.294
34.96000 2.667
34.98000 3.462
35.00000 2.658
35.02000 4.301
35.04000 2.226
35.06000 5.913
35.08000 8.405
35.10000 4.986
35.12000 4.124
35.14000 2.645
35.16000 -0.473
35.18000 4.457
35.20000 6.086
35.22000 4.144
35.24000 3.305
35.26000 2.634
35.28000 5.895
35.30000 6.706
35.32000 6.192
35.34000 3.575
35.36000 0.644
35.38000 -3.593
35.40000 -2.657
35.42000 2.322
35.44000 3.616
35.46000 2.060
35.48000 -0.648
35.50000 -1.670
35.52000 2.195
35.54000 3.904
35.56000 -1.898
35.58000 -3.596
35.60000 -1.067
35.62000 -2.168
35.64000 1.743
35.66000 5.485
35.68000 5.496
35.70000 -0.358
35.72000 0.851
35.74000 1.662
35.76000 1.310
35.78000 4.311
35.80000 4.664
35.82000 5.249
35.84000 2.845
35.86000 4.447
35.88000 4.665
35.90000 -3.112
35.92000 -0.679
35.94000 3.789
35.96000 3.745
35.98000 -0.595
36.00000 -2.080
36.02000 6.357
36.04000 5.533
36.06000 1.708
36.08000 -1.530
36.10000 0.115
36.12000 4.616
36.14000 6.140
36.16000 5.403
36.18000 4.362
36.20000 0.530
36.22000 0.784
36.24000 -3.623
36.26000 3.667
36.28000 5.697
36.30000 4.364
36.32000 5.019
36.34000 1.964
36.36000 1.388
36.38000 4.545
36.40000 1.825
36.42000 3.075
36.44000 0.336
36.46000 3.190
36.48000 3.678
36.50000 5.865
36.52000 1.084
36.54000 1.067
36.56000 5.251
36.58000 0.513
36.60000 0.403
36.62000 0.548
36.64000 2.467
36.66000 5.831
36.68000 -0.637
36.70000 -2.855
36.72000 6.378
36.74000 9.794
36.76000 2.625
36.78000 2.445
36.80000 1.771
36.82000 3.804
36.84000 5.407
36.86000 5.507
36.88000 3.136
36.90000 -3.638
36.92000 -2.818
36.94000 2.936
36.96000 2.304
36.98000 2.741
37.00000 8.559
37.02000 8.494
37.04000 3.473
37.06000 1.658
37.08000 3.143
37.10000 4.241
37.12000 2.302
37.14000 3.046
37.16000 2.525
37.18000 2.934
37.20000 2.020
37.22000 -3.204
37.24000 -1.653
37.26000 -0.450
37.28000 0.107
37.30000 -0.169
37.32000 3.025
37.34000 2.088
37.36000 8.421
37.38000 7.903
37.40000 0.614
37.42000 5.137
37.44000 4.455
37.46000 1.592
37.48000 -0.721
37.50000 3.020
37.52000 6.897
37.54000 6.844
37.56000 4.319
37.58000 2.314
37.60000 4.543
37.62000 4.777
37.64000 5.423
37.66000 2.104
37.68000 5.297
37.70000 9.119
37.72000 3.741
37.74000 3.823
37.76000 7.182
37.78000 9.060
37.80000 12.289
37.82000 9.070
37.84000 11.425
37.86000 9.578
37.88000 14.257
37.90000 11.351
37.92000 9.678
37.94000 14.315
37.96000 7.711
37.98000 5.435
38.00000 10.901
38.02000 16.199
38.04000 19.337
38.06000 10.758
38.08000 7.204
38.10000 12.487
38.12000 15.702
38.14000 16.539
38.16000 12.277
38.18000 12.967
38.20000 14.439
38.22000 19.510
38.24000 18.853
38.26000 16.532
38.28000 20.340
38.30000 25.420
38.32000 21.495
38.34000 21.150
38.36000 22.459
38.38000 21.623
38.40000 20.708
38.42000 19.923
38.44000 21.161
38.46000 27.605
38.48000 27.793
38.50000 30.349
38.52000 31.235
38.54000 30.143
38.56000 32.791
38.58000 35.562
38.60000 36.360
38.62000 34.468
38.64000 36.690
38.66000 35.707
38.68000 31.787
38.70000 34.296
38.72000 38.933
38.74000 40.963
38.76000 41.314
38.78000 42.620
38.80000 43.806
38.82000 44.802
38.84000 50.677
38.86000 51.215
38.88000 51.500
38.90000 51.795
38.92000 56.527
38.94000 56.503
38.96000 58.074
38.98000 58.462
39.00000 61.917
39.02000 66.431
39.04000 67.673
39.06000 69.091
39.08000 73.323
39.10000 81.610
39.12000 85.208
39.14000 90.329
39.16000 88.549
39.18000 84.114
39.20000 92.946
39.22000 100.796
39.24000 104.052
39.26000 109.451
39.28000 110.758
39.30000 117.838
39.32000 127.522
39.34000 128.845
39.36000 131.469
39.38000 138.936
39.40000 143.396
39.42000 152.516
39.44000 153.901
39.46000 164.650
39.48000 175.057
39.50000 188.319
39.52000 191.210
39.54000 194.030
39.56000 203.807
39.58000 222.138
39.60000 233.907
39.62000 242.547
39.64000 248.579
39.66000 249.856
39.68000 270.590
39.70000 293.416
39.72000 307.067
39.74000 328.992
39.76000 344.532
39.78000 353.857
39.80000 361.764
39.82000 380.415
39.84000 400.372
39.86000 423.030
39.88000 442.940
39.90000 455.131
39.92000 474.016
39.94000 497.414
39.96000 509.855
39.98000 533.174
40.00000 553.926
40.02000 571.965
40.04000 580.878
40.06000 608.615
40.08000 636.370
40.10000 659.480
40.12000 682.547
40.14000 701.957
40.16000 706.162
40.18000 708.568
40.20000 726.197
40.22000 749.672
40.24000 755.595
40.26000 760.350
40.28000 774.636
40.30000 763.013
40.32000 750.549
40.34000 743.146
40.36000 745.426
40.38000 750.947
40.40000 763.802
40.42000 760.172
40.44000 733.722
40.46000 715.566
40.48000 700.786
40.50000 680.372
40.52000 650.776
40.54000 638.396
40.56000 619.105
40.58000 598.131
40.60000 581.649
40.62000 570.315
40.64000 552.519
40.66000 529.366
40.68000 498.698
40.70000 472.895
40.72000 456.641
40.74000 439.209
40.76000 415.218
40.78000 405.779
40.80000 380.715
40.82000 363.455
40.84000 344.983
40.86000 326.588
40.88000 301.938
40.90000 289.760
40.92000 275.648
40.94000 263.434
40.96000 251.068
40.98000 236.309
41.00000 229.562
41.02000 210.612
41.04000 196.318
41.06000 191.188
41.08000 178.637
41.10000 167.817
41.12000 159.395
41.14000 149.578
41.16000 145.021
41.18000 137.704
41.20000 126.987
41.22000 120.341
41.24000 113.897
41.26000 109.765
41.28000 103.326
41.30000 94.556
41.32000 86.239
41.34000 82.775
41.36000 80.914
41.38000 78.798
41.40000 75.985
41.42000 69.603
41.44000 63.343
41.46000 58.769
41.48000 53.883
41.50000 54.378
41.52000 59.508
41.54000 47.767
41.56000 46.049
41.58000 45.503
41.60000 44.568
41.62000 38.626
41.64000 36.001
41.66000 36.708
41.68000 38.144
41.70000 32.402
41.72000 35.759
41.74000 38.087
41.76000 30.722
41.78000 27.564
41.80000 22.962
41.82000 21.012
41.84000 20.180
41.86000 24.345
41.88000 23.753
41.90000 17.481
41.92000 20.976
41.94000 21.360
41.96000 20.128
41.98000 12.731
42.00000 9.968
42.02000 9.125
42.04000 7.720
42.06000 6.653
42.08000 9.017
42.10000 8.399
42.12000 8.228
42.14000 11.650
42.16000 9.890
42.18000 9.144
42.20000 11.405
42.22000 7.630
42.24000 7.420
42.26000 7.705
42.28000 7.467
42.30000 10.598
42.32000 10.846
42.34000 10.543
42.36000 3.944
42.38000 9.329
42.40000 11.693
42.42000 8.536
42.44000 6.305
42.46000 4.853
42.48000 6.656
42.50000 7.687
42.52000 2.535
42.54000 0.323
42.56000 5.392
42.58000 3.600
42.60000 -3.468
42.62000 -1.140
42.64000 -0.729
42.66000 1.561
42.68000 1.086
42.70000 4.888
42.72000 4.349
42.74000 -0.595
42.76000 -1.040
42.78000 4.751
42.80000 3.999
42.82000 3.381
42.84000 3.395
42.86000 2.316
42.88000 2.693
42.90000 4.919
42.92000 2.039
42.94000 -0.157
42.96000 -1.333
42.98000 -1.311
43.00000 -2.957
43.02000 -1.808
43.04000 3.432
43.06000 6.574
43.08000 0.694
43.10000 -1.312
43.12000 1.712
43.14000 -1.540
43.16000 6.855
43.18000 2.964
43.20000 -0.602
43.22000 -1.747
43.24000 3.732
43.26000 -0.273
43.28000 0.915
43.30000 7.401
43.32000 5.146
43.34000 7.940
43.36000 2.059
43.38000 0.383
43.40000 2.039
43.42000 -3.559
43.44000 -0.479
43.46000 5.379
43.48000 0.083
43.50000 -0.509
43.52000 2.948
43.54000 3.202
43.56000 1.845
43.58000 4.039
43.60000 5.672
43.62000 3.209
43.64000 4.083
43.66000 2.130
43.68000 7.264
43.70000 7.275
43.72000 3.934
43.74000 -3.474
43.76000 3.963
43.78000 5.334
43.80000 -0.933
43.82000 5.321
43.84000 3.311
43.86000 2.413
43.88000 3.126
43.90000 3.481
43.92000 6.944
43.94000 5.296
43.96000 2.012
43.98000 0.000
44.00000 1.871
44.02000 3.781
44.04000 1.083
44.06000 1.315
44.08000 4.882
44.10000 5.855
44.12000 -2.871
44.14000 -2.617
44.16000 -3.203
44.18000 -2.543
44.20000 -0.389
44.22000 -3.562
44.24000 -2.992
44.26000 3.741
44.28000 2.115
44.30000 -0.596
44.32000 0.507
44.34000 0.838
44.36000 7.131
44.38000 5.226
44.40000 4.580
44.42000 1.720
44.44000 5.665
44.46000 1.203
44.48000 -3.334
44.50000 0.286
44.52000 -3.577
44.54000 -0.942
44.56000 4.785
44.58000 4.609
44.60000 0.172
44.62000 3.906
44.64000 3.410
44.66000 1.269
44.68000 1.122
44.70000 5.755
44.72000 1.976
44.74000 1.971
44.76000 3.609
44.78000 4.097
44.80000 1.871
44.82000 -0.990
44.84000 -0.085
44.86000 9.170
44.88000 8.576
44.90000 3.643
44.92000 2.824
44.94000 3.420
44.96000 3.556
44.98000 2.680
45.00000 7.977
45.02000 7.278
45.04000 11.512
45.06000 8.332
45.08000 1.698
45.10000 4.989
45.12000 8.704
45.14000 12.346
45.16000 10.196
45.18000 6.097
45.20000 6.692
45.22000 5.578
45.24000 6.915
45.26000 7.148
45.28000 7.033
45.30000 9.540
45.32000 10.560
45.34000 9.099
45.36000 10.930
45.38000 11.548
45.40000 12.349
45.42000 11.150
45.44000 15.067
45.46000 10.690
45.48000 7.554
45.50000 10.718
45.52000 16.400
45.54000 19.852
45.56000 19.169
45.58000 17.718
45.60000 19.422
45.62000 20.496
45.64000 17.052
45.66000 19.044
45.68000 22.651
45.70000 22.392
45.72000 24.079
45.74000 31.307
45.76000 36.389
45.78000 30.708
45.80000 26.510
45.82000 30.224
45.84000 26.630
45.86000 21.773
45.88000 27.712
45.90000 32.725
45.92000 35.218
45.94000 28.786
45.96000 27.845
45.98000 33.659
46.00000 33.924
46.02000 43.306
46.04000 42.366
46.06000 40.043
46.08000 41.154
46.10000 45.930
46.12000 39.420
46.14000 47.240
46.16000 47.769
46.18000 46.492
46.20000 49.573
46.22000 53.961
46.24000 52.978
46.26000 56.172
46.28000 51.578
46.30000 50.171
46.32000 50.080
46.34000 51.061
46.36000 61.195
46.38000 65.233
46.40000 65.531
46.42000 63.577
46.44000 60.868
46.46000 60.687
46.48000 63.852
46.50000 63.505
46.52000 69.629
46.54000 77.050
46.56000 70.898
46.58000 74.367
46.60000 78.990
46.62000 81.446
46.64000 76.421
46.66000 77.754
46.68000 79.386
46.70000 81.209
46.72000 72.790
46.74000 79.709
46.76000 86.433
46.78000 88.267
46.80000 81.857
46.82000 78.306
46.84000 81.769
46.86000 81.851
46.88000 80.856
46.90000 74.596
46.92000 86.428
46.94000 81.404
46.96000 81.982
46.98000 75.357
47.00000 76.582
47.02000 78.780
47.04000 86.321
47.06000 82.002
47.08000 71.807
47.10000 78.653
47.12000 80.679
47.14000 82.040
47.16000 73.936
47.18000 72.178
47.20000 77.873
47.22000 73.013
47.24000 62.247
47.26000 66.250
47.28000 68.491
47.30000 73.560
47.32000 71.442
47.34000 68.608
47.36000 67.429
47.38000 69.403
47.40000 57.948
47.42000 48.637
47.44000 49.603
47.46000 50.843
47.48000 56.153
47.50000 51.899
47.52000 44.411
47.54000 47.556
47.56000 49.394
47.58000 51.847
47.60000 53.319
47.62000 44.512
47.64000 37.003
47.66000 39.731
47.68000 38.479
47.70000 34.347
47.72000 39.459
47.74000 32.317
47.76000 26.718
47.78000 34.421
47.80000 33.347
47.82000 28.065
47.84000 29.101
47.86000 23.285
47.88000 21.221
47.90000 20.802
47.92000 21.730
47.94000 23.354
47.96000 20.805
47.98000 15.727
48.00000 16.956
48.02000 16.391
48.04000 15.246
48.06000 12.286
48.08000 12.796
48.10000 15.210
48.12000 14.164
48.14000 10.573
48.16000 13.751
48.18000 13.711
48.20000 8.993
48.22000 10.283
48.24000 12.004
48.26000 13.234
48.28000 15.112
48.30000 10.898
48.32000 6.364
48.34000 5.232
48.36000 7.794
48.38000 7.083
48.40000 9.045
48.42000 2.237
48.44000 4.922
48.46000 2.596
48.48000 0.926
48.50000 1.168
48.52000 6.153
48.54000 4.288
48.56000 1.102
48.58000 6.864
48.60000 7.093
48.62000 5.193
48.64000 0.508
48.66000 0.226
48.68000 -1.378
48.70000 1.165
48.72000 -2.787
48.74000 1.668
48.76000 6.117
48.78000 2.543
48.80000 2.171
48.82000 5.658
48.84000 7.672
48.86000 3.609
48.88000 7.437
48.90000 5.970
48.92000 6.918
48.94000 7.010
48.96000 4.543
48.98000 2.450
49.00000 3.968
49.02000 3.171
49.04000 7.346
49.06000 5.357
49.08000 5.738
49.10000 4.811
49.12000 5.150
49.14000 6.337
49.16000 -3.181
49.18000 -2.984
49.20000 -1.844
49.22000 2.057
49.24000 3.716
49.26000 3.312
49.28000 2.329
49.30000 0.305
49.32000 5.292
49.34000 5.064
49.36000 3.829
49.38000 4.376
49.40000 5.241
49.42000 4.812
49.44000 2.879
49.46000 5.077
49.48000 3.191
49.50000 -1.981
49.52000 1.786
49.54000 4.145
49.56000 7.873
49.58000 3.257
49.60000 5.626
49.62000 3.449
49.64000 5.658
49.66000 0.447
49.68000 2.767
49.70000 8.485
49.72000 0.261
49.74000 -2.743
49.76000 -1.687
49.78000 -2.709
49.80000 2.968
49.82000 2.507
49.84000 1.342
49.86000 3.881
49.88000 -0.231
49.90000 1.469
49.92000 1.729
49.94000 3.723
49.96000 3.657
49.98000 3.091
50.00000 3.773
50.02000 1.782
50.04000 3.429
50.06000 3.760
50.08000 2.935
50.10000 2.934
50.12000 -1.323
50.14000 4.142
50.16000 2.586
50.18000 1.592
50.20000 3.632
50.22000 2.416
50.24000 2.537
50.26000 2.318
50.28000 1.589
50.30000 1.395
50.32000 -1.540
50.34000 -1.343
50.36000 -3.042
50.38000 -2.928
50.40000 4.608
50.42000 4.261
50.44000 -2.154
50.46000 -1.604
50.48000 3.827
50.50000 8.109
50.52000 7.295
50.54000 6.848
50.56000 11.361
50.58000 3.143
50.60000 -0.659
50.62000 -0.199
50.64000 -3.077
50.66000 1.314
50.68000 -1.838
50.70000 1.023
50.72000 6.494
50.74000 10.060
50.76000 6.760
50.78000 5.701
50.80000 7.093
50.82000 6.639
50.84000 5.976
50.86000 1.987
50.88000 -0.827
50.90000 3.077
50.92000 3.187
50.94000 2.180
50.96000 3.164
50.98000 5.087
51.00000 3.782
51.02000 1.108
51.04000 0.049
51.06000 3.388
51.08000 3.510
51.10000 6.064
51.12000 10.285
51.14000 5.139
51.16000 -0.314
51.18000 -0.417
51.20000 3.267
51.22000 4.055
51.24000 3.462
51.26000 0.602
51.28000 5.988
51.30000 -1.713
51.32000 -1.069
51.34000 -2.214
51.36000 1.875
51.38000 3.792
51.40000 4.582
51.42000 3.853
51.44000 0.787
51.46000 1.555
51.48000 3.907
51.50000 4.519
51.52000 1.367
51.54000 -0.508
51.56000 2.541
51.58000 5.653
51.60000 3.096
51.62000 1.764
51.64000 -0.514
51.66000 4.627
51.68000 4.187
51.70000 5.539
51.72000 2.727
51.74000 3.936
51.76000 8.517
51.78000 10.455
51.80000 8.793
51.82000 5.615
51.84000 2.159
51.86000 -0.126
51.88000 0.311
51.90000 -1.561
51.92000 -1.425
51.94000 3.045
51.96000 5.945
51.98000 10.101
52.00000 9.554
52.02000 5.898
52.04000 6.835
52.06000 -0.221
52.08000 -2.991
52.10000 1.951
52.12000 1.538
52.14000 5.265
52.16000 7.745
52.18000 4.028
52.20000 5.197
52.22000 6.916
52.24000 8.177
52.26000 2.259
52.28000 3.286
52.30000 1.936
52.32000 1.429
52.34000 0.015
52.36000 0.034
52.38000 2.195
52.40000 1.952
52.42000 4.510
52.44000 5.969
52.46000 4.135
52.48000 5.415
52.50000 8.600
52.52000 6.565
52.54000 7.215
52.56000 2.493
52.58000 4.751
52.60000 -1.494
52.62000 7.361
52.64000 3.895
52.66000 8.371
52.68000 8.385
52.70000 9.483
52.72000 8.190
52.74000 11.292
52.76000 10.498
52.78000 9.705
52.80000 7.284
52.82000 4.138
52.84000 1.628
52.86000 -1.720
52.88000 -2.962
52.90000 8.535
52.92000 9.960
52.94000 10.430
52.96000 7.172
52.98000 4.139
53.00000 4.111
53.02000 8.152
53.04000 9.761
53.06000 3.090
53.08000 4.652
53.10000 3.988
53.12000 0.855
53.14000 4.491
53.16000 0.697
53.18000 -0.885
53.20000 2.034
53.22000 4.692
53.24000 3.307
53.26000 4.675
53.28000 7.202
53.30000 2.164
53.32000 10.713
53.34000 6.068
53.36000 5.159
53.38000 4.636
53.40000 2.044
53.42000 3.736
53.44000 3.666
53.46000 8.370
53.48000 10.709
53.50000 2.101
53.52000 1.483
53.54000 1.461
53.56000 4.460
53.58000 4.585
53.60000 3.359
53.62000 1.203
53.64000 2.871
53.66000 0.797
53.68000 0.260
53.70000 4.182
53.72000 2.206
53.74000 6.049
53.76000 -2.032
53.78000 -2.285
53.80000 2.512
53.82000 -0.129
53.84000 0.935
53.86000 3.164
53.88000 6.313
53.90000 2.410
53.92000 -0.918
53.94000 -0.109
53.96000 3.520
53.98000 6.440
54.00000 -1.761
54.02000 -2.453
54.04000 -0.621
54.06000 3.087
54.08000 4.900
54.10000 7.479
54.12000 3.542
54.14000 3.076
54.16000 -0.501
54.18000 -0.806
54.20000 -0.035
54.22000 4.423
54.24000 1.255
54.26000 1.014
54.28000 -1.452
54.30000 5.050
54.32000 5.554
54.34000 4.631
54.36000 -0.999
54.38000 -2.285
54.40000 -2.940
54.42000 -0.076
54.44000 5.522
54.46000 1.091
54.48000 2.455
54.50000 4.446
54.52000 5.082
54.54000 -0.004
54.56000 0.890
54.58000 1.779
54.60000 -2.337
54.62000 3.662
54.64000 1.902
54.66000 4.747
54.68000 -0.215
54.70000 -1.713
54.72000 -0.824
54.74000 -0.205
54.76000 5.296
54.78000 4.409
54.80000 1.399
54.82000 1.224
54.84000 3.389
54.86000 2.683
54.88000 5.448
54.90000 6.443
54.92000 3.385
54.94000 -1.544
54.96000 2.234
54.98000 4.941
55.00000 5.089
55.02000 -0.208
55.04000 -0.824
55.06000 2.798
55.08000 2.360
55.10000 -2.181
55.12000 -0.367
55.14000 1.405
55.16000 -1.296
55.18000 -2.940
55.20000 3.716
55.22000 5.752
55.24000 -0.103
55.26000 2.667
55.28000 8.303
55.30000 5.157
55.32000 -1.995
55.34000 -0.752
55.36000 0.787
55.38000 2.426
55.40000 4.558
55.42000 6.169
55.44000 6.031
55.46000 7.019
55.48000 2.254
55.50000 -1.018
55.52000 0.914
55.54000 6.012
55.56000 2.088
55.58000 -0.817
55.60000 -1.861
55.62000 7.121
55.64000 5.760
55.66000 3.903
55.68000 2.564
55.70000 -0.745
55.72000 -2.451
55.74000 1.609
55.76000 3.250
55.78000 3.174
55.80000 7.340
55.82000 3.416
55.84000 0.004
55.86000 -0.210
55.88000 0.121
55.90000 0.814
55.92000 5.321
55.94000 9.973
55.96000 6.420
55.98000 5.599
56.00000 5.183
56.02000 5.664
56.04000 4.028
56.06000 8.503
56.08000 6.169
56.10000 1.547
56.12000 2.357
56.14000 0.302
56.16000 -1.027
56.18000 2.029
56.20000 2.289
56.22000 3.866
56.24000 7.808
56.26000 7.951
56.28000 4.116
56.30000 2.318
56.32000 2.667
56.34000 -0.145
56.36000 -1.777
56.38000 6.533
56.40000 5.434
56.42000 5.487
56.44000 4.354
56.46000 6.622
56.48000 2.383
56.50000 1.713
56.52000 3.264
56.54000 -0.715
56.56000 -2.858
56.58000 3.206
56.60000 5.658
56.62000 8.353
56.64000 11.276
56.66000 7.836
56.68000 7.162
56.70000 2.631
56.72000 1.909
56.74000 4.123
56.76000 7.072
56.78000 -0.097
56.80000 0.023
56.82000 3.398
56.84000 5.158
56.86000 6.441
56.88000 2.269
56.90000 3.712
56.92000 6.074
56.94000 6.081
56.96000 4.390
56.98000 2.043
57.00000 2.612
57.02000 8.941
57.04000 11.214
57.06000 5.681
57.08000 3.378
57.10000 7.537
57.12000 6.389
57.14000 5.230
57.16000 2.717
57.18000 2.089
57.20000 2.118
57.22000 6.105
57.24000 7.654
57.26000 4.739
57.28000 4.094
57.30000 -0.038
57.32000 0.520
57.34000 1.695
57.36000 3.437
57.38000 3.320
57.40000 3.631
57.42000 -0.164
57.44000 1.525
57.46000 4.312
57.48000 7.388
57.50000 5.266
57.52000 3.966
57.54000 0.926
57.56000 1.069
57.58000 -0.149
57.60000 1.553
57.62000 1.121
57.64000 3.512
57.66000 6.475
57.68000 2.129
57.70000 3.959
57.72000 5.510
57.74000 0.234
57.76000 3.259
57.78000 9.165
57.80000 6.542
57.82000 2.977
57.84000 2.592
57.86000 9.521
57.88000 5.512
57.90000 6.918
57.92000 4.247
57.94000 2.571
57.96000 2.015
57.98000 3.652
58.00000 6.343
58.02000 7.187
58.04000 9.673
58.06000 6.592
58.08000 0.365
58.10000 3.693
58.12000 4.974
58.14000 3.380
58.16000 0.846
58.18000 2.266
58.20000 3.749
58.22000 6.187
58.24000 1.328
58.26000 -1.130
58.28000 -2.788
58.30000 1.061
58.32000 0.708
58.34000 4.209
58.36000 3.411
58.38000 4.227
58.40000 2.938
58.42000 4.925
58.44000 1.507
58.46000 9.556
58.48000 10.783
58.50000 5.502
58.52000 4.950
58.54000 1.540
58.56000 4.320
58.58000 4.935
58.60000 4.426
58.62000 6.938
58.64000 2.728
58.66000 6.107
58.68000 7.902
58.70000 5.259
58.72000 3.527
58.74000 -2.347
58.76000 0.055
58.78000 5.531
58.80000 5.393
58.82000 6.619
58.84000 6.727
58.86000 6.555
58.88000 8.069
58.90000 7.387
58.92000 4.389
58.94000 6.295
58.96000 6.565
58.98000 5.838
59.00000 4.904
59.02000 0.297
59.04000 9.792
59.06000 6.696
59.08000 7.794
59.10000 9.623
59.12000 6.234
59.14000 6.153
59.16000 3.718
59.18000 3.267
59.20000 3.295
59.22000 5.659
59.24000 8.107
59.26000 4.127
59.28000 0.637
59.30000 6.567
59.32000 8.819
59.34000 11.846
59.36000 4.997
59.38000 3.735
59.40000 4.487
59.42000 4.597
59.44000 9.079
59.46000 11.127
59.48000 8.707
59.50000 8.905
59.52000 7.810
59.54000 7.889
59.56000 2.015
59.58000 -2.728
59.60000 4.381
59.62000 7.505
59.64000 6.676
59.66000 1.268
59.68000 -0.253
59.70000 1.463
59.72000 2.862
59.74000 3.965
59.76000 4.326
59.78000 0.739
59.80000 0.355
59.82000 2.127
59.84000 0.328
59.86000 2.744
59.88000 3.107
59.90000 5.642
59.92000 2.706
59.94000 2.423
59.96000 1.141
59.98000 3.460
60.00000 1.966
60.02000 6.472
60.04000 6.097
60.06000 8.801
60.08000 5.557
60.10000 4.274
60.12000 2.536
60.14000 2.861
60.16000 5.304
60.18000 6.816
60.20000 3.308
60.22000 1.366
60.24000 7.378
60.26000 4.618
60.28000 4.190
60.30000 3.111
60.32000 1.261
60.34000 1.569
60.36000 4.185
60.38000 2.497
60.40000 -0.794
60.42000 0.082
60.44000 4.595
60.46000 4.131
60.48000 7.384
60.50000 10.196
60.52000 5.787
60.54000 2.793
60.56000 4.243
60.58000 1.906
60.60000 -0.420
60.62000 -2.447
60.64000 1.745
60.66000 0.575
60.68000 1.870
60.70000 0.014
60.72000 -1.208
60.74000 2.608
60.76000 0.436
60.78000 0.515
60.80000 0.855
60.82000 2.364
60.84000 7.181
60.86000 5.601
60.88000 1.351
60.90000 -2.713
60.92000 -0.773
60.94000 2.881
60.96000 2.262
60.98000 4.252
61.00000 7.274
61.02000 1.871
61.04000 0.416
61.06000 2.370
61.08000 5.288
61.10000 0.857
61.12000 3.488
61.14000 8.711
61.16000 4.989
61.18000 0.132
61.20000 0.588
61.22000 5.595
61.24000 7.571
61.26000 7.935
61.28000 1.602
61.30000 1.442
61.32000 2.271
61.34000 7.789
61.36000 5.349
61.38000 6.163
61.40000 -0.075
61.42000 -2.676
61.44000 -1.085
61.46000 4.402
61.48000 9.334
61.50000 9.642
61.52000 12.868
61.54000 10.873
61.56000 12.193
61.58000 8.306
61.60000 2.620
61.62000 1.954
61.64000 4.607
61.66000 6.304
61.68000 5.227
61.70000 5.755
61.72000 2.176
61.74000 2.910
61.76000 3.326
61.78000 5.118
61.80000 3.066
61.82000 0.303
61.84000 3.223
61.86000 3.472
61.88000 3.271
61.90000 5.194
61.92000 4.521
61.94000 4.969
61.96000 4.627
61.98000 6.324
62.00000 6.577
62.02000 2.098
62.04000 2.305
62.06000 5.209
62.08000 6.869
62.10000 4.444
62.12000 -0.762
62.14000 0.514
62.16000 3.704
62.18000 7.033
62.20000 2.863
62.22000 2.768
62.24000 1.623
62.26000 -2.682
62.28000 0.662
62.30000 7.444
62.32000 5.701
62.34000 0.090
62.36000 2.738
62.38000 4.580
62.40000 4.058
62.42000 2.988
62.44000 5.705
62.46000 4.565
62.48000 4.551
62.50000 -0.427
62.52000 2.191
62.54000 3.482
62.56000 0.855
62.58000 -0.919
62.60000 5.916
62.62000 5.847
62.64000 3.038
62.66000 3.751
62.68000 9.348
62.70000 3.387
62.72000 1.267
62.74000 4.006
62.76000 0.723
62.78000 -2.661
62.80000 -0.042
62.82000 4.295
62.84000 8.338
62.86000 5.029
62.88000 7.471
62.90000 7.351
62.92000 2.649
62.94000 3.320
62.96000 3.038
62.98000 4.552
63.00000 2.056
63.02000 1.548
63.04000 0.168
63.06000 1.553
63.08000 4.964
63.10000 5.720
63.12000 6.481
63.14000 6.777
63.16000 -0.621
63.18000 -0.739
63.20000 3.913
63.22000 2.393
63.24000 0.807
63.26000 -0.245
63.28000 0.335
63.30000 2.677
63.32000 1.987
63.34000 1.705
63.36000 1.627
63.38000 6.513
63.40000 6.024
63.42000 -1.168
63.44000 -1.445
63.46000 1.548
63.48000 -0.189
63.50000 -1.173
63.52000 1.213
63.54000 1.108
63.56000 2.195
63.58000 0.474
63.60000 3.424
63.62000 7.910
63.64000 5.299
63.66000 5.749
63.68000 5.726
63.70000 7.180
63.72000 4.099
63.74000 3.787
63.76000 0.247
63.78000 2.124
63.80000 3.475
63.82000 3.300
63.84000 0.346
63.86000 1.333
63.88000 2.614
63.90000 0.284
63.92000 2.133
63.94000 2.758
63.96000 9.364
63.98000 6.882
64.00000 1.147
64.02000 -2.687
64.04000 1.215
64.06000 1.529
64.08000 2.552
64.10000 2.910
64.12000 3.464
64.14000 4.528
64.16000 10.907
64.18000 10.603
64.20000 3.768
64.22000 0.028
64.24000 3.439
64.26000 3.021
64.28000 2.119
64.30000 1.419
64.32000 -0.784
64.34000 9.337
64.36000 8.395
64.38000 1.949
64.40000 0.705
64.42000 1.311
64.44000 4.344
64.46000 4.163
64.48000 2.505
64.50000 4.758
64.52000 4.647
64.54000 4.671
64.56000 -0.526
64.58000 -2.078
64.60000 -0.432
64.62000 3.710
64.64000 2.910
64.66000 1.921
64.68000 -0.177
64.70000 -2.223
64.72000 -0.925
64.74000 -1.026
64.76000 1.595
64.78000 2.801
64.80000 3.199
64.82000 -2.735
64.84000 2.245
64.86000 4.501
64.88000 1.125
64.90000 5.439
64.92000 5.627
64.94000 2.426
64.96000 1.203
64.98000 3.432
65.00000 4.111
65.02000 3.450
65.04000 -0.925
65.06000 0.074
65.08000 -2.745
65.10000 -0.372
65.12000 0.929
65.14000 1.396
65.16000 2.159
65.18000 1.645
65.20000 -1.442
65.22000 1.124
65.24000 2.341
65.26000 -0.802
65.28000 -1.721
65.30000 -1.765
65.32000 -2.384
65.34000 -2.471
65.36000 0.924
65.38000 1.088
65.40000 -1.712
65.42000 1.021
65.44000 2.770
65.46000 2.577
65.48000 1.888
65.50000 1.341
65.52000 5.076
65.54000 2.631
65.56000 3.220
65.58000 2.139
65.60000 -0.995
65.62000 -0.569
65.64000 0.557
65.66000 -1.396
65.68000 -1.246
65.70000 0.139
65.72000 1.584
65.74000 2.765
65.76000 1.020
65.78000 -2.765
65.80000 -2.297
65.82000 -2.053
65.84000 0.831
65.86000 -1.183
65.88000 0.202
65.90000 -0.255
65.92000 0.608
65.94000 -0.639
65.96000 -2.564
65.98000 4.229
66.00000 1.996
66.02000 0.943
66.04000 0.204
66.06000 -2.769
66.08000 -0.382
66.10000 -0.047
66.12000 1.358
66.14000 0.390
66.16000 0.149
66.18000 -0.296
66.20000 1.510
66.22000 -0.804
66.24000 -0.343
66.26000 -2.533
66.28000 3.045
66.30000 4.829
66.32000 4.284
66.34000 1.433
66.36000 3.339
66.38000 2.046
66.40000 -1.562
66.42000 -2.214
66.44000 -2.787
66.46000 0.903
66.48000 3.442
66.50000 -0.822
66.52000 0.834
66.54000 1.588
66.56000 2.047
66.58000 1.870
66.60000 1.566
66.62000 4.743
66.64000 0.260
66.66000 4.235
66.68000 1.804
66.70000 -1.696
66.72000 3.767
66.74000 6.198
66.76000 4.221
66.78000 3.805
66.80000 -0.806
66.82000 -0.446
66.84000 4.058
66.86000 1.956
66.88000 4.469
66.90000 2.498
66.92000 8.658
66.94000 5.995
66.96000 3.381
66.98000 3.977
67.00000 4.802
67.02000 2.875
67.04000 2.630
67.06000 2.682
67.08000 4.741
67.10000 2.819
67.12000 3.358
67.14000 6.494
67.16000 9.237
67.18000 8.593
67.20000 8.976
67.22000 4.748
67.24000 4.467
67.26000 2.589
67.28000 5.105
67.30000 7.830
67.32000 7.388
67.34000 4.609
67.36000 1.055
67.38000 5.273
67.40000 8.113
67.42000 8.959
67.44000 8.139
67.46000 10.518
67.48000 6.610
67.50000 7.292
67.52000 5.750
67.54000 5.841
67.56000 8.560
67.58000 9.958
67.60000 8.647
67.62000 9.259
67.64000 10.044
67.66000 11.106
67.68000 13.328
67.70000 9.417
67.72000 12.271
67.74000 11.265
67.76000 15.824
67.78000 18.640
67.80000 15.624
67.82000 13.682
67.84000 16.997
67.86000 15.769
67.88000 11.835
67.90000 15.822
67.92000 19.158
67.94000 19.097
67.96000 17.074
67.98000 20.384
68.00000 21.408
68.02000 19.749
68.04000 15.026
68.06000 17.970
68.08000 15.696
68.10000 18.370
68.12000 16.555
68.14000 18.650
68.16000 24.893
68.18000 25.609
68.20000 17.650
68.22000 18.497
68.24000 21.352
68.26000 27.025
68.28000 30.557
68.30000 25.387
68.32000 24.667
68.34000 29.708
68.36000 24.457
68.38000 22.710
68.40000 26.618
68.42000 29.729
68.44000 28.146
68.46000 29.727
68.48000 28.398
68.50000 26.992
68.52000 28.424
68.54000 29.129
68.56000 23.145
68.58000 20.876
68.60000 21.646
68.62000 22.240
68.64000 25.410
68.66000 30.004
68.68000 25.515
68.70000 22.515
68.72000 23.272
68.74000 26.931
68.76000 20.805
68.78000 25.305
68.80000 31.376
68.82000 28.182
68.84000 22.755
68.86000 21.687
68.88000 21.558
68.90000 24.442
68.92000 26.920
68.94000 20.947
68.96000 16.184
68.98000 16.335
69.00000 18.870
69.02000 20.324
69.04000 25.253
69.06000 21.054
69.08000 19.237
69.10000 20.034
69.12000 17.682
69.14000 17.837
69.16000 16.167
69.18000 13.922
69.20000 15.827
69.22000 18.793
69.24000 18.601
69.26000 11.655
69.28000 10.300
69.30000 10.095
69.32000 13.993
69.34000 16.167
69.36000 14.621
69.38000 10.067
69.40000 10.006
69.42000 4.071
69.44000 8.239
69.46000 9.901
69.48000 9.989
69.50000 6.942
69.52000 4.691
69.54000 3.652
69.56000 3.704
69.58000 3.957
69.60000 3.960
69.62000 5.215
69.64000 0.052
69.66000 2.425
69.68000 3.613
69.70000 0.541
69.72000 -2.184
69.74000 2.432
69.76000 1.279
69.78000 4.036
69.80000 2.578
69.82000 5.012
69.84000 1.625
69.86000 0.547
69.88000 0.297
69.90000 -2.441
69.92000 1.229
69.94000 3.062
69.96000 4.345
69.98000 -1.050
70.00000 -0.895
70.02000 -0.517
70.04000 0.290
70.06000 3.502
70.08000 2.332
70.10000 1.188
70.12000 0.042
70.14000 -0.253
70.16000 0.692
70.18000 4.229
70.20000 -2.698
70.22000 -2.209
70.24000 2.658
70.26000 1.201
70.28000 2.415
70.30000 1.413
70.32000 0.724
70.34000 -0.326
70.36000 0.856
70.38000 -0.225
70.40000 1.357
70.42000 1.680
70.44000 -2.667
70.46000 -0.918
70.48000 5.235
70.50000 4.685
70.52000 0.767
70.54000 1.238
70.56000 -0.088
70.58000 2.051
70.60000 2.409
70.62000 2.482
70.64000 0.663
70.66000 0.358
70.68000 4.511
70.70000 2.678
70.72000 2.952
70.74000 3.740
70.76000 2.707
70.78000 3.012
70.80000 2.185
70.82000 3.345
70.84000 5.730
70.86000 0.274
70.88000 3.376
70.90000 6.948
70.92000 3.382
70.94000 -1.038
70.96000 -2.619
70.98000 1.048
71.00000 4.272
71.02000 6.168
71.04000 2.378
71.06000 1.771
71.08000 4.991
71.10000 7.080
71.12000 0.834
71.14000 -0.039
71.16000 5.353
71.18000 4.639
71.20000 -1.795
71.22000 2.778
71.24000 4.495
71.26000 3.292
71.28000 2.736
71.30000 2.197
71.32000 3.518
71.34000 1.438
71.36000 2.625
71.38000 6.898
71.40000 1.965
71.42000 -0.754
71.44000 4.298
71.46000 6.095
71.48000 3.615
71.50000 2.155
71.52000 -2.587
71.54000 0.138
71.56000 4.309
71.58000 0.295
71.60000 -2.399
71.62000 3.817
71.64000 1.996
71.66000 3.178
71.68000 -0.358
71.70000 -0.367
71.72000 -0.620
71.74000 4.660
71.76000 7.938
71.78000 4.558
71.80000 0.969
71.82000 3.280
71.84000 3.686
71.86000 5.441
71.88000 4.904
71.90000 7.583
71.92000 7.653
71.94000 6.341
71.96000 7.110
71.98000 6.489
72.00000 3.388
72.02000 0.572
72.04000 -1.450
72.06000 1.613
72.08000 2.804
72.10000 4.254
72.12000 2.033
72.14000 1.363
72.16000 0.347
72.18000 -2.548
72.20000 0.156
72.22000 0.169
72.24000 4.268
72.26000 4.695
72.28000 6.183
72.30000 9.935
72.32000 5.478
72.34000 1.208
72.36000 5.744
72.38000 -1.330
72.40000 2.859
72.42000 6.513
72.44000 7.113
72.46000 12.243
72.48000 10.409
72.50000 7.046
72.52000 7.633
72.54000 2.316
72.56000 2.722
72.58000 -1.184
72.60000 0.185
72.62000 3.504
72.64000 1.358
72.66000 2.263
72.68000 0.221
72.70000 4.215
72.72000 3.606
72.74000 0.897
72.76000 2.437
72.78000 2.096
72.80000 3.565
72.82000 5.727
72.84000 1.250
72.86000 4.771
72.88000 3.877
72.90000 1.996
72.92000 2.071
72.94000 1.039
72.96000 -0.443
72.98000 1.267
73.00000 5.958
73.02000 -0.751
73.04000 1.871
73.06000 8.593
73.08000 3.830
73.10000 2.152
73.12000 3.078
73.14000 2.103
73.16000 -2.491
73.18000 3.436
73.20000 8.356
73.22000 10.344
73.24000 8.355
73.26000 6.530
73.28000 5.610
73.30000 6.288
73.32000 2.488
73.34000 2.996
73.36000 4.211
73.38000 1.427
73.40000 3.394
73.42000 6.448
73.44000 9.207
73.46000 1.440
73.48000 4.270
73.50000 4.951
73.52000 3.776
73.54000 3.205
73.56000 0.297
73.58000 0.486
73.60000 0.658
73.62000 5.259
73.64000 5.523
73.66000 5.410
73.68000 3.594
73.70000 1.260
73.72000 2.732
73.74000 0.513
73.76000 5.304
73.78000 6.244
73.80000 2.793
73.82000 2.764
73.84000 4.208
73.86000 3.739
73.88000 -1.016
73.90000 0.847
73.92000 1.687
73.94000 4.291
73.96000 4.177
73.98000 2.649
74.00000 4.045
74.02000 1.880
74.04000 2.950
74.06000 5.195
74.08000 3.684
74.10000 1.697
74.12000 1.742
74.14000 5.481
74.16000 8.290
74.18000 4.552
74.20000 6.930
74.22000 4.249
74.24000 5.389
74.26000 3.177
74.28000 0.758
74.30000 2.160
74.32000 8.504
74.34000 6.524
74.36000 6.815
74.38000 1.850
74.40000 2.370
74.42000 0.266
74.44000 -2.487
74.46000 0.494
74.48000 2.781
74.50000 -1.249
74.52000 2.523
74.54000 5.675
74.56000 2.799
74.58000 2.637
74.60000 0.543
74.62000 -0.375
74.64000 -1.147
74.66000 1.348
74.68000 1.679
74.70000 -0.104
74.72000 2.733
74.74000 0.526
74.76000 -0.913
74.78000 1.413
74.80000 -0.770
74.82000 1.017
74.84000 1.251
74.86000 3.784
74.88000 4.804
74.90000 5.704
74.92000 5.530
74.94000 2.309
74.96000 3.994
74.98000 4.298
75.00000 5.497
75.02000 2.416
75.04000 -0.068
75.06000 2.628
75.08000 2.301
75.10000 -1.920
75.12000 -0.008
75.14000 3.121
75.16000 1.232
75.18000 3.633
75.20000 1.420
75.22000 5.964
75.24000 10.368
75.26000 5.312
75.28000 4.024
75.30000 1.881
75.32000 2.205
75.34000 2.773
75.36000 3.554
75.38000 7.581
75.40000 14.157
75.42000 10.156
75.44000 6.631
75.46000 2.085
75.48000 5.215
75.50000 4.955
75.52000 0.117
75.54000 6.413
75.56000 7.628
75.58000 -0.888
75.60000 -2.465
75.62000 4.925
75.64000 5.221
75.66000 6.664
75.68000 3.246
75.70000 7.213
75.72000 6.002
75.74000 7.558
75.76000 7.996
75.78000 8.028
75.80000 5.823
75.82000 2.556
75.84000 4.772
75.86000 6.532
75.88000 6.140
75.90000 5.307
75.92000 1.152
75.94000 1.220
75.96000 5.702
75.98000 0.921
76.00000 3.697
76.02000 8.359
76.04000 7.688
76.06000 6.395
76.08000 4.983
76.10000 8.494
76.12000 5.961
76.14000 2.423
76.16000 -0.114
76.18000 3.747
76.20000 6.659
76.22000 4.747
76.24000 0.868
76.26000 6.227
76.28000 6.350
76.30000 4.079
76.32000 3.387
76.34000 2.400
76.36000 7.782
76.38000 7.178
76.40000 4.888
76.42000 2.527
76.44000 1.969
76.46000 0.116
76.48000 -1.604
76.50000 1.418
76.52000 2.504
76.54000 6.105
76.56000 3.666
76.58000 1.787
76.60000 3.624
76.62000 3.739
76.64000 4.386
76.66000 1.700
76.68000 3.198
76.70000 0.201
76.72000 1.159
76.74000 -2.485
76.76000 -0.480
76.78000 2.961
76.80000 4.155
76.82000 7.468
76.84000 6.328
76.86000 4.558
76.88000 2.137
76.90000 2.680
76.92000 0.168
76.94000 1.564
76.96000 4.800
76.98000 7.849
77.00000 8.650
77.02000 6.769
77.04000 -0.103
77.06000 3.762
77.08000 1.122
77.10000 2.242
77.12000 3.061
77.14000 5.726
77.16000 5.988
77.18000 6.805
77.20000 5.567
77.22000 4.777
77.24000 1.473
77.26000 2.606
77.28000 -1.523
77.30000 1.965
77.32000 6.248
77.34000 6.598
77.36000 6.515
77.38000 0.980
77.40000 4.893
77.42000 8.571
77.44000 7.162
77.46000 7.703
77.48000 9.446
77.50000 6.011
77.52000 9.678
77.54000 6.605
77.56000 4.915
77.58000 -1.598
77.60000 -2.509
77.62000 -0.553
77.64000 6.622
77.66000 3.486
77.68000 2.012
77.70000 1.843
77.72000 5.324
77.74000 4.891
77.76000 2.005
77.78000 6.072
77.80000 7.248
77.82000 5.562
77.84000 3.136
77.86000 1.993
77.88000 -0.403
77.90000 1.909
77.92000 8.836
77.94000 4.698
77.96000 2.109
77.98000 2.070
78.00000 4.681
78.02000 4.966
78.04000 7.527
78.06000 9.602
78.08000 11.114
78.10000 3.850
78.12000 3.278
78.14000 -2.533
78.16000 2.945
78.18000 8.246
78.20000 9.124
78.22000 6.984
78.24000 5.447
78.26000 4.360
78.28000 3.484
78.30000 5.457
78.32000 -0.215
78.34000 2.366
78.36000 1.622
78.38000 1.084
78.40000 4.335
78.42000 0.108
78.44000 2.783
78.46000 3.376
78.48000 4.801
78.50000 0.864
78.52000 4.487
78.54000 5.461
78.56000 4.259
78.58000 -0.369
78.60000 2.638
78.62000 3.806
78.64000 1.989
78.66000 4.641
78.68000 6.261
78.70000 2.248
78.72000 -2.194
78.74000 1.040
78.76000 6.092
78.78000 4.880
78.80000 -0.005
78.82000 1.193
78.84000 1.724
78.86000 5.021
78.88000 1.775
78.90000 1.272
78.92000 2.871
78.94000 0.436
78.96000 -1.298
78.98000 4.168
79.00000 2.007
79.02000 6.230
79.04000 7.962
79.06000 3.982
79.08000 0.921
79.10000 0.919
79.12000 1.763
79.14000 -1.738
79.16000 -2.209
79.18000 -1.792
79.20000 -2.224
79.22000 1.983
79.24000 4.603
79.26000 3.023
79.28000 -0.039
79.30000 0.542
79.32000 0.843
79.34000 0.840
79.36000 1.615
79.38000 0.234
79.40000 -2.616
79.42000 1.180
79.44000 7.190
79.46000 5.374
79.48000 -0.622
79.50000 0.602
79.52000 4.806
79.54000 -0.967
79.56000 4.397
79.58000 4.726
79.60000 2.746
79.62000 4.387
79.64000 5.695
79.66000 2.929
79.68000 2.050
79.70000 1.202
79.72000 4.934
79.74000 0.948
79.76000 7.062
79.78000 7.634
79.80000 4.200
79.82000 1.639
79.84000 3.659
79.86000 0.628
79.88000 0.179
79.90000 -2.234
79.92000 -2.645
79.94000 1.713
79.96000 -0.936
79.98000 3.270
80.00000 2.284
80.02000 3.155
80.04000 0.989
80.06000 -2.042
80.08000 3.669
80.10000 2.889
80.12000 2.260
80.14000 3.042
80.16000 0.829
80.18000 5.248
80.20000 4.427
80.22000 5.701
80.24000 3.541
80.26000 1.281
80.28000 -2.682
80.30000 -2.581
80.32000 5.367
80.34000 4.219
80.36000 3.703
80.38000 0.303
80.40000 -1.235
80.42000 1.212
80.44000 0.384
80.46000 2.981
80.48000 2.132
80.50000 6.463
80.52000 3.242
80.54000 -0.721
80.56000 2.519
80.58000 3.341
80.60000 1.948
80.62000 -0.330
80.64000 1.250
80.66000 0.164
80.68000 3.183
80.70000 -0.480
80.72000 0.829
80.74000 1.425
80.76000 4.505
80.78000 -2.728
80.80000 -0.903
80.82000 -0.822
80.84000 3.333
80.86000 2.877
80.88000 6.282
80.90000 7.863
80.92000 7.031
80.94000 5.613
80.96000 3.997
80.98000 1.415
81.00000 0.183
81.02000 -2.748
81.04000 3.270
81.06000 1.730
81.08000 4.682
81.10000 4.350
81.12000 8.087
81.14000 3.795
81.16000 3.320
81.18000 -0.249
81.20000 0.563
81.22000 4.517
81.24000 11.241
81.26000 7.012
81.28000 4.164
81.30000 6.325
81.32000 9.870
81.34000 9.405
81.36000 9.773
81.38000 12.738
81.40000 5.925
81.42000 8.236
81.44000 4.822
81.46000 9.423
81.48000 4.879
81.50000 10.660
81.52000 4.286
81.54000 5.988
81.56000 7.812
81.58000 6.760
81.60000 7.719
81.62000 12.449
81.64000 10.983
81.66000 14.093
81.68000 20.588
81.70000 23.799
81.72000 17.511
81.74000 9.311
81.76000 11.004
81.78000 17.654
81.80000 12.528
81.82000 12.695
81.84000 12.620
81.86000 13.195
81.88000 12.279
81.90000 15.535
81.92000 12.782
81.94000 17.730
81.96000 16.506
81.98000 19.413
82.00000 16.481
82.02000 22.286
82.04000 20.863
82.06000 23.511
82.08000 19.907
82.10000 17.060
82.12000 19.248
82.14000 14.844
82.16000 15.188
82.18000 14.432
82.20000 16.770
82.22000 19.021
82.24000 19.100
82.26000 21.535
82.28000 23.758
82.30000 24.200
82.32000 21.897
82.34000 21.123
82.36000 26.969
82.38000 24.065
82.40000 24.996
82.42000 24.920
82.44000 32.869
82.46000 31.830
82.48000 28.384
82.50000 28.479
82.52000 25.320
82.54000 28.743
82.56000 33.594
82.58000 30.281
82.60000 32.199
82.62000 32.398
82.64000 31.017
82.66000 29.505
82.68000 28.937
82.70000 31.522
82.72000 30.085
82.74000 30.217
82.76000 32.329
82.78000 25.829
82.80000 24.182
82.82000 24.632
82.84000 21.081
82.86000 27.327
82.88000 29.035
82.90000 22.133
82.92000 22.993
82.94000 24.314
82.96000 29.824
82.98000 28.348
83.00000 29.233
83.02000 26.764
83.04000 27.487
83.06000 25.486
83.08000 29.906
83.10000 22.016
83.12000 21.699
83.14000 26.397
83.16000 24.843
83.18000 24.675
83.20000 28.371
83.22000 25.281
83.24000 25.481
83.26000 30.646
83.28000 25.257
83.30000 26.656
83.32000 24.548
83.34000 28.916
83.36000 25.344
83.38000 17.133
83.40000 24.883
83.42000 29.314
83.44000 23.029
83.46000 20.732
83.48000 14.119
83.50000 14.133
83.52000 18.759
83.54000 17.591
83.56000 14.193
83.58000 19.542
83.60000 23.104
83.62000 21.541
83.64000 16.653
83.66000 14.985
83.68000 15.549
83.70000 15.897
83.72000 16.256
83.74000 18.709
83.76000 14.210
83.78000 14.592
83.80000 17.054
83.82000 16.833
83.84000 18.656
83.86000 13.800
83.88000 11.833
83.90000 10.758
83.92000 7.992
83.94000 8.618
83.96000 4.841
83.98000 5.987
84.00000 13.690
84.02000 15.543
84.04000 15.316
84.06000 17.682
84.08000 13.838
84.10000 6.789
84.12000 7.514
84.14000 9.121
84.16000 7.767
84.18000 5.686
84.20000 7.600
84.22000 11.835
84.24000 12.999
84.26000 10.163
84.28000 7.257
84.30000 9.375
84.32000 10.494
84.34000 7.408
84.36000 4.794
84.38000 4.248
84.40000 1.091
84.42000 -2.649
84.44000 3.812
84.46000 10.476
84.48000 10.693
84.50000 11.687
84.52000 7.581
84.54000 5.163
84.56000 4.690
84.58000 1.371
84.60000 4.699
84.62000 9.126
84.64000 8.434
84.66000 0.211
84.68000 -2.658
84.70000 -2.430
84.72000 -0.897
84.74000 -1.672
84.76000 1.965
84.78000 -0.520
84.80000 3.452
84.82000 3.588
84.84000 3.273
84.86000 1.433
84.88000 1.382
84.90000 0.204
84.92000 3.839
84.94000 3.502
84.96000 4.166
84.98000 3.664
85.00000 2.058
85.02000 -1.665
85.04000 2.830
85.06000 1.465
85.08000 3.238
85.10000 1.701
85.12000 -1.690
85.14000 0.056
85.16000 2.017
85.18000 1.735
85.20000 3.415
85.22000 2.988
85.24000 2.816
85.26000 0.234
85.28000 1.131
85.30000 10.995
85.32000 5.698
85.34000 -1.740
85.36000 6.025
85.38000 3.978
85.40000 -1.645
85.42000 -2.673
85.44000 -0.543
85.46000 0.432
85.48000 0.169
85.50000 3.668
85.52000 5.506
85.54000 6.005
85.56000 5.363
85.58000 7.828
85.60000 2.454
85.62000 -1.876
85.64000 -1.849
85.66000 5.369
85.68000 1.185
85.70000 2.835
85.72000 2.035
85.74000 -2.686
85.76000 0.732
85.78000 1.521
85.80000 6.082
85.82000 4.945
85.84000 4.060
85.86000 6.168
85.88000 6.332
85.90000 1.177
85.92000 4.594
85.94000 5.392
85.96000 6.527
85.98000 8.222
86.00000 7.904
86.02000 10.880
86.04000 4.566
86.06000 1.690
86.08000 4.489
86.10000 3.055
86.12000 2.156
86.14000 -0.338
86.16000 3.032
86.18000 7.522
86.20000 1.314
86.22000 8.889
86.24000 12.327
86.26000 13.651
86.28000 7.433
86.30000 13.836
86.32000 11.854
86.34000 6.514
86.36000 5.194
86.38000 7.488
86.40000 14.344
86.42000 21.092
86.44000 21.334
86.46000 20.323
86.48000 17.615
86.50000 14.893
86.52000 16.564
86.54000 19.933
86.56000 22.215
86.58000 25.422
86.60000 18.237
86.62000 15.113
86.64000 12.360
86.66000 16.928
86.68000 23.327
86.70000 25.481
86.72000 17.539
86.74000 21.740
86.76000 25.530
86.78000 25.885
86.80000 22.438
86.82000 26.478
86.84000 28.025
86.86000 29.208
86.88000 27.994
86.90000 33.977
86.92000 33.733
86.94000 30.487
86.96000 28.541
86.98000 33.439
87.00000 31.163
87.02000 31.518
87.04000 37.043
87.06000 32.640
87.08000 38.749
87.10000 31.652
87.12000 29.598
87.14000 30.376
87.16000 29.391
87.18000 30.466
87.20000 34.732
87.22000 36.645
87.24000 45.306
87.26000 35.136
87.28000 35.981
87.30000 36.372
87.32000 34.169
87.34000 36.668
87.36000 41.532
87.38000 39.682
87.40000 30.541
87.42000 31.238
87.44000 32.031
87.46000 36.895
87.48000 36.619
87.50000 32.191
87.52000 31.970
87.54000 27.841
87.56000 27.937
87.58000 31.888
87.60000 33.595
87.62000 30.397
87.64000 29.853
87.66000 26.242
87.68000 30.158
87.70000 26.279
87.72000 23.768
87.74000 20.861
87.76000 20.998
87.78000 25.492
87.80000 25.619
87.82000 23.783
87.84000 21.584
87.86000 21.654
87.88000 21.578
87.90000 24.404
87.92000 25.575
87.94000 26.435
87.96000 24.498
87.98000 16.995
88.00000 25.507
88.02000 28.164
88.04000 20.037
88.06000 19.897
88.08000 18.393
88.10000 15.246
88.12000 14.415
88.14000 12.938
88.16000 12.682
88.18000 15.408
88.20000 11.395
88.22000 11.027
88.24000 10.862
88.26000 17.818
88.28000 17.132
88.30000 10.927
88.32000 9.115
88.34000 9.871
88.36000 8.150
88.38000 14.550
88.40000 12.538
88.42000 14.490
88.44000 12.967
88.46000 8.558
88.48000 8.531
88.50000 7.904
88.52000 7.806
88.54000 8.390
88.56000 5.699
88.58000 5.698
88.60000 6.616
88.62000 6.272
88.64000 0.846
88.66000 6.491
88.68000 7.654
88.70000 11.396
88.72000 11.777
88.74000 10.877
88.76000 7.518
88.78000 7.583
88.80000 7.523
88.82000 5.812
88.84000 5.089
88.86000 4.571
88.88000 8.299
88.90000 6.949
88.92000 9.424
88.94000 12.271
88.96000 6.879
88.98000 5.742
89.00000 11.311
89.02000 14.092
89.04000 13.353
89.06000 13.136
89.08000 9.122
89.10000 -2.362
89.12000 1.436
89.14000 5.716
89.16000 12.429
89.18000 10.501
89.20000 4.272
89.22000 3.861
89.24000 8.407
89.26000 9.139
89.28000 10.488
89.30000 8.846
89.32000 7.415
89.34000 7.381
89.36000 10.195
89.38000 5.659
89.40000 1.613
89.42000 4.551
89.44000 7.761
89.46000 1.989
89.48000 2.698
89.50000 3.366
89.52000 1.570
89.54000 -0.069
89.56000 9.434
89.58000 11.519
89.60000 9.540
89.62000 5.504
89.64000 7.316
89.66000 8.368
89.68000 9.924
89.70000 7.617
89.72000 5.195
89.74000 9.623
89.76000 3.798
89.78000 5.873
89.80000 2.674
89.82000 3.552
89.84000 7.119
89.86000 4.330
89.88000 0.988
89.90000 4.008
89.92000 9.863
89.94000 10.144
89.96000 6.696
89.98000 5.683
90.00000 6.753
90.02000 6.982
90.04000 6.290
90.06000 5.176
90.08000 4.070
90.10000 2.615
90.12000 3.033
90.14000 11.228
90.16000 5.752
90.18000 5.055
90.20000 2.035
90.22000 3.880
90.24000 4.880
90.26000 9.269
90.28000 9.669
90.30000 3.278
90.32000 -2.331
90.34000 -0.781
90.36000 3.282
90.38000 1.200
90.40000 8.617
90.42000 13.061
90.44000 9.841
90.46000 3.694
90.48000 1.270
90.50000 4.187
90.52000 10.718
90.54000 8.069
90.56000 6.903
90.58000 2.382
90.60000 1.032
90.62000 0.552
90.64000 -0.728
90.66000 -0.618
90.68000 1.919
90.70000 0.375
90.72000 -1.611
90.74000 3.282
90.76000 3.872
90.78000 4.906
90.80000 4.608
90.82000 0.371
90.84000 2.849
90.86000 2.639
90.88000 0.415
90.90000 2.465
90.92000 -1.895
90.94000 1.657
90.96000 3.592
90.98000 8.064
91.00000 8.289
91.02000 4.037
91.04000 4.369
91.06000 -0.433
91.08000 1.743
91.10000 2.656
91.12000 6.896
91.14000 5.278
91.16000 4.045
91.18000 6.159
91.20000 7.096
91.22000 6.480
91.24000 8.067
91.26000 4.016
91.28000 1.644
91.30000 1.019
91.32000 4.530
91.34000 2.138
91.36000 3.607
91.38000 2.613
91.40000 0.206
91.42000 -1.422
91.44000 1.799
91.46000 5.986
91.48000 0.277
91.50000 0.504
91.52000 -1.573
91.54000 4.035
91.56000 2.136
91.58000 4.574
91.60000 3.998
91.62000 0.605
91.64000 4.805
91.66000 4.072
91.68000 0.807
91.70000 2.297
91.72000 1.139
91.74000 3.114
91.76000 1.218
91.78000 0.791
91.80000 3.934
91.82000 4.941
91.84000 7.287
91.86000 5.237
91.88000 2.581
91.90000 8.144
91.92000 9.048
91.94000 4.765
91.96000 7.905
91.98000 6.515
92.00000 1.537
92.02000 2.954
92.04000 10.108
92.06000 9.057
92.08000 -2.352
92.10000 0.629
92.12000 6.559
92.14000 8.217
92.16000 7.512
92.18000 8.026
92.20000 6.090
92.22000 7.919
92.24000 7.235
92.26000 8.192
92.28000 7.716
92.30000 5.723
92.32000 1.890
92.34000 0.782
92.36000 -0.341
92.38000 1.692
92.40000 -1.654
92.42000 -2.371
92.44000 4.325
92.46000 5.221
92.48000 0.434
92.50000 3.213
92.52000 5.755
92.54000 2.190
92.56000 1.437
92.58000 3.839
92.60000 1.399
92.62000 2.192
92.64000 3.005
92.66000 1.241
92.68000 2.584
92.70000 3.862
92.72000 2.863
92.74000 1.660
92.76000 5.257
92.78000 1.983
92.80000 1.010
92.82000 0.241
92.84000 4.138
92.86000 4.748
92.88000 0.362
92.90000 2.902
92.92000 1.927
92.94000 -1.387
92.96000 4.452
92.98000 4.376
93.00000 1.036
93.02000 1.996
93.04000 2.346
93.06000 -0.264
93.08000 -1.120
93.10000 1.462
93.12000 5.821
93.14000 2.781
93.16000 1.627
93.18000 -1.662
93.20000 4.550
93.22000 6.109
93.24000 7.321
93.26000 4.564
93.28000 2.863
93.30000 2.371
93.32000 2.220
93.34000 2.270
93.36000 8.828
93.38000 3.278
93.40000 2.180
93.42000 7.760
93.44000 6.164
93.46000 5.609
93.48000 3.087
93.50000 2.203
93.52000 -2.394
93.54000 -0.398
93.56000 5.942
93.58000 5.569
93.60000 2.977
93.62000 3.315
93.64000 10.885
93.66000 5.881
93.68000 3.726
93.70000 2.223
93.72000 4.098
93.74000 5.330
93.76000 0.676
93.78000 8.903
93.80000 10.269
93.82000 8.277
93.84000 3.353
93.86000 2.677
93.88000 2.240
93.90000 2.617
93.92000 3.006
93.94000 3.137
93.96000 9.097
93.98000 11.524
94.00000 8.670
94.02000 0.844
94.04000 2.215
94.06000 7.100
94.08000 6.799
94.10000 3.375
94.12000 1.260
94.14000 0.739
94.16000 0.586
94.18000 0.444
94.20000 3.368
94.22000 3.387
94.24000 3.959
94.26000 5.483
94.28000 1.493
94.30000 3.435
94.32000 3.864
94.34000 3.509
94.36000 1.400
94.38000 -2.385
94.40000 4.401
94.42000 10.648
94.44000 11.888
94.46000 10.715
94.48000 9.392
94.50000 1.840
94.52000 1.058
94.54000 4.757
94.56000 5.562
94.58000 4.449
94.60000 7.550
94.62000 8.463
94.64000 9.422
94.66000 2.790
94.68000 6.513
94.70000 6.912
94.72000 1.781
94.74000 0.308
94.76000 3.124
94.78000 -2.392
94.80000 2.824
94.82000 6.825
94.84000 6.080
94.86000 2.735
94.88000 3.298
94.90000 4.847
94.92000 7.364
94.94000 2.286
94.96000 5.201
94.98000 6.762
95.00000 8.927
95.02000 6.760
95.04000 6.332
95.06000 1.214
95.08000 0.495
95.10000 3.241
95.12000 3.919
95.14000 3.635
95.16000 9.106
95.18000 11.838
95.20000 5.000
95.22000 10.374
95.24000 11.391
95.26000 8.202
95.28000 3.387
95.30000 8.789
95.32000 9.381
95.34000 11.535
95.36000 7.092
95.38000 0.448
95.40000 3.774
95.42000 -0.495
95.44000 -0.420
95.46000 6.495
95.48000 8.842
95.50000 6.950
95.52000 2.877
95.54000 -0.190
95.56000 -2.382
95.58000 4.337
95.60000 10.901
95.62000 4.943
95.64000 -0.187
95.66000 4.755
95.68000 10.969
95.70000 7.010
95.72000 7.381
95.74000 4.866
95.76000 6.368
95.78000 3.197
95.80000 8.327
95.82000 6.763
95.84000 9.479
95.86000 5.002
95.88000 6.566
95.90000 4.754
95.92000 2.992
95.94000 3.465
95.96000 8.583
95.98000 10.725
96.00000 11.091
96.02000 6.111
96.04000 4.797
96.06000 3.608
96.08000 0.818
96.10000 6.798
96.12000 9.249
96.14000 -3.232
96.16000 3.547
96.18000 7.515
96.20000 14.361
96.22000 9.864
96.24000 1.154
96.26000 -0.870
96.28000 -2.379
96.30000 11.578
96.32000 3.949
96.34000 2.802
96.36000 10.920
96.38000 6.904
96.40000 4.331
96.42000 4.434
96.44000 2.088
96.46000 2.071
96.48000 -1.928
96.50000 1.646
96.52000 3.403
96.54000 1.271
96.56000 2.801
96.58000 6.999
96.60000 6.173
96.62000 2.164
96.64000 6.625
96.66000 12.629
96.68000 4.886
96.70000 -2.361
96.72000 -0.495
96.74000 1.483
96.76000 5.206
96.78000 7.924
96.80000 7.938
96.82000 8.383
96.84000 5.000
96.86000 10.867
96.88000 10.366
96.90000 6.192
96.92000 12.480
96.94000 9.109
96.96000 8.204
96.98000 4.119
97.00000 7.996
97.02000 5.587
97.04000 8.607
97.06000 11.411
97.08000 10.473
97.10000 8.366
97.12000 2.041
97.14000 -2.342
97.16000 -1.782
97.18000 5.564
97.20000 10.359
97.22000 8.380
97.24000 8.009
97.26000 8.890
97.28000 9.246
97.30000 7.832
97.32000 6.138
97.34000 4.199
97.36000 7.952
97.38000 12.885
97.40000 4.206
97.42000 6.883
97.44000 8.924
97.46000 12.396
97.48000 6.607
97.50000 -0.764
97.52000 -2.317
97.54000 9.434
97.56000 6.042
97.58000 2.351
97.60000 4.385
97.62000 2.431
97.64000 -1.018
97.66000 4.906
97.68000 10.497
97.70000 12.284
97.72000 12.689
97.74000 18.468
97.76000 8.029
97.78000 3.332
97.80000 2.108
97.82000 3.348
97.84000 4.961
97.86000 -0.225
97.88000 5.204
97.90000 6.820
97.92000 10.857
97.94000 7.864
97.96000 7.350
97.98000 6.500
98.00000 9.215
98.02000 13.171
98.04000 16.946
98.06000 11.873
98.08000 -3.247
98.10000 -0.296
98.12000 10.805
98.14000 15.640
98.16000 12.886
98.18000 8.096
98.20000 15.530
98.22000 12.602
98.24000 5.974
98.26000 5.819
98.28000 8.244
98.30000 5.270
98.32000 6.176
98.34000 10.174
98.36000 12.379
98.38000 17.933
98.40000 8.157
98.42000 0.698
98.44000 10.551
98.46000 7.696
98.48000 12.189
98.50000 6.263
98.52000 9.923
98.54000 12.467
98.56000 12.948
98.58000 9.855
98.60000 10.204
98.62000 9.841
98.64000 20.274
98.66000 17.968
98.68000 10.873
98.70000 10.345
98.72000 16.478
98.74000 14.455
98.76000 10.152
98.78000 6.973
98.80000 9.140
98.82000 3.189
98.84000 1.448
98.86000 -0.550
98.88000 2.645
98.90000 4.642
98.92000 6.200
98.94000 8.792
98.96000 15.548
98.98000 13.229
99.00000 15.270
99.02000 12.903
99.04000 9.060
99.06000 5.755
99.08000 1.771
99.10000 13.038
99.12000 14.620
99.14000 19.418
99.16000 7.804
99.18000 3.509
99.20000 8.571
99.22000 8.561
99.24000 23.673
99.26000 20.807
99.28000 11.050
99.30000 8.048
99.32000 7.723
99.34000 -2.239
99.36000 -0.090
99.38000 5.291
99.40000 13.852
99.42000 14.711
99.44000 11.168
99.46000 19.554
99.48000 18.420
99.50000 9.345
99.52000 3.351
99.54000 15.841
99.56000 10.270
99.58000 -5.931
99.60000 1.442
99.62000 8.168
99.64000 4.834
99.66000 3.144
99.68000 4.309
99.70000 8.284
99.72000 9.228
99.74000 9.421
99.76000 11.865
99.78000 9.739
99.80000 -1.057
99.82000 1.410
99.84000 8.750
99.86000 9.139
99.88000 7.143
99.90000 6.112
99.92000 -1.228
99.94000 -3.330
99.96000 8.478
99.98000 0.000
