'Id: "0011389" Comment: "Integrate frame 0011389_Au-Ir-Rh_Au-Rich_XRD_Mapping-146-0000.gfrmwith cursor Wedge Cursor #5" Operator: "B?rgel" Anode: "Cu" Wavelength: "1.5406" Scantype: "2Theta (TwoTheta)" TimePerStep: "1" X: "0" Y: "-4.5" Z: "5.95" 
10.00000 0.000
10.02000 0.053
10.04000 3.962
10.06000 1.770
10.08000 4.765
10.10000 25.504
10.12000 26.392
10.14000 28.180
10.16000 23.575
10.18000 5.516
10.20000 -4.149
10.22000 -2.734
10.24000 13.227
10.26000 5.421
10.28000 5.980
10.30000 18.270
10.32000 12.488
10.34000 -0.230
10.36000 -0.427
10.38000 3.849
10.40000 6.438
10.42000 8.463
10.44000 14.122
10.46000 22.385
10.48000 21.557
10.50000 11.811
10.52000 12.052
10.54000 14.912
10.56000 7.021
10.58000 16.685
10.60000 7.346
10.62000 6.193
10.64000 12.340
10.66000 9.044
10.68000 0.898
10.70000 1.903
10.72000 3.216
10.74000 18.360
10.76000 12.834
10.78000 13.050
10.80000 5.234
10.82000 7.336
10.84000 21.157
10.86000 23.408
10.88000 32.275
10.90000 10.933
10.92000 -3.623
10.94000 5.810
10.96000 8.560
10.98000 10.085
11.00000 17.643
11.02000 12.054
11.04000 19.103
11.06000 24.895
11.08000 29.514
11.10000 12.963
11.12000 7.118
11.14000 4.604
11.16000 4.682
11.18000 15.268
11.20000 11.131
11.22000 17.025
11.24000 17.457
11.26000 18.324
11.28000 8.630
11.30000 22.762
11.32000 30.180
11.34000 20.767
11.36000 6.891
11.38000 25.730
11.40000 26.363
11.42000 21.821
11.44000 4.641
11.46000 -4.221
11.48000 14.534
11.50000 22.172
11.52000 16.263
11.54000 19.445
11.56000 15.534
11.58000 14.255
11.60000 20.786
11.62000 19.992
11.64000 17.464
11.66000 20.854
11.68000 29.251
11.70000 20.913
11.72000 12.613
11.74000 17.113
11.76000 19.158
11.78000 25.161
11.80000 20.413
11.82000 13.503
11.84000 10.685
11.86000 6.921
11.88000 18.520
11.90000 23.932
11.92000 19.675
11.94000 21.508
11.96000 23.357
11.98000 23.332
12.00000 30.231
12.02000 19.869
12.04000 22.171
12.06000 28.045
12.08000 23.574
12.10000 24.884
12.12000 26.879
12.14000 23.704
12.16000 20.640
12.18000 18.074
12.20000 17.003
12.22000 14.934
12.24000 21.356
12.26000 18.042
12.28000 22.154
12.30000 12.713
12.32000 14.435
12.34000 8.460
12.36000 20.450
12.38000 15.474
12.40000 16.348
12.42000 17.665
12.44000 21.879
12.46000 18.196
12.48000 13.363
12.50000 9.860
12.52000 10.070
12.54000 21.283
12.56000 24.967
12.58000 19.012
12.60000 23.648
12.62000 22.274
12.64000 28.014
12.66000 28.008
12.68000 26.951
12.70000 23.495
12.72000 8.351
12.74000 3.745
12.76000 2.970
12.78000 18.321
12.80000 25.845
12.82000 13.008
12.84000 11.537
12.86000 20.068
12.88000 19.503
12.90000 16.366
12.92000 13.522
12.94000 11.037
12.96000 8.598
12.98000 21.125
13.00000 21.903
13.02000 11.658
13.04000 17.529
13.06000 22.686
13.08000 16.877
13.10000 8.842
13.12000 6.758
13.14000 15.034
13.16000 11.029
13.18000 21.512
13.20000 21.671
13.22000 15.626
13.24000 20.302
13.26000 15.236
13.28000 24.412
13.30000 23.422
13.32000 25.101
13.34000 21.044
13.36000 15.471
13.38000 9.350
13.40000 18.372
13.42000 17.970
13.44000 7.292
13.46000 2.695
13.48000 10.701
13.50000 14.534
13.52000 20.462
13.54000 16.869
13.56000 17.576
13.58000 17.896
13.60000 17.101
13.62000 8.967
13.64000 5.963
13.66000 10.535
13.68000 13.849
13.70000 13.360
13.72000 15.691
13.74000 14.877
13.76000 21.540
13.78000 29.398
13.80000 14.426
13.82000 17.794
13.84000 17.094
13.86000 13.446
13.88000 15.316
13.90000 22.020
13.92000 20.349
13.94000 14.494
13.96000 4.585
13.98000 6.222
14.00000 5.070
14.02000 -1.520
14.04000 1.947
14.06000 9.199
14.08000 21.491
14.10000 17.841
14.12000 10.738
14.14000 11.458
14.16000 7.337
14.18000 9.124
14.20000 15.173
14.22000 8.142
14.24000 5.746
14.26000 4.133
14.28000 9.275
14.30000 10.331
14.32000 13.553
14.34000 13.522
14.36000 6.265
14.38000 4.999
14.40000 13.088
14.42000 17.904
14.44000 24.034
14.46000 18.007
14.48000 11.016
14.50000 7.022
14.52000 6.696
14.54000 14.703
14.56000 15.614
14.58000 18.518
14.60000 12.646
14.62000 11.959
14.64000 10.741
14.66000 9.614
14.68000 13.995
14.70000 15.758
14.72000 14.573
14.74000 9.112
14.76000 12.764
14.78000 5.477
14.80000 3.317
14.82000 14.875
14.84000 4.077
14.86000 8.666
14.88000 9.989
14.90000 13.712
14.92000 17.008
14.94000 9.101
14.96000 13.181
14.98000 12.978
15.00000 15.972
15.02000 8.917
15.04000 4.008
15.06000 10.148
15.08000 10.943
15.10000 12.159
15.12000 4.037
15.14000 4.877
15.16000 12.704
15.18000 7.316
15.20000 12.448
15.22000 7.480
15.24000 -0.932
15.26000 11.010
15.28000 9.625
15.30000 1.895
15.32000 5.171
15.34000 4.447
15.36000 7.302
15.38000 14.667
15.40000 8.868
15.42000 4.189
15.44000 9.808
15.46000 18.278
15.48000 18.213
15.50000 17.276
15.52000 11.295
15.54000 15.332
15.56000 15.354
15.58000 7.752
15.60000 9.581
15.62000 10.422
15.64000 13.230
15.66000 10.127
15.68000 9.108
15.70000 4.248
15.72000 5.679
15.74000 3.822
15.76000 4.974
15.78000 12.394
15.80000 6.965
15.82000 7.660
15.84000 8.316
15.86000 9.711
15.88000 9.279
15.90000 8.151
15.92000 9.674
15.94000 10.365
15.96000 2.704
15.98000 2.978
16.00000 6.489
16.02000 9.321
16.04000 11.489
16.06000 5.272
16.08000 2.797
16.10000 3.151
16.12000 4.560
16.14000 3.903
16.16000 12.637
16.18000 6.453
16.20000 12.602
16.22000 13.442
16.24000 14.698
16.26000 7.184
16.28000 4.611
16.30000 2.737
16.32000 9.207
16.34000 16.890
16.36000 4.141
16.38000 7.355
16.40000 14.236
16.42000 6.614
16.44000 9.020
16.46000 9.803
16.48000 8.004
16.50000 8.204
16.52000 -2.654
16.54000 -3.697
16.56000 2.394
16.58000 7.843
16.60000 7.913
16.62000 4.357
16.64000 9.126
16.66000 8.467
16.68000 5.811
16.70000 8.919
16.72000 11.946
16.74000 7.012
16.76000 4.055
16.78000 5.973
16.80000 10.837
16.82000 9.401
16.84000 9.519
16.86000 11.267
16.88000 4.893
16.90000 4.761
16.92000 14.232
16.94000 15.170
16.96000 11.322
16.98000 8.375
17.00000 13.176
17.02000 9.376
17.04000 -1.100
17.06000 -0.890
17.08000 1.608
17.10000 0.139
17.12000 6.127
17.14000 8.330
17.16000 11.244
17.18000 11.534
17.20000 11.146
17.22000 14.599
17.24000 7.509
17.26000 5.163
17.28000 10.896
17.30000 10.709
17.32000 10.667
17.34000 6.850
17.36000 13.367
17.38000 11.612
17.40000 9.405
17.42000 14.309
17.44000 15.382
17.46000 10.971
17.48000 4.417
17.50000 8.071
17.52000 12.175
17.54000 13.884
17.56000 10.464
17.58000 9.549
17.60000 11.641
17.62000 13.600
17.64000 13.033
17.66000 6.425
17.68000 10.867
17.70000 12.008
17.72000 13.390
17.74000 10.186
17.76000 10.841
17.78000 10.301
17.80000 1.847
17.82000 -4.285
17.84000 2.964
17.86000 10.972
17.88000 14.497
17.90000 11.350
17.92000 7.036
17.94000 6.481
17.96000 12.419
17.98000 12.238
18.00000 10.246
18.02000 4.714
18.04000 3.152
18.06000 9.321
18.08000 10.119
18.10000 1.031
18.12000 9.065
18.14000 11.271
18.16000 7.530
18.18000 7.498
18.20000 6.393
18.22000 3.253
18.24000 8.958
18.26000 10.374
18.28000 7.553
18.30000 6.653
18.32000 9.675
18.34000 1.881
18.36000 6.807
18.38000 2.878
18.40000 11.178
18.42000 8.401
18.44000 -1.170
18.46000 -2.994
18.48000 6.348
18.50000 5.423
18.52000 3.955
18.54000 2.495
18.56000 4.584
18.58000 9.029
18.60000 18.113
18.62000 11.151
18.64000 8.378
18.66000 6.175
18.68000 5.069
18.70000 4.884
18.72000 8.846
18.74000 10.836
18.76000 6.840
18.78000 3.347
18.80000 9.641
18.82000 15.135
18.84000 5.399
18.86000 5.959
18.88000 4.071
18.90000 2.260
18.92000 7.078
18.94000 7.174
18.96000 3.507
18.98000 6.103
19.00000 12.924
19.02000 15.546
19.04000 7.804
19.06000 3.642
19.08000 3.433
19.10000 -1.318
19.12000 -2.671
19.14000 0.460
19.16000 3.254
19.18000 8.036
19.20000 7.925
19.22000 5.219
19.24000 6.329
19.26000 5.922
19.28000 4.331
19.30000 6.206
19.32000 6.253
19.34000 4.345
19.36000 3.817
19.38000 0.820
19.40000 -1.646
19.42000 4.285
19.44000 12.113
19.46000 7.488
19.48000 9.588
19.50000 10.917
19.52000 -0.826
19.54000 0.576
19.56000 2.380
19.58000 0.809
19.60000 -2.282
19.62000 -0.399
19.64000 7.160
19.66000 4.436
19.68000 2.367
19.70000 2.187
19.72000 4.251
19.74000 6.709
19.76000 10.476
19.78000 10.333
19.80000 4.065
19.82000 2.280
19.84000 3.884
19.86000 2.167
19.88000 6.477
19.90000 5.345
19.92000 6.245
19.94000 7.107
19.96000 3.943
19.98000 1.193
20.00000 -3.023
20.02000 -0.242
20.04000 9.428
20.06000 5.897
20.08000 6.805
20.10000 7.149
20.12000 3.286
20.14000 10.788
20.16000 9.186
20.18000 -1.644
20.20000 7.375
20.22000 14.103
20.24000 11.893
20.26000 9.926
20.28000 8.724
20.30000 6.144
20.32000 10.044
20.34000 11.894
20.36000 11.054
20.38000 7.510
20.40000 7.317
20.42000 7.011
20.44000 6.244
20.46000 4.879
20.48000 3.975
20.50000 8.173
20.52000 3.575
20.54000 14.205
20.56000 22.419
20.58000 9.042
20.60000 -0.978
20.62000 6.108
20.64000 2.401
20.66000 -4.149
20.68000 -1.323
20.70000 2.920
20.72000 7.477
20.74000 8.107
20.76000 0.789
20.78000 8.164
20.80000 12.642
20.82000 5.361
20.84000 -0.306
20.86000 5.128
20.88000 7.964
20.90000 10.263
20.92000 2.875
20.94000 2.753
20.96000 5.218
20.98000 8.491
21.00000 -0.217
21.02000 -0.690
21.04000 4.359
21.06000 6.322
21.08000 2.768
21.10000 0.443
21.12000 3.612
21.14000 4.776
21.16000 5.090
21.18000 0.526
21.20000 4.168
21.22000 2.258
21.24000 8.937
21.26000 2.228
21.28000 0.691
21.30000 4.437
21.32000 3.170
21.34000 -3.371
21.36000 -2.036
21.38000 5.580
21.40000 14.213
21.42000 7.047
21.44000 -3.011
21.46000 -3.044
21.48000 -3.031
21.50000 -1.015
21.52000 2.875
21.54000 9.243
21.56000 13.493
21.58000 10.078
21.60000 9.601
21.62000 3.711
21.64000 -3.199
21.66000 -2.648
21.68000 3.151
21.70000 -3.168
21.72000 -1.374
21.74000 1.393
21.76000 -0.671
21.78000 5.235
21.80000 5.336
21.82000 -0.568
21.84000 3.739
21.86000 7.546
21.88000 4.809
21.90000 5.195
21.92000 6.938
21.94000 10.446
21.96000 1.784
21.98000 -2.035
22.00000 -0.924
22.02000 1.102
22.04000 -0.713
22.06000 1.977
22.08000 -2.857
22.10000 -1.353
22.12000 -1.261
22.14000 -1.687
22.16000 -0.197
22.18000 -1.919
22.20000 5.973
22.22000 3.473
22.24000 1.847
22.26000 3.744
22.28000 5.850
22.30000 1.608
22.32000 2.844
22.34000 12.771
22.36000 9.934
22.38000 4.844
22.40000 5.998
22.42000 6.992
22.44000 2.737
22.46000 4.058
22.48000 10.429
22.50000 2.937
22.52000 4.098
22.54000 5.089
22.56000 3.414
22.58000 2.073
22.60000 4.283
22.62000 9.244
22.64000 6.043
22.66000 4.236
22.68000 -3.317
22.70000 -3.307
22.72000 -4.083
22.74000 -2.172
22.76000 8.492
22.78000 9.604
22.80000 0.498
22.82000 -2.331
22.84000 0.662
22.86000 2.493
22.88000 2.793
22.90000 2.768
22.92000 -2.879
22.94000 2.494
22.96000 5.966
22.98000 3.851
23.00000 4.839
23.02000 2.249
23.04000 3.663
23.06000 1.395
23.08000 7.878
23.10000 8.795
23.12000 4.617
23.14000 3.550
23.16000 4.527
23.18000 1.755
23.20000 5.919
23.22000 3.296
23.24000 4.530
23.26000 -2.483
23.28000 1.536
23.30000 1.817
23.32000 10.470
23.34000 11.163
23.36000 5.637
23.38000 1.546
23.40000 4.818
23.42000 6.952
23.44000 7.173
23.46000 10.871
23.48000 9.477
23.50000 3.409
23.52000 2.907
23.54000 6.706
23.56000 3.066
23.58000 -1.715
23.60000 -0.302
23.62000 -3.305
23.64000 1.861
23.66000 -1.917
23.68000 -1.997
23.70000 1.207
23.72000 2.480
23.74000 1.481
23.76000 0.547
23.78000 1.121
23.80000 -1.095
23.82000 8.670
23.84000 2.967
23.86000 -1.021
23.88000 0.297
23.90000 5.498
23.92000 3.983
23.94000 5.326
23.96000 5.800
23.98000 5.456
24.00000 3.594
24.02000 -0.038
24.04000 6.255
24.06000 1.821
24.08000 -3.994
24.10000 2.180
24.12000 3.420
24.14000 5.043
24.16000 3.211
24.18000 3.499
24.20000 0.514
24.22000 2.310
24.24000 2.328
24.26000 3.437
24.28000 2.868
24.30000 4.022
24.32000 6.452
24.34000 1.626
24.36000 0.042
24.38000 3.902
24.40000 3.401
24.42000 5.711
24.44000 3.832
24.46000 1.252
24.48000 1.249
24.50000 -3.516
24.52000 -3.975
24.54000 7.141
24.56000 7.512
24.58000 -2.283
24.60000 4.535
24.62000 5.859
24.64000 2.494
24.66000 2.453
24.68000 4.411
24.70000 5.218
24.72000 -2.310
24.74000 1.300
24.76000 3.894
24.78000 -0.995
24.80000 -2.403
24.82000 -1.977
24.84000 -1.680
24.86000 -2.814
24.88000 1.262
24.90000 3.597
24.92000 1.014
24.94000 1.022
24.96000 4.797
24.98000 -2.040
25.00000 -1.431
25.02000 -1.722
25.04000 1.538
25.06000 -2.700
25.08000 4.100
25.10000 8.541
25.12000 5.484
25.14000 8.203
25.16000 4.731
25.18000 3.808
25.20000 5.123
25.22000 7.753
25.24000 2.726
25.26000 4.972
25.28000 1.740
25.30000 1.405
25.32000 -2.610
25.34000 -0.544
25.36000 0.565
25.38000 1.251
25.40000 2.491
25.42000 5.906
25.44000 8.109
25.46000 4.410
25.48000 3.580
25.50000 4.629
25.52000 4.578
25.54000 -0.989
25.56000 -0.793
25.58000 -1.533
25.60000 2.820
25.62000 1.477
25.64000 3.291
25.66000 6.710
25.68000 4.306
25.70000 3.865
25.72000 5.671
25.74000 3.779
25.76000 3.982
25.78000 0.043
25.80000 5.498
25.82000 5.053
25.84000 3.188
25.86000 7.110
25.88000 4.968
25.90000 6.307
25.92000 4.416
25.94000 -1.009
25.96000 -0.874
25.98000 4.392
26.00000 3.122
26.02000 1.280
26.04000 2.141
26.06000 8.176
26.08000 11.234
26.10000 5.906
26.12000 -0.222
26.14000 -3.875
26.16000 -0.924
26.18000 1.859
26.20000 4.701
26.22000 3.897
26.24000 6.557
26.26000 7.807
26.28000 4.944
26.30000 6.929
26.32000 3.143
26.34000 2.701
26.36000 3.169
26.38000 6.364
26.40000 5.423
26.42000 3.193
26.44000 4.376
26.46000 3.223
26.48000 5.011
26.50000 2.203
26.52000 0.979
26.54000 2.340
26.56000 2.256
26.58000 1.962
26.60000 -2.156
26.62000 1.746
26.64000 7.674
26.66000 6.790
26.68000 5.098
26.70000 4.636
26.72000 3.888
26.74000 8.718
26.76000 4.793
26.78000 5.102
26.80000 8.963
26.82000 7.553
26.84000 5.269
26.86000 2.724
26.88000 6.914
26.90000 4.895
26.92000 6.516
26.94000 1.864
26.96000 -1.090
26.98000 0.405
27.00000 -0.755
27.02000 -0.428
27.04000 2.235
27.06000 1.943
27.08000 -0.811
27.10000 0.873
27.12000 1.920
27.14000 2.376
27.16000 1.819
27.18000 1.985
27.20000 -1.716
27.22000 3.139
27.24000 5.204
27.26000 0.523
27.28000 0.346
27.30000 -1.499
27.32000 -0.567
27.34000 0.970
27.36000 4.462
27.38000 6.097
27.40000 7.583
27.42000 -0.326
27.44000 -3.829
27.46000 1.161
27.48000 3.102
27.50000 3.338
27.52000 -1.128
27.54000 0.199
27.56000 0.275
27.58000 1.484
27.60000 3.468
27.62000 2.463
27.64000 4.009
27.66000 2.903
27.68000 1.704
27.70000 2.408
27.72000 -3.252
27.74000 -2.400
27.76000 2.246
27.78000 3.715
27.80000 2.118
27.82000 0.266
27.84000 -2.050
27.86000 4.277
27.88000 3.328
27.90000 2.926
27.92000 4.459
27.94000 4.919
27.96000 2.644
27.98000 2.400
28.00000 1.168
28.02000 -3.798
28.04000 -2.176
28.06000 1.092
28.08000 1.823
28.10000 2.218
28.12000 5.098
28.14000 3.749
28.16000 1.631
28.18000 3.990
28.20000 5.041
28.22000 4.143
28.24000 5.704
28.26000 4.060
28.28000 5.140
28.30000 3.988
28.32000 2.849
28.34000 5.577
28.36000 4.380
28.38000 5.782
28.40000 3.400
28.42000 1.399
28.44000 -2.582
28.46000 0.753
28.48000 7.247
28.50000 8.441
28.52000 6.998
28.54000 1.212
28.56000 -1.199
28.58000 2.299
28.60000 -0.526
28.62000 3.958
28.64000 1.944
28.66000 -0.961
28.68000 3.507
28.70000 4.751
28.72000 3.282
28.74000 2.075
28.76000 5.789
28.78000 6.423
28.80000 4.283
28.82000 4.806
28.84000 3.198
28.86000 -1.585
28.88000 3.007
28.90000 -0.008
28.92000 0.683
28.94000 1.045
28.96000 2.570
28.98000 2.610
29.00000 1.079
29.02000 -3.731
29.04000 2.215
29.06000 4.661
29.08000 -0.536
29.10000 6.586
29.12000 7.853
29.14000 7.926
29.16000 6.173
29.18000 10.680
29.20000 10.715
29.22000 8.651
29.24000 6.104
29.26000 5.887
29.28000 5.269
29.30000 1.519
29.32000 -3.037
29.34000 0.113
29.36000 4.754
29.38000 3.824
29.40000 2.220
29.42000 3.087
29.44000 2.232
29.46000 6.108
29.48000 7.770
29.50000 4.371
29.52000 0.516
29.54000 0.224
29.56000 2.409
29.58000 0.312
29.60000 2.186
29.62000 5.473
29.64000 6.257
29.66000 2.157
29.68000 2.233
29.70000 4.101
29.72000 9.341
29.74000 6.686
29.76000 4.965
29.78000 -3.713
29.80000 0.904
29.82000 5.956
29.84000 8.046
29.86000 8.800
29.88000 -0.180
29.90000 -2.384
29.92000 3.893
29.94000 4.699
29.96000 1.565
29.98000 3.382
30.00000 1.751
30.02000 4.484
30.04000 3.612
30.06000 2.344
30.08000 1.789
30.10000 0.364
30.12000 2.195
30.14000 1.692
30.16000 4.396
30.18000 9.431
30.20000 4.937
30.22000 0.741
30.24000 1.324
30.26000 0.287
30.28000 4.410
30.30000 5.013
30.32000 6.128
30.34000 6.384
30.36000 3.905
30.38000 -0.877
30.40000 -1.739
30.42000 0.286
30.44000 3.329
30.46000 6.975
30.48000 0.915
30.50000 -1.641
30.52000 -0.218
30.54000 0.203
30.56000 -1.505
30.58000 3.831
30.60000 3.556
30.62000 2.199
30.64000 4.343
30.66000 -1.070
30.68000 -3.673
30.70000 0.597
30.72000 1.552
30.74000 -1.595
30.76000 3.664
30.78000 2.357
30.80000 4.047
30.82000 2.083
30.84000 6.296
30.86000 4.494
30.88000 -0.627
30.90000 0.363
30.92000 -0.557
30.94000 -0.555
30.96000 5.542
30.98000 2.833
31.00000 4.743
31.02000 3.311
31.04000 5.054
31.06000 6.957
31.08000 8.801
31.10000 6.125
31.12000 5.023
31.14000 4.927
31.16000 2.727
31.18000 5.341
31.20000 5.475
31.22000 3.953
31.24000 2.970
31.26000 2.763
31.28000 0.530
31.30000 3.538
31.32000 2.614
31.34000 4.584
31.36000 3.253
31.38000 0.169
31.40000 -0.872
31.42000 -2.870
31.44000 -3.633
31.46000 0.756
31.48000 7.386
31.50000 10.433
31.52000 9.923
31.54000 -1.141
31.56000 -3.629
31.58000 -2.241
31.60000 3.662
31.62000 6.721
31.64000 7.487
31.66000 11.948
31.68000 2.812
31.70000 -0.998
31.72000 2.655
31.74000 8.018
31.76000 4.704
31.78000 0.011
31.80000 -1.824
31.82000 -0.048
31.84000 2.390
31.86000 4.198
31.88000 3.661
31.90000 2.175
31.92000 2.792
31.94000 1.694
31.96000 3.869
31.98000 4.017
32.00000 1.455
32.02000 -1.822
32.04000 -2.410
32.06000 2.165
32.08000 2.751
32.10000 -3.615
32.12000 0.474
32.14000 7.718
32.16000 4.060
32.18000 1.079
32.20000 1.944
32.22000 1.356
32.24000 3.759
32.26000 4.757
32.28000 0.261
32.30000 -0.702
32.32000 0.333
32.34000 0.122
32.36000 2.731
32.38000 8.178
32.40000 6.345
32.42000 2.475
32.44000 4.669
32.46000 4.050
32.48000 6.833
32.50000 4.975
32.52000 1.682
32.54000 1.004
32.56000 -0.673
32.58000 4.262
32.60000 4.669
32.62000 8.103
32.64000 0.686
32.66000 -0.142
32.68000 2.089
32.70000 1.071
32.72000 0.415
32.74000 -0.933
32.76000 1.467
32.78000 9.394
32.80000 8.122
32.82000 4.762
32.84000 3.408
32.86000 4.532
32.88000 3.178
32.90000 0.847
32.92000 -1.442
32.94000 -3.227
32.96000 2.927
32.98000 5.360
33.00000 4.640
33.02000 3.855
33.04000 2.235
33.06000 -1.588
33.08000 0.609
33.10000 1.344
33.12000 1.154
33.14000 -1.247
33.16000 -1.511
33.18000 0.293
33.20000 4.909
33.22000 -3.610
33.24000 -2.363
33.26000 6.201
33.28000 2.528
33.30000 4.930
33.32000 0.899
33.34000 3.258
33.36000 4.106
33.38000 4.274
33.40000 3.931
33.42000 8.216
33.44000 4.429
33.46000 0.337
33.48000 2.298
33.50000 2.031
33.52000 0.245
33.54000 2.078
33.56000 2.745
33.58000 3.525
33.60000 -0.522
33.62000 1.758
33.64000 5.116
33.66000 1.570
33.68000 3.078
33.70000 2.483
33.72000 2.104
33.74000 4.013
33.76000 6.590
33.78000 5.796
33.80000 8.648
33.82000 1.565
33.84000 0.160
33.86000 5.074
33.88000 1.695
33.90000 0.703
33.92000 10.346
33.94000 8.241
33.96000 2.038
33.98000 0.247
34.00000 0.683
34.02000 1.670
34.04000 6.194
34.06000 8.550
34.08000 5.924
34.10000 4.471
34.12000 2.451
34.14000 6.921
34.16000 5.001
34.18000 5.200
34.20000 9.656
34.22000 6.104
34.24000 7.786
34.26000 4.593
34.28000 2.854
34.30000 4.712
34.32000 3.113
34.34000 3.329
34.36000 3.389
34.38000 12.925
34.40000 9.711
34.42000 5.165
34.44000 5.711
34.46000 -0.797
34.48000 -0.096
34.50000 1.125
34.52000 7.489
34.54000 7.256
34.56000 7.500
34.58000 6.341
34.60000 3.267
34.62000 -0.591
34.64000 -3.547
34.66000 -0.468
34.68000 1.586
34.70000 5.032
34.72000 5.226
34.74000 5.044
34.76000 5.898
34.78000 6.524
34.80000 3.434
34.82000 6.477
34.84000 9.252
34.86000 9.736
34.88000 7.102
34.90000 7.157
34.92000 5.448
34.94000 5.645
34.96000 5.553
34.98000 0.190
35.00000 3.232
35.02000 9.171
35.04000 5.902
35.06000 3.830
35.08000 5.223
35.10000 -0.303
35.12000 1.406
35.14000 4.973
35.16000 -1.105
35.18000 -3.541
35.20000 -2.443
35.22000 3.113
35.24000 3.320
35.26000 0.877
35.28000 1.588
35.30000 3.825
35.32000 2.096
35.34000 9.791
35.36000 9.424
35.38000 7.354
35.40000 1.957
35.42000 8.141
35.44000 7.472
35.46000 0.455
35.48000 3.067
35.50000 3.151
35.52000 0.445
35.54000 0.092
35.56000 5.274
35.58000 5.175
35.60000 2.788
35.62000 6.267
35.64000 3.969
35.66000 0.763
35.68000 0.474
35.70000 4.039
35.72000 0.901
35.74000 7.811
35.76000 5.286
35.78000 -1.579
35.80000 0.317
35.82000 -3.584
35.84000 -0.692
35.86000 3.676
35.88000 5.065
35.90000 4.382
35.92000 5.233
35.94000 7.584
35.96000 7.716
35.98000 3.372
36.00000 -2.104
36.02000 -0.783
36.04000 0.452
36.06000 1.512
36.08000 5.445
36.10000 -0.417
36.12000 3.141
36.14000 6.530
36.16000 2.935
36.18000 -0.927
36.20000 -3.611
36.22000 -2.615
36.24000 3.745
36.26000 -1.623
36.28000 3.095
36.30000 5.422
36.32000 0.426
36.34000 -1.230
36.36000 3.848
36.38000 9.059
36.40000 3.110
36.42000 1.768
36.44000 4.572
36.46000 4.583
36.48000 -2.190
36.50000 0.908
36.52000 6.624
36.54000 4.740
36.56000 4.337
36.58000 0.030
36.60000 -2.529
36.62000 -1.691
36.64000 0.082
36.66000 -0.503
36.68000 -1.494
36.70000 -2.361
36.72000 -1.632
36.74000 -1.225
36.76000 -1.644
36.78000 -1.097
36.80000 -1.056
36.82000 4.100
36.84000 1.200
36.86000 -0.517
36.88000 4.156
36.90000 2.876
36.92000 5.111
36.94000 3.807
36.96000 4.804
36.98000 -1.792
37.00000 -3.664
37.02000 1.067
37.04000 2.451
37.06000 3.338
37.08000 4.378
37.10000 7.572
37.12000 5.187
37.14000 2.963
37.16000 1.624
37.18000 5.032
37.20000 1.604
37.22000 1.485
37.24000 4.466
37.26000 9.542
37.28000 8.290
37.30000 5.877
37.32000 2.710
37.34000 0.963
37.36000 3.082
37.38000 6.314
37.40000 8.150
37.42000 7.015
37.44000 7.467
37.46000 5.164
37.48000 14.660
37.50000 8.655
37.52000 7.750
37.54000 9.140
37.56000 11.524
37.58000 13.284
37.60000 12.460
37.62000 11.993
37.64000 9.683
37.66000 11.503
37.68000 11.778
37.70000 15.941
37.72000 18.817
37.74000 18.222
37.76000 16.564
37.78000 13.207
37.80000 15.061
37.82000 18.963
37.84000 22.725
37.86000 21.844
37.88000 17.829
37.90000 17.901
37.92000 19.286
37.94000 26.183
37.96000 25.638
37.98000 26.453
38.00000 26.763
38.02000 27.349
38.04000 28.610
38.06000 23.701
38.08000 29.678
38.10000 36.715
38.12000 38.098
38.14000 30.859
38.16000 31.069
38.18000 35.210
38.20000 40.301
38.22000 38.718
38.24000 39.946
38.26000 42.925
38.28000 43.714
38.30000 43.967
38.32000 46.937
38.34000 46.763
38.36000 51.159
38.38000 56.504
38.40000 57.541
38.42000 57.277
38.44000 57.150
38.46000 58.240
38.48000 59.566
38.50000 68.204
38.52000 71.252
38.54000 74.043
38.56000 76.848
38.58000 82.597
38.60000 84.492
38.62000 87.566
38.64000 92.461
38.66000 97.558
38.68000 104.208
38.70000 110.432
38.72000 114.228
38.74000 119.885
38.76000 126.032
38.78000 127.226
38.80000 136.266
38.82000 143.494
38.84000 150.196
38.86000 160.656
38.88000 168.563
38.90000 178.007
38.92000 192.071
38.94000 204.739
38.96000 213.800
38.98000 227.912
39.00000 243.387
39.02000 260.610
39.04000 281.333
39.06000 288.655
39.08000 308.627
39.10000 315.367
39.12000 326.639
39.14000 350.991
39.16000 378.788
39.18000 393.493
39.20000 409.009
39.22000 435.023
39.24000 449.593
39.26000 475.196
39.28000 491.065
39.30000 500.350
39.32000 515.874
39.34000 529.596
39.36000 542.457
39.38000 562.460
39.40000 570.264
39.42000 564.791
39.44000 571.913
39.46000 572.733
39.48000 563.680
39.50000 547.521
39.52000 538.727
39.54000 539.798
39.56000 515.386
39.58000 505.650
39.60000 507.079
39.62000 489.477
39.64000 471.901
39.66000 449.354
39.68000 425.335
39.70000 409.088
39.72000 392.276
39.74000 376.049
39.76000 359.945
39.78000 339.260
39.80000 321.267
39.82000 310.138
39.84000 295.069
39.86000 279.558
39.88000 258.400
39.90000 245.496
39.92000 221.922
39.94000 206.287
39.96000 198.468
39.98000 186.649
40.00000 169.683
40.02000 161.747
40.04000 148.960
40.06000 143.726
40.08000 133.553
40.10000 122.002
40.12000 110.152
40.14000 106.955
40.16000 96.957
40.18000 92.928
40.20000 88.549
40.22000 85.783
40.24000 80.850
40.26000 78.398
40.28000 68.777
40.30000 64.997
40.32000 63.510
40.34000 59.041
40.36000 50.134
40.38000 47.419
40.40000 45.120
40.42000 41.509
40.44000 35.910
40.46000 37.082
40.48000 36.583
40.50000 41.712
40.52000 40.364
40.54000 37.367
40.56000 37.422
40.58000 33.078
40.60000 27.149
40.62000 28.953
40.64000 32.377
40.66000 29.014
40.68000 24.142
40.70000 23.876
40.72000 24.114
40.74000 22.112
40.76000 20.172
40.78000 18.740
40.80000 15.896
40.82000 16.489
40.84000 17.407
40.86000 15.608
40.88000 17.231
40.90000 14.504
40.92000 16.447
40.94000 15.431
40.96000 10.473
40.98000 8.483
41.00000 13.950
41.02000 10.913
41.04000 9.864
41.06000 7.665
41.08000 7.528
41.10000 7.910
41.12000 5.448
41.14000 6.465
41.16000 5.753
41.18000 8.388
41.20000 7.484
41.22000 6.188
41.24000 6.775
41.26000 6.208
41.28000 3.908
41.30000 8.589
41.32000 5.072
41.34000 0.822
41.36000 2.434
41.38000 0.570
41.40000 3.586
41.42000 3.758
41.44000 3.641
41.46000 2.604
41.48000 5.357
41.50000 1.438
41.52000 0.605
41.54000 -1.135
41.56000 -0.376
41.58000 0.370
41.60000 -2.659
41.62000 -3.206
41.64000 -2.176
41.66000 0.128
41.68000 -1.332
41.70000 -3.424
41.72000 1.085
41.74000 1.695
41.76000 0.192
41.78000 0.382
41.80000 -2.629
41.82000 -1.461
41.84000 1.098
41.86000 2.154
41.88000 -1.149
41.90000 -0.334
41.92000 -1.992
41.94000 -0.344
41.96000 -1.354
41.98000 -0.796
42.00000 -2.222
42.02000 -0.959
42.04000 -1.138
42.06000 -0.922
42.08000 -0.860
42.10000 -2.203
42.12000 0.156
42.14000 -2.374
42.16000 -2.053
42.18000 0.836
42.20000 -1.421
42.22000 -2.205
42.24000 -1.893
42.26000 -1.642
42.28000 -2.868
42.30000 -3.023
42.32000 -3.320
42.34000 1.914
42.36000 3.203
42.38000 1.424
42.40000 -1.596
42.42000 0.370
42.44000 -0.358
42.46000 -1.183
42.48000 0.706
42.50000 0.816
42.52000 4.343
42.54000 2.148
42.56000 1.570
42.58000 -1.037
42.60000 -2.473
42.62000 -0.217
42.64000 1.709
42.66000 3.382
42.68000 2.957
42.70000 4.807
42.72000 3.684
42.74000 3.562
42.76000 1.014
42.78000 2.635
42.80000 2.786
42.82000 5.594
42.84000 3.055
42.86000 2.383
42.88000 0.380
42.90000 3.359
42.92000 0.569
42.94000 4.026
42.96000 2.917
42.98000 2.829
43.00000 -0.488
43.02000 2.940
43.04000 -0.865
43.06000 -3.177
43.08000 1.974
43.10000 3.549
43.12000 3.620
43.14000 3.894
43.16000 6.574
43.18000 2.482
43.20000 -0.536
43.22000 -2.273
43.24000 -3.167
43.26000 0.314
43.28000 5.500
43.30000 0.156
43.32000 -1.922
43.34000 2.800
43.36000 1.846
43.38000 2.646
43.40000 3.688
43.42000 2.221
43.44000 3.002
43.46000 3.398
43.48000 7.712
43.50000 6.074
43.52000 3.754
43.54000 1.340
43.56000 3.861
43.58000 2.118
43.60000 0.845
43.62000 -3.103
43.64000 -2.989
43.66000 1.534
43.68000 -0.716
43.70000 0.216
43.72000 0.496
43.74000 3.329
43.76000 6.279
43.78000 5.529
43.80000 1.956
43.82000 -1.122
43.84000 -1.145
43.86000 5.044
43.88000 0.767
43.90000 1.704
43.92000 1.938
43.94000 0.595
43.96000 2.792
43.98000 0.707
44.00000 -2.217
44.02000 -0.073
44.04000 0.100
44.06000 -3.135
44.08000 0.214
44.10000 2.159
44.12000 -0.019
44.14000 -1.047
44.16000 3.576
44.18000 0.212
44.20000 3.153
44.22000 3.205
44.24000 3.691
44.26000 3.694
44.28000 1.494
44.30000 0.962
44.32000 3.497
44.34000 2.833
44.36000 1.884
44.38000 -0.639
44.40000 -0.449
44.42000 -3.059
44.44000 0.740
44.46000 0.215
44.48000 0.514
44.50000 1.144
44.52000 1.690
44.54000 1.137
44.56000 1.359
44.58000 0.241
44.60000 -1.857
44.62000 0.568
44.64000 3.309
44.66000 2.709
44.68000 -0.316
44.70000 0.976
44.72000 3.948
44.74000 2.287
44.76000 1.230
44.78000 2.212
44.80000 1.505
44.82000 1.549
44.84000 4.381
44.86000 3.306
44.88000 5.357
44.90000 2.696
44.92000 7.122
44.94000 9.454
44.96000 6.068
44.98000 2.711
45.00000 2.204
45.02000 6.861
45.04000 7.186
45.06000 4.259
45.08000 7.358
45.10000 7.716
45.12000 9.828
45.14000 12.139
45.16000 13.119
45.18000 16.598
45.20000 16.121
45.22000 16.559
45.24000 15.491
45.26000 17.227
45.28000 13.582
45.30000 13.369
45.32000 15.644
45.34000 19.398
45.36000 19.426
45.38000 19.266
45.40000 26.122
45.42000 29.298
45.44000 28.313
45.46000 26.485
45.48000 23.160
45.50000 25.794
45.52000 32.381
45.54000 36.343
45.56000 37.089
45.58000 36.120
45.60000 37.684
45.62000 35.621
45.64000 38.254
45.66000 42.201
45.68000 43.405
45.70000 45.827
45.72000 43.215
45.74000 44.237
45.76000 44.972
45.78000 47.608
45.80000 49.766
45.82000 50.983
45.84000 53.411
45.86000 52.045
45.88000 54.875
45.90000 58.296
45.92000 57.930
45.94000 58.811
45.96000 58.408
45.98000 58.598
46.00000 61.079
46.02000 58.318
46.04000 60.352
46.06000 58.483
46.08000 61.194
46.10000 64.583
46.12000 64.975
46.14000 60.507
46.16000 57.890
46.18000 60.851
46.20000 61.995
46.22000 64.805
46.24000 62.034
46.26000 57.570
46.28000 58.032
46.30000 56.869
46.32000 54.144
46.34000 54.615
46.36000 57.685
46.38000 56.630
46.40000 54.578
46.42000 47.603
46.44000 47.736
46.46000 47.438
46.48000 42.899
46.50000 44.332
46.52000 42.590
46.54000 48.517
46.56000 42.702
46.58000 37.486
46.60000 38.321
46.62000 33.214
46.64000 32.075
46.66000 30.738
46.68000 26.999
46.70000 21.539
46.72000 22.633
46.74000 22.738
46.76000 24.147
46.78000 18.225
46.80000 17.916
46.82000 18.641
46.84000 14.791
46.86000 13.887
46.88000 16.805
46.90000 21.038
46.92000 19.720
46.94000 13.039
46.96000 12.718
46.98000 11.174
47.00000 12.217
47.02000 11.364
47.04000 12.388
47.06000 10.409
47.08000 5.909
47.10000 4.562
47.12000 3.801
47.14000 2.992
47.16000 2.164
47.18000 5.060
47.20000 5.049
47.22000 8.080
47.24000 6.340
47.26000 5.645
47.28000 4.490
47.30000 3.151
47.32000 -1.876
47.34000 -2.795
47.36000 0.205
47.38000 1.525
47.40000 2.929
47.42000 -0.271
47.44000 -0.293
47.46000 -1.881
47.48000 -0.885
47.50000 -0.948
47.52000 1.131
47.54000 5.324
47.56000 2.002
47.58000 -0.622
47.60000 -0.594
47.62000 -0.535
47.64000 -0.792
47.66000 1.141
47.68000 -0.588
47.70000 -1.551
47.72000 -1.349
47.74000 1.015
47.76000 4.925
47.78000 3.910
47.80000 -0.640
47.82000 2.316
47.84000 1.570
47.86000 0.553
47.88000 3.617
47.90000 3.120
47.92000 0.993
47.94000 5.175
47.96000 1.659
47.98000 -1.780
48.00000 -2.677
48.02000 3.684
48.04000 3.055
48.06000 -0.157
48.08000 0.646
48.10000 4.835
48.12000 3.161
48.14000 0.315
48.16000 -0.057
48.18000 2.585
48.20000 1.494
48.22000 -0.073
48.24000 0.924
48.26000 1.868
48.28000 8.974
48.30000 7.805
48.32000 3.616
48.34000 -0.564
48.36000 0.361
48.38000 6.435
48.40000 4.840
48.42000 1.610
48.44000 1.808
48.46000 1.329
48.48000 1.233
48.50000 1.462
48.52000 0.529
48.54000 1.380
48.56000 2.064
48.58000 0.411
48.60000 0.751
48.62000 4.186
48.64000 4.163
48.66000 1.737
48.68000 -1.048
48.70000 -0.211
48.72000 1.572
48.74000 -2.611
48.76000 1.206
48.78000 1.996
48.80000 1.240
48.82000 3.339
48.84000 4.851
48.86000 4.878
48.88000 1.605
48.90000 2.178
48.92000 1.041
48.94000 0.082
48.96000 3.425
48.98000 3.628
49.00000 5.483
49.02000 4.916
49.04000 4.307
49.06000 6.019
49.08000 5.062
49.10000 0.477
49.12000 -0.815
49.14000 5.909
49.16000 5.291
49.18000 6.637
49.20000 1.666
49.22000 -1.659
49.24000 -1.075
49.26000 1.269
49.28000 0.372
49.30000 -0.025
49.32000 -0.469
49.34000 -1.940
49.36000 -1.080
49.38000 1.723
49.40000 2.715
49.42000 2.740
49.44000 4.126
49.46000 3.524
49.48000 3.164
49.50000 5.212
49.52000 2.276
49.54000 -2.562
49.56000 1.010
49.58000 4.560
49.60000 5.040
49.62000 0.870
49.64000 0.141
49.66000 1.230
49.68000 5.870
49.70000 4.100
49.72000 2.074
49.74000 3.248
49.76000 1.859
49.78000 3.473
49.80000 2.935
49.82000 -1.209
49.84000 1.584
49.86000 2.646
49.88000 -0.111
49.90000 -2.244
49.92000 1.677
49.94000 3.127
49.96000 -0.778
49.98000 -0.803
50.00000 -2.062
50.02000 1.207
50.04000 3.628
50.06000 -0.280
50.08000 0.212
50.10000 2.080
50.12000 1.274
50.14000 2.827
50.16000 2.469
50.18000 -0.300
50.20000 0.007
50.22000 3.356
50.24000 2.377
50.26000 -0.658
50.28000 -0.555
50.30000 2.688
50.32000 4.443
50.34000 4.667
50.36000 5.571
50.38000 3.145
50.40000 0.852
50.42000 3.756
50.44000 -0.313
50.46000 -1.760
50.48000 -1.585
50.50000 -1.120
50.52000 0.303
50.54000 5.213
50.56000 4.621
50.58000 2.898
50.60000 1.457
50.62000 1.672
50.64000 0.458
50.66000 -0.718
50.68000 -0.496
50.70000 -0.049
50.72000 0.623
50.74000 1.633
50.76000 2.838
50.78000 1.648
50.80000 2.423
50.82000 1.311
50.84000 1.049
50.86000 -1.686
50.88000 -1.001
50.90000 2.075
50.92000 5.683
50.94000 3.800
50.96000 0.225
50.98000 -2.311
51.00000 0.646
51.02000 -0.093
51.04000 0.506
51.06000 5.287
51.08000 6.675
51.10000 5.592
51.12000 3.158
51.14000 0.722
51.16000 -1.150
51.18000 1.581
51.20000 4.464
51.22000 1.887
51.24000 0.577
51.26000 3.689
51.28000 7.046
51.30000 4.584
51.32000 3.465
51.34000 4.015
51.36000 3.249
51.38000 0.748
51.40000 -2.466
51.42000 0.860
51.44000 2.896
51.46000 6.284
51.48000 5.494
51.50000 4.153
51.52000 4.448
51.54000 4.745
51.56000 7.103
51.58000 4.489
51.60000 4.089
51.62000 3.434
51.64000 5.571
51.66000 3.807
51.68000 5.444
51.70000 5.427
51.72000 5.761
51.74000 2.040
51.76000 3.179
51.78000 8.369
51.80000 5.688
51.82000 5.432
51.84000 3.440
51.86000 3.902
51.88000 3.767
51.90000 5.399
51.92000 3.858
51.94000 1.941
51.96000 1.212
51.98000 0.485
52.00000 -0.750
52.02000 0.903
52.04000 2.890
52.06000 0.512
52.08000 -1.128
52.10000 1.522
52.12000 0.067
52.14000 1.684
52.16000 4.721
52.18000 4.635
52.20000 5.227
52.22000 3.809
52.24000 1.987
52.26000 2.723
52.28000 1.899
52.30000 0.612
52.32000 1.218
52.34000 1.868
52.36000 3.397
52.38000 5.456
52.40000 -0.934
52.42000 -0.289
52.44000 0.949
52.46000 1.328
52.48000 5.741
52.50000 3.573
52.52000 2.980
52.54000 3.530
52.56000 -0.933
52.58000 -0.400
52.60000 -2.013
52.62000 -1.219
52.64000 -0.462
52.66000 1.052
52.68000 -1.398
52.70000 0.778
52.72000 4.171
52.74000 3.755
52.76000 3.106
52.78000 2.654
52.80000 5.157
52.82000 2.772
52.84000 0.871
52.86000 1.073
52.88000 -0.599
52.90000 0.135
52.92000 2.255
52.94000 4.256
52.96000 2.892
52.98000 4.217
53.00000 0.713
53.02000 0.643
53.04000 2.262
53.06000 4.443
53.08000 6.039
53.10000 1.011
53.12000 1.974
53.14000 2.546
53.16000 2.037
53.18000 3.098
53.20000 3.612
53.22000 4.776
53.24000 4.488
53.26000 5.546
53.28000 5.175
53.30000 3.883
53.32000 0.386
53.34000 0.636
53.36000 -2.419
53.38000 2.695
53.40000 6.074
53.42000 1.785
53.44000 3.760
53.46000 4.374
53.48000 1.575
53.50000 2.436
53.52000 3.466
53.54000 4.895
53.56000 5.617
53.58000 5.673
53.60000 3.810
53.62000 6.486
53.64000 6.580
53.66000 3.456
53.68000 3.311
53.70000 4.396
53.72000 3.442
53.74000 -0.319
53.76000 1.969
53.78000 3.083
53.80000 2.542
53.82000 4.693
53.84000 4.308
53.86000 6.646
53.88000 3.978
53.90000 3.945
53.92000 0.086
53.94000 1.138
53.96000 -0.474
53.98000 1.256
54.00000 3.886
54.02000 5.608
54.04000 3.436
54.06000 3.572
54.08000 5.496
54.10000 1.953
54.12000 -0.095
54.14000 -0.101
54.16000 -2.389
54.18000 1.784
54.20000 4.924
54.22000 2.883
54.24000 3.903
54.26000 1.447
54.28000 4.399
54.30000 -0.430
54.32000 -2.124
54.34000 2.494
54.36000 3.682
54.38000 2.460
54.40000 3.977
54.42000 2.648
54.44000 5.720
54.46000 1.612
54.48000 1.753
54.50000 2.288
54.52000 4.879
54.54000 6.794
54.56000 6.134
54.58000 3.413
54.60000 6.150
54.62000 2.735
54.64000 -2.056
54.66000 3.412
54.68000 4.678
54.70000 3.201
54.72000 2.540
54.74000 2.606
54.76000 4.048
54.78000 2.467
54.80000 4.614
54.82000 5.764
54.84000 5.173
54.86000 2.865
54.88000 1.566
54.90000 -0.058
54.92000 1.025
54.94000 3.033
54.96000 5.622
54.98000 3.830
55.00000 2.091
55.02000 2.095
55.04000 1.661
55.06000 -2.111
55.08000 0.254
55.10000 3.853
55.12000 2.304
55.14000 3.167
55.16000 4.497
55.18000 3.447
55.20000 1.247
55.22000 1.757
55.24000 2.423
55.26000 4.988
55.28000 7.056
55.30000 4.679
55.32000 -0.465
55.34000 0.810
55.36000 4.289
55.38000 1.487
55.40000 2.842
55.42000 4.330
55.44000 2.965
55.46000 0.060
55.48000 3.927
55.50000 3.292
55.52000 1.666
55.54000 2.231
55.56000 -2.367
55.58000 -1.418
55.60000 -0.052
55.62000 3.383
55.64000 -0.379
55.66000 -2.360
55.68000 -2.174
55.70000 0.988
55.72000 4.169
55.74000 3.835
55.76000 3.786
55.78000 0.386
55.80000 2.447
55.82000 3.236
55.84000 2.296
55.86000 2.620
55.88000 4.759
55.90000 3.288
55.92000 3.046
55.94000 4.596
55.96000 3.927
55.98000 1.297
56.00000 1.164
56.02000 3.446
56.04000 4.614
56.06000 4.255
56.08000 0.951
56.10000 -2.363
56.12000 -0.343
56.14000 2.744
56.16000 4.224
56.18000 5.604
56.20000 5.143
56.22000 2.546
56.24000 4.926
56.26000 1.579
56.28000 -0.399
56.30000 2.549
56.32000 5.375
56.34000 4.712
56.36000 2.978
56.38000 6.278
56.40000 6.676
56.42000 4.673
56.44000 2.184
56.46000 0.380
56.48000 1.806
56.50000 3.045
56.52000 1.744
56.54000 3.007
56.56000 3.543
56.58000 2.488
56.60000 -1.307
56.62000 3.296
56.64000 8.976
56.66000 3.286
56.68000 0.796
56.70000 2.418
56.72000 -0.631
56.74000 1.310
56.76000 2.513
56.78000 1.917
56.80000 -2.068
56.82000 -2.349
56.84000 1.457
56.86000 -0.526
56.88000 1.664
56.90000 5.966
56.92000 2.981
56.94000 2.608
56.96000 1.717
56.98000 0.245
57.00000 0.443
57.02000 0.978
57.04000 2.933
57.06000 3.429
57.08000 3.493
57.10000 2.163
57.12000 0.329
57.14000 -0.500
57.16000 -0.908
57.18000 -0.430
57.20000 -0.345
57.22000 3.379
57.24000 2.596
57.26000 4.649
57.28000 3.021
57.30000 3.547
57.32000 1.783
57.34000 -2.326
57.36000 0.528
57.38000 2.417
57.40000 -1.674
57.42000 3.748
57.44000 8.019
57.46000 3.927
57.48000 3.010
57.50000 5.135
57.52000 3.654
57.54000 0.600
57.56000 0.171
57.58000 1.366
57.60000 3.644
57.62000 2.424
57.64000 1.468
57.66000 2.226
57.68000 5.219
57.70000 4.151
57.72000 3.968
57.74000 4.514
57.76000 2.976
57.78000 4.263
57.80000 5.898
57.82000 3.654
57.84000 3.295
57.86000 3.596
57.88000 0.869
57.90000 0.618
57.92000 0.545
57.94000 3.764
57.96000 1.508
57.98000 -1.365
58.00000 -1.487
58.02000 0.799
58.04000 3.141
58.06000 4.396
58.08000 1.760
58.10000 -0.921
58.12000 1.993
58.14000 2.851
58.16000 3.184
58.18000 1.319
58.20000 1.991
58.22000 1.936
58.24000 1.640
58.26000 0.887
58.28000 -0.720
58.30000 5.930
58.32000 6.288
58.34000 5.212
58.36000 5.229
58.38000 -1.957
58.40000 -2.296
58.42000 0.762
58.44000 2.417
58.46000 4.213
58.48000 4.107
58.50000 3.154
58.52000 2.646
58.54000 2.715
58.56000 1.976
58.58000 0.720
58.60000 1.908
58.62000 0.691
58.64000 3.889
58.66000 4.974
58.68000 4.012
58.70000 1.622
58.72000 -1.459
58.74000 -0.059
58.76000 2.528
58.78000 3.903
58.80000 1.640
58.82000 0.726
58.84000 2.728
58.86000 1.166
58.88000 0.056
58.90000 0.965
58.92000 1.661
58.94000 5.797
58.96000 4.607
58.98000 5.241
59.00000 4.861
59.02000 -0.475
59.04000 1.168
59.06000 4.508
59.08000 7.926
59.10000 4.678
59.12000 2.652
59.14000 3.686
59.16000 1.912
59.18000 0.289
59.20000 -1.089
59.22000 -1.535
59.24000 2.127
59.26000 3.583
59.28000 2.463
59.30000 3.992
59.32000 2.830
59.34000 3.098
59.36000 5.088
59.38000 2.965
59.40000 0.842
59.42000 2.757
59.44000 3.076
59.46000 2.571
59.48000 0.283
59.50000 1.049
59.52000 3.383
59.54000 0.716
59.56000 -1.237
59.58000 -1.833
59.60000 -2.274
59.62000 -1.421
59.64000 -0.868
59.66000 0.570
59.68000 1.640
59.70000 0.747
59.72000 1.784
59.74000 0.587
59.76000 6.308
59.78000 2.778
59.80000 0.413
59.82000 -0.769
59.84000 -0.855
59.86000 -0.630
59.88000 -2.101
59.90000 -0.994
59.92000 4.378
59.94000 3.625
59.96000 4.432
59.98000 1.823
60.00000 1.975
60.02000 2.703
60.04000 1.149
60.06000 2.504
60.08000 2.456
60.10000 3.726
60.12000 2.993
60.14000 1.999
60.16000 -1.035
60.18000 0.427
60.20000 1.238
60.22000 3.026
60.24000 2.532
60.26000 2.599
60.28000 0.799
60.30000 1.874
60.32000 2.770
60.34000 1.722
60.36000 0.274
60.38000 -0.821
60.40000 -1.278
60.42000 -0.010
60.44000 0.768
60.46000 2.549
60.48000 -0.454
60.50000 -1.490
60.52000 -2.257
60.54000 0.973
60.56000 1.868
60.58000 3.788
60.60000 2.737
60.62000 2.507
60.64000 -0.930
60.66000 0.108
60.68000 3.722
60.70000 4.105
60.72000 -0.638
60.74000 -1.274
60.76000 2.178
60.78000 0.850
60.80000 0.776
60.82000 1.043
60.84000 0.308
60.86000 2.272
60.88000 2.715
60.90000 3.357
60.92000 3.318
60.94000 3.748
60.96000 1.282
60.98000 1.788
61.00000 3.991
61.02000 2.739
61.04000 1.230
61.06000 -0.127
61.08000 -0.625
61.10000 1.986
61.12000 3.645
61.14000 3.216
61.16000 1.078
61.18000 1.606
61.20000 1.732
61.22000 3.187
61.24000 2.423
61.26000 -0.990
61.28000 -0.641
61.30000 0.486
61.32000 2.705
61.34000 3.664
61.36000 2.118
61.38000 2.198
61.40000 0.602
61.42000 2.335
61.44000 4.483
61.46000 0.985
61.48000 2.061
61.50000 2.018
61.52000 -1.402
61.54000 -2.197
61.56000 2.516
61.58000 0.269
61.60000 0.732
61.62000 -0.836
61.64000 3.140
61.66000 2.624
61.68000 0.852
61.70000 0.781
61.72000 -1.071
61.74000 -0.657
61.76000 4.178
61.78000 6.370
61.80000 2.004
61.82000 3.220
61.84000 4.496
61.86000 5.345
61.88000 3.689
61.90000 1.751
61.92000 0.078
61.94000 -2.193
61.96000 -1.123
61.98000 2.465
62.00000 3.251
62.02000 1.500
62.04000 1.720
62.06000 3.544
62.08000 5.173
62.10000 2.788
62.12000 5.028
62.14000 5.988
62.16000 5.649
62.18000 -0.052
62.20000 1.958
62.22000 0.253
62.24000 -0.323
62.26000 1.669
62.28000 1.806
62.30000 1.278
62.32000 3.470
62.34000 4.590
62.36000 5.944
62.38000 4.874
62.40000 2.571
62.42000 0.071
62.44000 0.268
62.46000 0.902
62.48000 -0.815
62.50000 -0.572
62.52000 -0.208
62.54000 0.413
62.56000 0.263
62.58000 1.443
62.60000 1.214
62.62000 2.784
62.64000 3.220
62.66000 2.020
62.68000 0.922
62.70000 2.394
62.72000 -1.064
62.74000 -0.038
62.76000 1.126
62.78000 0.132
62.80000 0.484
62.82000 -2.201
62.84000 -0.654
62.86000 3.361
62.88000 6.178
62.90000 2.286
62.92000 4.555
62.94000 3.522
62.96000 2.971
62.98000 1.896
63.00000 -0.874
63.02000 1.822
63.04000 1.941
63.06000 0.652
63.08000 -2.057
63.10000 -0.817
63.12000 -1.147
63.14000 0.424
63.16000 -1.293
63.18000 -1.607
63.20000 -0.567
63.22000 3.044
63.24000 0.793
63.26000 -0.271
63.28000 1.063
63.30000 0.950
63.32000 0.799
63.34000 0.278
63.36000 -1.784
63.38000 -1.291
63.40000 2.435
63.42000 0.956
63.44000 -0.814
63.46000 0.989
63.48000 -0.892
63.50000 0.604
63.52000 -1.583
63.54000 -0.471
63.56000 -0.488
63.58000 -0.412
63.60000 -2.222
63.62000 -0.298
63.64000 0.938
63.66000 1.958
63.68000 0.210
63.70000 -1.842
63.72000 -0.800
63.74000 -1.272
63.76000 0.683
63.78000 -0.173
63.80000 -1.373
63.82000 0.143
63.84000 -0.530
63.86000 2.309
63.88000 2.694
63.90000 1.680
63.92000 1.528
63.94000 1.344
63.96000 0.356
63.98000 3.021
64.00000 -2.214
64.02000 1.073
64.04000 0.553
64.06000 -1.419
64.08000 1.886
64.10000 -0.136
64.12000 0.880
64.14000 -2.012
64.16000 -0.934
64.18000 0.218
64.20000 -1.482
64.22000 -1.772
64.24000 -0.788
64.26000 -1.022
64.28000 -0.961
64.30000 1.794
64.32000 1.402
64.34000 -1.654
64.36000 1.784
64.38000 3.015
64.40000 -0.272
64.42000 -1.146
64.44000 -0.691
64.46000 -0.769
64.48000 0.585
64.50000 1.530
64.52000 2.947
64.54000 1.693
64.56000 1.910
64.58000 3.521
64.60000 1.741
64.62000 1.085
64.64000 2.490
64.66000 1.712
64.68000 2.020
64.70000 3.166
64.72000 3.708
64.74000 3.132
64.76000 1.249
64.78000 1.364
64.80000 3.749
64.82000 2.788
64.84000 1.087
64.86000 -0.070
64.88000 -0.210
64.90000 -0.524
64.92000 1.127
64.94000 1.856
64.96000 1.691
64.98000 2.684
65.00000 1.306
65.02000 3.072
65.04000 1.352
65.06000 -2.162
65.08000 -0.191
65.10000 0.650
65.12000 3.766
65.14000 5.774
65.16000 4.000
65.18000 3.162
65.20000 2.520
65.22000 3.102
65.24000 2.201
65.26000 3.053
65.28000 2.795
65.30000 -0.093
65.32000 1.097
65.34000 1.706
65.36000 3.597
65.38000 4.626
65.40000 4.426
65.42000 2.560
65.44000 1.348
65.46000 2.373
65.48000 0.807
65.50000 1.049
65.52000 -1.195
65.54000 0.600
65.56000 2.111
65.58000 1.319
65.60000 1.537
65.62000 0.549
65.64000 2.332
65.66000 3.005
65.68000 4.183
65.70000 3.108
65.72000 1.033
65.74000 0.821
65.76000 -2.181
65.78000 -0.591
65.80000 0.020
65.82000 0.342
65.84000 1.625
65.86000 -0.190
65.88000 0.263
65.90000 1.901
65.92000 2.977
65.94000 3.491
65.96000 4.195
65.98000 2.165
66.00000 1.940
66.02000 -0.425
66.04000 -0.717
66.06000 -0.171
66.08000 0.794
66.10000 -0.086
66.12000 1.621
66.14000 3.449
66.16000 4.358
66.18000 5.398
66.20000 6.506
66.22000 2.369
66.24000 2.067
66.26000 3.592
66.28000 4.605
66.30000 0.596
66.32000 2.343
66.34000 2.638
66.36000 3.966
66.38000 4.315
66.40000 5.035
66.42000 2.482
66.44000 3.636
66.46000 3.177
66.48000 5.323
66.50000 2.305
66.52000 1.519
66.54000 -0.074
66.56000 2.497
66.58000 6.074
66.60000 2.788
66.62000 0.785
66.64000 4.619
66.66000 4.330
66.68000 3.634
66.70000 6.378
66.72000 5.260
66.74000 5.384
66.76000 5.767
66.78000 4.686
66.80000 5.766
66.82000 5.065
66.84000 7.111
66.86000 7.020
66.88000 6.630
66.90000 6.860
66.92000 5.847
66.94000 5.654
66.96000 6.811
66.98000 8.597
67.00000 8.239
67.02000 9.460
67.04000 9.320
67.06000 5.940
67.08000 9.419
67.10000 8.391
67.12000 10.246
67.14000 10.033
67.16000 9.325
67.18000 7.732
67.20000 8.583
67.22000 7.754
67.24000 7.766
67.26000 7.247
67.28000 6.151
67.30000 7.196
67.32000 7.735
67.34000 7.301
67.36000 7.890
67.38000 6.428
67.40000 5.140
67.42000 4.951
67.44000 6.441
67.46000 6.957
67.48000 5.983
67.50000 3.948
67.52000 1.559
67.54000 2.305
67.56000 5.367
67.58000 4.328
67.60000 5.007
67.62000 0.802
67.64000 1.056
67.66000 5.651
67.68000 3.124
67.70000 1.550
67.72000 3.693
67.74000 4.621
67.76000 4.601
67.78000 2.305
67.80000 -0.093
67.82000 0.968
67.84000 1.478
67.86000 1.038
67.88000 0.359
67.90000 2.384
67.92000 3.358
67.94000 3.997
67.96000 0.896
67.98000 0.771
68.00000 0.441
68.02000 0.454
68.04000 0.340
68.06000 -1.952
68.08000 -1.719
68.10000 1.661
68.12000 0.490
68.14000 -0.217
68.16000 0.931
68.18000 4.550
68.20000 5.234
68.22000 1.323
68.24000 -0.553
68.26000 1.841
68.28000 2.914
68.30000 0.654
68.32000 -2.097
68.34000 0.898
68.36000 2.821
68.38000 0.529
68.40000 0.543
68.42000 1.207
68.44000 0.819
68.46000 1.638
68.48000 2.291
68.50000 1.055
68.52000 1.352
68.54000 0.730
68.56000 1.919
68.58000 1.287
68.60000 1.284
68.62000 1.053
68.64000 -0.439
68.66000 -0.830
68.68000 -1.523
68.70000 -0.131
68.72000 0.200
68.74000 0.633
68.76000 0.942
68.78000 2.655
68.80000 2.313
68.82000 0.112
68.84000 0.985
68.86000 1.352
68.88000 1.518
68.90000 0.680
68.92000 2.091
68.94000 0.209
68.96000 -0.129
68.98000 0.730
69.00000 1.106
69.02000 0.541
69.04000 -0.385
69.06000 0.221
69.08000 3.392
69.10000 1.417
69.12000 -0.552
69.14000 -0.195
69.16000 1.945
69.18000 2.953
69.20000 2.248
69.22000 2.662
69.24000 1.921
69.26000 2.444
69.28000 2.070
69.30000 1.148
69.32000 -0.419
69.34000 -1.977
69.36000 -0.733
69.38000 1.864
69.40000 2.526
69.42000 1.974
69.44000 4.155
69.46000 2.140
69.48000 1.097
69.50000 1.664
69.52000 2.026
69.54000 2.299
69.56000 0.329
69.58000 1.765
69.60000 2.227
69.62000 0.503
69.64000 1.947
69.66000 0.975
69.68000 2.163
69.70000 2.820
69.72000 2.384
69.74000 2.788
69.76000 3.776
69.78000 1.526
69.80000 0.899
69.82000 1.403
69.84000 1.162
69.86000 3.926
69.88000 5.112
69.90000 5.184
69.92000 0.792
69.94000 0.406
69.96000 2.920
69.98000 1.351
70.00000 1.936
70.02000 3.700
70.04000 3.075
70.06000 3.041
70.08000 3.257
70.10000 1.515
70.12000 0.144
70.14000 -0.213
70.16000 4.202
70.18000 3.505
70.20000 3.619
70.22000 3.899
70.24000 1.004
70.26000 0.956
70.28000 -1.992
70.30000 1.176
70.32000 1.647
70.34000 0.325
70.36000 0.437
70.38000 -1.195
70.40000 -0.065
70.42000 1.205
70.44000 -0.417
70.46000 -1.988
70.48000 0.905
70.50000 3.420
70.52000 5.024
70.54000 2.092
70.56000 0.341
70.58000 -0.280
70.60000 -0.537
70.62000 0.217
70.64000 0.793
70.66000 0.350
70.68000 0.129
70.70000 -0.932
70.72000 -0.493
70.74000 0.523
70.76000 0.110
70.78000 -0.088
70.80000 0.279
70.82000 0.673
70.84000 0.390
70.86000 -0.196
70.88000 2.033
70.90000 0.065
70.92000 -0.377
70.94000 -0.431
70.96000 -0.030
70.98000 -0.227
71.00000 1.338
71.02000 0.434
71.04000 0.667
71.06000 -0.957
71.08000 0.904
71.10000 3.260
71.12000 1.798
71.14000 0.429
71.16000 1.091
71.18000 1.514
71.20000 0.125
71.22000 3.669
71.24000 3.344
71.26000 0.529
71.28000 -0.277
71.30000 1.268
71.32000 2.532
71.34000 1.174
71.36000 0.666
71.38000 -1.278
71.40000 0.128
71.42000 -1.181
71.44000 0.080
71.46000 5.269
71.48000 4.334
71.50000 3.175
71.52000 2.281
71.54000 4.224
71.56000 4.375
71.58000 3.021
71.60000 0.927
71.62000 0.623
71.64000 0.234
71.66000 2.213
71.68000 1.665
71.70000 0.720
71.72000 -1.935
71.74000 -0.426
71.76000 3.021
71.78000 2.537
71.80000 -0.889
71.82000 -0.939
71.84000 0.532
71.86000 1.142
71.88000 1.800
71.90000 2.686
71.92000 3.140
71.94000 2.429
71.96000 2.396
71.98000 2.525
72.00000 0.322
72.02000 -1.304
72.04000 0.590
72.06000 1.731
72.08000 3.468
72.10000 0.264
72.12000 0.216
72.14000 -1.187
72.16000 -1.912
72.18000 0.825
72.20000 2.909
72.22000 0.994
72.24000 -1.463
72.26000 0.611
72.28000 3.840
72.30000 1.442
72.32000 0.621
72.34000 2.871
72.36000 2.012
72.38000 1.903
72.40000 2.909
72.42000 0.214
72.44000 1.285
72.46000 0.770
72.48000 -0.193
72.50000 1.870
72.52000 0.511
72.54000 -0.229
72.56000 1.678
72.58000 -1.345
72.60000 -1.052
72.62000 -0.750
72.64000 -1.889
72.66000 -0.901
72.68000 -1.640
72.70000 -1.668
72.72000 -0.753
72.74000 0.703
72.76000 0.797
72.78000 0.403
72.80000 0.942
72.82000 -0.423
72.84000 0.019
72.86000 -0.920
72.88000 -1.485
72.90000 -1.828
72.92000 1.517
72.94000 -1.218
72.96000 -1.400
72.98000 2.126
73.00000 -0.690
73.02000 -1.078
73.04000 -0.119
73.06000 1.239
73.08000 1.748
73.10000 2.169
73.12000 0.984
73.14000 2.758
73.16000 2.816
73.18000 -0.029
73.20000 0.331
73.22000 -1.313
73.24000 0.612
73.26000 0.913
73.28000 -0.873
73.30000 -1.153
73.32000 1.610
73.34000 -0.506
73.36000 -1.718
73.38000 -1.441
73.40000 -0.520
73.42000 3.161
73.44000 3.688
73.46000 -0.889
73.48000 -1.716
73.50000 2.362
73.52000 2.614
73.54000 2.793
73.56000 -1.341
73.58000 -0.601
73.60000 -0.108
73.62000 2.304
73.64000 1.774
73.66000 1.790
73.68000 2.183
73.70000 0.777
73.72000 -1.896
73.74000 0.931
73.76000 1.688
73.78000 2.286
73.80000 5.087
73.82000 2.788
73.84000 0.948
73.86000 4.479
73.88000 5.535
73.90000 2.863
73.92000 0.734
73.94000 0.248
73.96000 -0.359
73.98000 2.153
74.00000 3.000
74.02000 2.066
74.04000 -1.054
74.06000 0.002
74.08000 1.396
74.10000 2.058
74.12000 1.860
74.14000 3.376
74.16000 3.534
74.18000 1.884
74.20000 3.760
74.22000 2.734
74.24000 -1.103
74.26000 -1.125
74.28000 0.829
74.30000 0.509
74.32000 0.527
74.34000 0.912
74.36000 1.687
74.38000 3.191
74.40000 0.971
74.42000 -1.857
74.44000 -0.073
74.46000 1.852
74.48000 5.501
74.50000 3.831
74.52000 2.782
74.54000 3.141
74.56000 -0.276
74.58000 4.273
74.60000 5.459
74.62000 1.350
74.64000 0.548
74.66000 1.084
74.68000 0.315
74.70000 2.224
74.72000 3.692
74.74000 3.641
74.76000 2.933
74.78000 3.035
74.80000 3.568
74.82000 1.578
74.84000 -1.867
74.86000 0.239
74.88000 -0.378
74.90000 0.806
74.92000 -0.057
74.94000 0.922
74.96000 1.141
74.98000 1.698
75.00000 1.192
75.02000 4.738
75.04000 2.520
75.06000 2.755
75.08000 1.823
75.10000 5.289
75.12000 5.254
75.14000 1.587
75.16000 3.510
75.18000 5.410
75.20000 -0.352
75.22000 -0.965
75.24000 -1.529
75.26000 1.018
75.28000 1.488
75.30000 0.358
75.32000 -0.191
75.34000 1.403
75.36000 2.794
75.38000 3.542
75.40000 3.097
75.42000 1.969
75.44000 -1.893
75.46000 1.198
75.48000 1.731
75.50000 2.627
75.52000 0.838
75.54000 2.532
75.56000 2.684
75.58000 3.619
75.60000 4.370
75.62000 2.365
75.64000 1.803
75.66000 3.476
75.68000 2.901
75.70000 0.995
75.72000 -1.281
75.74000 0.221
75.76000 1.423
75.78000 2.426
75.80000 4.028
75.82000 1.200
75.84000 0.602
75.86000 2.897
75.88000 3.323
75.90000 2.071
75.92000 1.524
75.94000 1.450
75.96000 1.118
75.98000 0.753
76.00000 3.533
76.02000 4.314
76.04000 1.118
76.06000 1.707
76.08000 -1.902
76.10000 1.840
76.12000 1.351
76.14000 1.187
76.16000 2.766
76.18000 4.219
76.20000 2.237
76.22000 2.087
76.24000 3.431
76.26000 4.351
76.28000 3.346
76.30000 2.198
76.32000 2.391
76.34000 -0.760
76.36000 2.374
76.38000 0.907
76.40000 -0.748
76.42000 -1.909
76.44000 -1.091
76.46000 1.839
76.48000 2.730
76.50000 2.070
76.52000 1.501
76.54000 1.653
76.56000 0.872
76.58000 -0.904
76.60000 -1.151
76.62000 2.745
76.64000 1.526
76.66000 -1.373
76.68000 -0.857
76.70000 1.189
76.72000 0.623
76.74000 1.811
76.76000 0.302
76.78000 5.181
76.80000 7.534
76.82000 6.111
76.84000 4.473
76.86000 1.469
76.88000 1.344
76.90000 3.766
76.92000 2.414
76.94000 3.024
76.96000 2.358
76.98000 4.856
77.00000 1.435
77.02000 1.304
77.04000 4.879
77.06000 2.443
77.08000 3.569
77.10000 3.071
77.12000 1.816
77.14000 2.725
77.16000 4.044
77.18000 2.263
77.20000 3.278
77.22000 7.650
77.24000 4.099
77.26000 1.793
77.28000 -1.887
77.30000 -0.216
77.32000 4.836
77.34000 7.006
77.36000 4.029
77.38000 3.610
77.40000 1.699
77.42000 2.454
77.44000 3.233
77.46000 1.257
77.48000 2.227
77.50000 4.281
77.52000 -0.405
77.54000 -1.633
77.56000 -0.503
77.58000 1.148
77.60000 3.591
77.62000 1.617
77.64000 2.066
77.66000 3.245
77.68000 5.133
77.70000 3.074
77.72000 -1.265
77.74000 0.296
77.76000 0.350
77.78000 0.661
77.80000 1.188
77.82000 1.502
77.84000 1.222
77.86000 1.531
77.88000 3.108
77.90000 2.104
77.92000 2.453
77.94000 1.649
77.96000 0.364
77.98000 1.073
78.00000 1.771
78.02000 1.174
78.04000 -0.576
78.06000 -0.837
78.08000 0.518
78.10000 2.663
78.12000 2.584
78.14000 0.534
78.16000 0.571
78.18000 3.501
78.20000 4.689
78.22000 3.508
78.24000 5.464
78.26000 5.924
78.28000 2.748
78.30000 1.257
78.32000 1.111
78.34000 1.008
78.36000 0.273
78.38000 3.781
78.40000 1.871
78.42000 3.021
78.44000 -0.567
78.46000 -0.108
78.48000 0.498
78.50000 3.247
78.52000 4.897
78.54000 0.227
78.56000 0.900
78.58000 0.745
78.60000 1.214
78.62000 3.295
78.64000 5.288
78.66000 2.057
78.68000 -1.973
78.70000 1.748
78.72000 2.722
78.74000 2.056
78.76000 3.398
78.78000 6.176
78.80000 2.759
78.82000 0.964
78.84000 1.927
78.86000 2.566
78.88000 2.446
78.90000 1.943
78.92000 -0.203
78.94000 2.486
78.96000 3.008
78.98000 2.434
79.00000 2.515
79.02000 -0.139
79.04000 1.354
79.06000 3.991
79.08000 2.740
79.10000 0.769
79.12000 1.088
79.14000 0.576
79.16000 -0.337
79.18000 0.137
79.20000 0.415
79.22000 0.965
79.24000 1.947
79.26000 1.183
79.28000 1.799
79.30000 0.077
79.32000 -0.302
79.34000 2.266
79.36000 1.432
79.38000 -0.574
79.40000 -0.765
79.42000 -1.123
79.44000 2.655
79.46000 3.237
79.48000 3.797
79.50000 3.219
79.52000 -1.152
79.54000 -2.063
79.56000 1.620
79.58000 4.802
79.60000 0.867
79.62000 1.230
79.64000 -0.507
79.66000 0.318
79.68000 4.258
79.70000 9.385
79.72000 5.348
79.74000 5.412
79.76000 8.070
79.78000 6.296
79.80000 4.438
79.82000 3.236
79.84000 3.801
79.86000 3.088
79.88000 4.123
79.90000 3.015
79.92000 5.151
79.94000 7.274
79.96000 2.866
79.98000 3.953
80.00000 7.293
80.02000 6.463
80.04000 2.630
80.06000 4.896
80.08000 5.292
80.10000 4.313
80.12000 6.015
80.14000 9.053
80.16000 6.430
80.18000 8.725
80.20000 8.158
80.22000 10.604
80.24000 11.042
80.26000 9.284
80.28000 10.103
80.30000 12.503
80.32000 14.270
80.34000 10.051
80.36000 11.520
80.38000 11.540
80.40000 8.035
80.42000 9.110
80.44000 8.736
80.46000 6.009
80.48000 9.819
80.50000 14.202
80.52000 18.189
80.54000 16.093
80.56000 13.033
80.58000 14.024
80.60000 12.651
80.62000 14.057
80.64000 17.672
80.66000 19.981
80.68000 19.431
80.70000 17.618
80.72000 11.907
80.74000 13.723
80.76000 14.320
80.78000 15.332
80.80000 17.911
80.82000 19.827
80.84000 19.730
80.86000 19.320
80.88000 16.836
80.90000 17.341
80.92000 16.663
80.94000 15.277
80.96000 15.900
80.98000 16.846
81.00000 19.214
81.02000 19.249
81.04000 16.211
81.06000 19.737
81.08000 20.501
81.10000 14.548
81.12000 15.159
81.14000 18.157
81.16000 18.296
81.18000 16.647
81.20000 13.632
81.22000 12.672
81.24000 15.947
81.26000 19.256
81.28000 15.608
81.30000 15.074
81.32000 11.865
81.34000 14.021
81.36000 16.198
81.38000 15.654
81.40000 15.999
81.42000 10.978
81.44000 8.175
81.46000 12.392
81.48000 15.717
81.50000 12.448
81.52000 11.188
81.54000 10.078
81.56000 8.020
81.58000 4.341
81.60000 8.973
81.62000 7.090
81.64000 6.615
81.66000 2.800
81.68000 3.524
81.70000 6.422
81.72000 7.903
81.74000 7.685
81.76000 4.069
81.78000 1.858
81.80000 -0.125
81.82000 2.904
81.84000 6.891
81.86000 4.037
81.88000 2.792
81.90000 4.660
81.92000 3.713
81.94000 1.573
81.96000 2.044
81.98000 1.192
82.00000 2.604
82.02000 1.576
82.04000 3.293
82.06000 3.182
82.08000 0.692
82.10000 -0.752
82.12000 2.381
82.14000 4.229
82.16000 2.394
82.18000 -2.122
82.20000 -1.386
82.22000 3.988
82.24000 2.496
82.26000 0.711
82.28000 4.996
82.30000 1.460
82.32000 -1.809
82.34000 -0.584
82.36000 -1.429
82.38000 -0.003
82.40000 1.986
82.42000 2.074
82.44000 1.957
82.46000 -1.373
82.48000 -2.099
82.50000 0.471
82.52000 3.483
82.54000 2.318
82.56000 2.768
82.58000 4.557
82.60000 2.494
82.62000 -0.143
82.64000 -1.912
82.66000 -0.558
82.68000 -1.092
82.70000 -1.197
82.72000 -1.434
82.74000 0.610
82.76000 4.180
82.78000 2.912
82.80000 0.890
82.82000 1.940
82.84000 -1.518
82.86000 -0.357
82.88000 -2.091
82.90000 -0.389
82.92000 1.419
82.94000 3.907
82.96000 1.979
82.98000 1.406
83.00000 0.958
83.02000 2.068
83.04000 2.602
83.06000 1.660
83.08000 1.477
83.10000 1.777
83.12000 2.139
83.14000 1.780
83.16000 -1.062
83.18000 0.985
83.20000 1.152
83.22000 1.323
83.24000 -0.395
83.26000 0.239
83.28000 1.603
83.30000 2.564
83.32000 0.379
83.34000 -0.328
83.36000 1.228
83.38000 -0.982
83.40000 -2.113
83.42000 1.460
83.44000 0.334
83.46000 -1.531
83.48000 1.061
83.50000 -1.594
83.52000 -1.342
83.54000 0.016
83.56000 0.457
83.58000 2.779
83.60000 2.917
83.62000 -0.699
83.64000 -0.457
83.66000 -0.115
83.68000 -0.194
83.70000 3.646
83.72000 1.833
83.74000 1.005
83.76000 1.457
83.78000 3.136
83.80000 5.714
83.82000 7.693
83.84000 3.498
83.86000 2.895
83.88000 3.416
83.90000 5.825
83.92000 9.013
83.94000 6.730
83.96000 6.040
83.98000 6.418
84.00000 6.486
84.02000 5.861
84.04000 6.899
84.06000 9.057
84.08000 7.325
84.10000 9.203
84.12000 9.206
84.14000 13.473
84.16000 11.294
84.18000 13.593
84.20000 9.619
84.22000 9.942
84.24000 11.715
84.26000 15.633
84.28000 15.582
84.30000 11.199
84.32000 13.908
84.34000 16.460
84.36000 15.928
84.38000 11.632
84.40000 12.823
84.42000 18.812
84.44000 20.087
84.46000 18.355
84.48000 17.048
84.50000 17.805
84.52000 19.054
84.54000 22.576
84.56000 22.346
84.58000 21.605
84.60000 26.014
84.62000 21.846
84.64000 18.967
84.66000 21.469
84.68000 24.250
84.70000 24.661
84.72000 24.285
84.74000 24.101
84.76000 20.497
84.78000 21.731
84.80000 20.187
84.82000 19.333
84.84000 19.360
84.86000 21.621
84.88000 26.648
84.90000 24.736
84.92000 20.800
84.94000 17.650
84.96000 19.923
84.98000 20.050
85.00000 21.235
85.02000 25.287
85.04000 22.836
85.06000 19.798
85.08000 21.972
85.10000 19.953
85.12000 18.816
85.14000 20.703
85.16000 21.834
85.18000 18.490
85.20000 17.526
85.22000 15.664
85.24000 14.477
85.26000 16.668
85.28000 14.944
85.30000 10.483
85.32000 10.919
85.34000 13.339
85.36000 15.914
85.38000 14.244
85.40000 12.377
85.42000 10.271
85.44000 9.560
85.46000 9.285
85.48000 8.161
85.50000 6.650
85.52000 5.779
85.54000 5.562
85.56000 4.774
85.58000 6.607
85.60000 5.446
85.62000 5.219
85.64000 5.295
85.66000 6.313
85.68000 2.910
85.70000 3.162
85.72000 2.243
85.74000 2.694
85.76000 6.132
85.78000 5.686
85.80000 5.374
85.82000 3.712
85.84000 6.386
85.86000 1.772
85.88000 0.913
85.90000 1.773
85.92000 0.340
85.94000 -1.989
85.96000 0.346
85.98000 2.233
86.00000 0.828
86.02000 1.329
86.04000 1.272
86.06000 1.623
86.08000 1.663
86.10000 -0.611
86.12000 0.306
86.14000 -0.240
86.16000 0.419
86.18000 -0.144
86.20000 0.862
86.22000 2.831
86.24000 0.988
86.26000 -1.066
86.28000 -0.223
86.30000 2.953
86.32000 4.822
86.34000 1.360
86.36000 1.250
86.38000 0.776
86.40000 2.821
86.42000 0.016
86.44000 -0.754
86.46000 2.349
86.48000 1.641
86.50000 1.840
86.52000 4.415
86.54000 4.506
86.56000 3.174
86.58000 0.475
86.60000 0.901
86.62000 1.104
86.64000 -1.510
86.66000 -0.127
86.68000 0.753
86.70000 -0.816
86.72000 -1.851
86.74000 -0.242
86.76000 1.841
86.78000 2.027
86.80000 1.805
86.82000 -1.836
86.84000 -0.426
86.86000 -0.012
86.88000 1.788
86.90000 2.728
86.92000 0.641
86.94000 1.726
86.96000 0.970
86.98000 3.093
87.00000 3.830
87.02000 1.663
87.04000 1.611
87.06000 1.519
87.08000 2.660
87.10000 -0.328
87.12000 0.658
87.14000 2.529
87.16000 2.935
87.18000 0.507
87.20000 -0.543
87.22000 1.419
87.24000 2.965
87.26000 1.631
87.28000 0.788
87.30000 0.825
87.32000 -0.235
87.34000 1.486
87.36000 2.892
87.38000 -1.804
87.40000 -0.369
87.42000 0.391
87.44000 3.587
87.46000 4.218
87.48000 2.577
87.50000 1.012
87.52000 3.141
87.54000 2.356
87.56000 2.015
87.58000 -0.056
87.60000 -0.658
87.62000 0.501
87.64000 2.174
87.66000 2.024
87.68000 0.459
87.70000 -0.740
87.72000 1.086
87.74000 -0.857
87.76000 -0.274
87.78000 -0.074
87.80000 2.288
87.82000 2.639
87.84000 0.926
87.86000 0.088
87.88000 0.916
87.90000 0.193
87.92000 -0.145
87.94000 2.007
87.96000 2.693
87.98000 1.813
88.00000 0.536
88.02000 2.707
88.04000 1.297
88.06000 3.297
88.08000 3.174
88.10000 0.542
88.12000 1.112
88.14000 3.559
88.16000 5.610
88.18000 1.798
88.20000 2.000
88.22000 1.855
88.24000 2.869
88.26000 1.494
88.28000 -0.457
88.30000 -1.767
88.32000 -1.306
88.34000 -0.455
88.36000 2.158
88.38000 3.668
88.40000 3.395
88.42000 1.077
88.44000 3.537
88.46000 3.141
88.48000 3.329
88.50000 2.293
88.52000 3.624
88.54000 2.960
88.56000 4.996
88.58000 2.414
88.60000 2.853
88.62000 1.228
88.64000 1.164
88.66000 0.337
88.68000 0.633
88.70000 1.501
88.72000 2.745
88.74000 -0.175
88.76000 0.411
88.78000 0.073
88.80000 1.623
88.82000 3.192
88.84000 1.013
88.86000 0.069
88.88000 2.369
88.90000 -1.781
88.92000 -0.455
88.94000 0.859
88.96000 2.512
88.98000 2.204
89.00000 1.763
89.02000 1.543
89.04000 -0.156
89.06000 2.757
89.08000 1.768
89.10000 1.194
89.12000 2.740
89.14000 2.681
89.16000 2.071
89.18000 2.814
89.20000 0.372
89.22000 0.694
89.24000 -0.622
89.26000 -1.781
89.28000 -0.541
89.30000 1.800
89.32000 0.672
89.34000 1.497
89.36000 1.918
89.38000 2.318
89.40000 1.219
89.42000 1.356
89.44000 1.568
89.46000 0.324
89.48000 0.819
89.50000 0.859
89.52000 0.367
89.54000 1.887
89.56000 4.317
89.58000 1.700
89.60000 3.413
89.62000 0.773
89.64000 -0.630
89.66000 2.251
89.68000 2.012
89.70000 2.040
89.72000 2.454
89.74000 4.670
89.76000 4.263
89.78000 3.250
89.80000 3.991
89.82000 4.036
89.84000 1.291
89.86000 3.197
89.88000 3.120
89.90000 -0.174
89.92000 -1.648
89.94000 -0.953
89.96000 -0.210
89.98000 0.105
90.00000 0.573
90.02000 1.177
90.04000 1.050
90.06000 2.106
90.08000 1.866
90.10000 1.970
90.12000 2.524
90.14000 0.452
90.16000 3.163
90.18000 2.827
90.20000 4.592
90.22000 2.549
90.24000 3.549
90.26000 2.962
90.28000 2.830
90.30000 2.471
90.32000 -1.745
90.34000 0.036
90.36000 1.136
90.38000 1.055
90.40000 1.975
90.42000 -0.254
90.44000 1.297
90.46000 4.630
90.48000 6.005
90.50000 3.142
90.52000 0.422
90.54000 1.169
90.56000 2.177
90.58000 2.585
90.60000 1.829
90.62000 4.527
90.64000 3.150
90.66000 0.859
90.68000 1.751
90.70000 3.665
90.72000 3.919
90.74000 2.685
90.76000 0.460
90.78000 -0.889
90.80000 1.735
90.82000 5.084
90.84000 3.378
90.86000 -0.843
90.88000 -1.764
90.90000 0.106
90.92000 -0.040
90.94000 0.404
90.96000 1.418
90.98000 2.170
91.00000 0.107
91.02000 -0.302
91.04000 -1.162
91.06000 0.067
91.08000 0.935
91.10000 3.441
91.12000 5.472
91.14000 2.769
91.16000 2.888
91.18000 2.219
91.20000 2.529
91.22000 1.063
91.24000 1.789
91.26000 4.369
91.28000 2.914
91.30000 2.960
91.32000 4.531
91.34000 4.425
91.36000 3.708
91.38000 1.453
91.40000 1.158
91.42000 2.447
91.44000 1.645
91.46000 1.430
91.48000 1.705
91.50000 -1.769
91.52000 -0.673
91.54000 4.469
91.56000 1.285
91.58000 2.952
91.60000 2.931
91.62000 -0.140
91.64000 2.242
91.66000 2.624
91.68000 -0.675
91.70000 -0.719
91.72000 2.945
91.74000 1.229
91.76000 3.395
91.78000 7.690
91.80000 3.665
91.82000 4.045
91.84000 3.888
91.86000 2.611
91.88000 2.947
91.90000 3.218
91.92000 1.378
91.94000 3.647
91.96000 4.033
91.98000 3.358
92.00000 5.382
92.02000 2.636
92.04000 0.826
92.06000 0.829
92.08000 2.609
92.10000 -0.652
92.12000 2.092
92.14000 3.925
92.16000 6.522
92.18000 4.006
92.20000 3.398
92.22000 5.232
92.24000 3.916
92.26000 2.192
92.28000 -1.762
92.30000 4.771
92.32000 1.560
92.34000 2.855
92.36000 2.715
92.38000 1.886
92.40000 0.816
92.42000 2.299
92.44000 2.267
92.46000 2.024
92.48000 2.326
92.50000 5.728
92.52000 2.421
92.54000 1.931
92.56000 1.145
92.58000 0.168
92.60000 2.166
92.62000 0.443
92.64000 -0.186
92.66000 0.868
92.68000 -1.239
92.70000 1.195
92.72000 5.327
92.74000 1.436
92.76000 2.258
92.78000 2.226
92.80000 3.165
92.82000 4.200
92.84000 6.036
92.86000 5.487
92.88000 3.793
92.90000 2.460
92.92000 -0.922
92.94000 -1.742
92.96000 -0.097
92.98000 1.214
93.00000 6.048
93.02000 6.837
93.04000 5.297
93.06000 3.858
93.08000 3.161
93.10000 3.597
93.12000 3.886
93.14000 2.905
93.16000 4.933
93.18000 4.768
93.20000 1.578
93.22000 1.602
93.24000 0.981
93.26000 1.158
93.28000 0.948
93.30000 -0.020
93.32000 0.521
93.34000 2.448
93.36000 4.029
93.38000 3.247
93.40000 2.542
93.42000 1.301
93.44000 3.591
93.46000 5.102
93.48000 2.081
93.50000 3.036
93.52000 -0.362
93.54000 -1.001
93.56000 -1.774
93.58000 -1.258
93.60000 0.767
93.62000 2.550
93.64000 2.515
93.66000 1.536
93.68000 2.859
93.70000 2.271
93.72000 3.556
93.74000 3.677
93.76000 1.592
93.78000 1.503
93.80000 -0.386
93.82000 -0.771
93.84000 1.333
93.86000 -0.913
93.88000 -0.412
93.90000 3.076
93.92000 4.265
93.94000 1.818
93.96000 0.947
93.98000 -0.814
94.00000 3.582
94.02000 1.313
94.04000 1.773
94.06000 4.882
94.08000 4.264
94.10000 4.048
94.12000 2.571
94.14000 2.224
94.16000 1.497
94.18000 1.123
94.20000 -1.481
94.22000 0.634
94.24000 1.361
94.26000 -1.396
94.28000 0.803
94.30000 1.675
94.32000 -0.349
94.34000 0.714
94.36000 0.397
94.38000 1.330
94.40000 3.915
94.42000 0.107
94.44000 1.981
94.46000 0.607
94.48000 1.612
94.50000 2.391
94.52000 1.711
94.54000 1.073
94.56000 1.146
94.58000 3.000
94.60000 4.034
94.62000 4.388
94.64000 3.809
94.66000 2.326
94.68000 1.920
94.70000 -1.810
94.72000 -1.491
94.74000 -0.056
94.76000 1.460
94.78000 2.734
94.80000 3.608
94.82000 3.048
94.84000 1.491
94.86000 1.668
94.88000 5.835
94.90000 5.907
94.92000 -0.229
94.94000 1.339
94.96000 5.296
94.98000 6.425
95.00000 2.300
95.02000 2.133
95.04000 4.128
95.06000 3.042
95.08000 3.201
95.10000 4.109
95.12000 4.701
95.14000 3.041
95.16000 3.036
95.18000 5.526
95.20000 3.702
95.22000 0.492
95.24000 -0.501
95.26000 -0.963
95.28000 0.506
95.30000 1.624
95.32000 1.405
95.34000 5.688
95.36000 3.155
95.38000 0.808
95.40000 -0.130
95.42000 2.142
95.44000 1.518
95.46000 0.931
95.48000 0.710
95.50000 -0.265
95.52000 -0.150
95.54000 1.030
95.56000 2.446
95.58000 0.605
95.60000 3.621
95.62000 4.545
95.64000 3.750
95.66000 4.787
95.68000 7.867
95.70000 8.198
95.72000 5.357
95.74000 2.120
95.76000 2.096
95.78000 0.287
95.80000 2.103
95.82000 4.248
95.84000 3.231
95.86000 2.115
95.88000 2.599
95.90000 4.663
95.92000 4.573
95.94000 -1.813
95.96000 -0.423
95.98000 1.236
96.00000 1.583
96.02000 1.365
96.04000 2.525
96.06000 4.294
96.08000 -0.147
96.10000 -0.138
96.12000 2.214
96.14000 2.964
96.16000 2.961
96.18000 2.955
96.20000 -0.565
96.22000 -0.428
96.24000 1.034
96.26000 0.381
96.28000 -1.370
96.30000 5.142
96.32000 9.385
96.34000 5.710
96.36000 3.297
96.38000 5.353
96.40000 4.229
96.42000 1.355
96.44000 0.171
96.46000 -1.819
96.48000 0.355
96.50000 1.065
96.52000 -0.147
96.54000 2.890
96.56000 2.309
96.58000 0.531
96.60000 1.521
96.62000 0.046
96.64000 0.739
96.66000 -0.306
96.68000 -0.378
96.70000 3.499
96.72000 4.113
96.74000 2.443
96.76000 4.717
96.78000 2.274
96.80000 4.562
96.82000 2.227
96.84000 0.532
96.86000 0.535
96.88000 1.187
96.90000 4.887
96.92000 6.069
96.94000 1.003
96.96000 1.404
96.98000 2.934
97.00000 3.107
97.02000 2.959
97.04000 3.245
97.06000 4.554
97.08000 3.079
97.10000 3.371
97.12000 -0.054
97.14000 1.861
97.16000 3.149
97.18000 1.269
97.20000 4.157
97.22000 6.960
97.24000 5.962
97.26000 4.463
97.28000 1.544
97.30000 3.178
97.32000 3.932
97.34000 3.186
97.36000 3.199
97.38000 2.719
97.40000 1.307
97.42000 1.413
97.44000 3.128
97.46000 -1.486
97.48000 1.009
97.50000 0.508
97.52000 2.174
97.54000 5.911
97.56000 8.474
97.58000 8.619
97.60000 6.944
97.62000 5.532
97.64000 -1.769
97.66000 -0.857
97.68000 1.138
97.70000 5.798
97.72000 8.141
97.74000 6.458
97.76000 3.881
97.78000 5.725
97.80000 5.654
97.82000 2.545
97.84000 1.009
97.86000 2.599
97.88000 1.851
97.90000 2.710
97.92000 7.666
97.94000 5.961
97.96000 3.392
97.98000 4.988
98.00000 5.482
98.02000 0.387
98.04000 6.568
98.06000 7.195
98.08000 5.881
98.10000 1.295
98.12000 -0.863
98.14000 1.883
98.16000 1.883
98.18000 5.439
98.20000 5.452
98.22000 2.661
98.24000 1.547
98.26000 2.155
98.28000 6.445
98.30000 4.244
98.32000 8.490
98.34000 8.450
98.36000 8.162
98.38000 3.599
98.40000 4.453
98.42000 3.245
98.44000 7.542
98.46000 5.261
98.48000 2.948
98.50000 0.516
98.52000 8.758
98.54000 6.519
98.56000 -1.719
98.58000 0.612
98.60000 6.080
98.62000 6.267
98.64000 0.603
98.66000 2.153
98.68000 5.591
98.70000 4.420
98.72000 6.465
98.74000 8.625
98.76000 6.808
98.78000 5.829
98.80000 3.217
98.82000 2.945
98.84000 0.476
98.86000 0.527
98.88000 2.535
98.90000 2.678
98.92000 4.486
98.94000 1.626
98.96000 3.830
98.98000 4.957
99.00000 4.011
99.02000 5.744
99.04000 11.575
99.06000 5.007
99.08000 3.880
99.10000 5.035
99.12000 3.136
99.14000 0.241
99.16000 -0.764
99.18000 -1.726
99.20000 -0.093
99.22000 3.652
99.24000 3.131
99.26000 0.017
99.28000 6.467
99.30000 2.735
99.32000 -0.405
99.34000 6.422
99.36000 6.989
99.38000 3.836
99.40000 3.699
99.42000 1.546
99.44000 3.423
99.46000 9.282
99.48000 6.446
99.50000 10.609
99.52000 3.165
99.54000 4.007
99.56000 8.690
99.58000 1.886
99.60000 1.927
99.62000 0.646
99.64000 2.459
99.66000 4.065
99.68000 3.742
99.70000 2.427
99.72000 2.682
99.74000 -1.804
99.76000 -1.296
99.78000 5.443
99.80000 9.006
99.82000 12.323
99.84000 4.099
99.86000 0.495
99.88000 3.284
99.90000 5.343
99.92000 5.057
99.94000 3.504
99.96000 -1.870
99.98000 0.000
