'Id: "0011387" Comment: "Integrate frame 0011387_Au-Ir-Rh_Rh-rich_XRD-Mapping-318-0000.gfrmwith cursor Wedge Cursor #5" Operator: "B?rgel" Anode: "Cu" Wavelength: "1.5406" Scantype: "2Theta (TwoTheta)" TimePerStep: "1" X: "4.5" Y: "36" Z: "5.95" 
10.00000 0.000
10.02000 0.494
10.04000 0.404
10.06000 3.478
10.08000 -4.244
10.10000 7.687
10.12000 10.409
10.14000 -1.077
10.16000 9.510
10.18000 24.526
10.20000 14.253
10.22000 5.673
10.24000 1.879
10.26000 18.212
10.28000 27.148
10.30000 11.057
10.32000 14.253
10.34000 15.699
10.36000 12.613
10.38000 6.238
10.40000 -4.241
10.42000 -2.948
10.44000 -3.133
10.46000 2.798
10.48000 16.038
10.50000 13.633
10.52000 8.957
10.54000 16.118
10.56000 24.851
10.58000 17.541
10.60000 23.644
10.62000 22.609
10.64000 19.590
10.66000 27.075
10.68000 13.045
10.70000 8.663
10.72000 11.753
10.74000 5.265
10.76000 8.564
10.78000 26.015
10.80000 34.699
10.82000 18.142
10.84000 2.617
10.86000 16.425
10.88000 30.866
10.90000 23.172
10.92000 23.556
10.94000 22.892
10.96000 34.750
10.98000 17.514
11.00000 10.923
11.02000 0.079
11.04000 1.528
11.06000 15.364
11.08000 18.680
11.10000 11.433
11.12000 0.960
11.14000 9.091
11.16000 21.321
11.18000 19.353
11.20000 20.075
11.22000 10.844
11.24000 8.271
11.26000 8.524
11.28000 15.750
11.30000 28.788
11.32000 22.550
11.34000 11.729
11.36000 4.873
11.38000 10.525
11.40000 24.475
11.42000 8.913
11.44000 11.305
11.46000 9.160
11.48000 5.866
11.50000 13.837
11.52000 9.856
11.54000 17.959
11.56000 12.825
11.58000 8.200
11.60000 10.906
11.62000 2.906
11.64000 15.876
11.66000 14.698
11.68000 22.222
11.70000 15.100
11.72000 1.698
11.74000 16.298
11.76000 17.914
11.78000 12.987
11.80000 13.331
11.82000 7.002
11.84000 16.169
11.86000 16.420
11.88000 12.972
11.90000 9.223
11.92000 5.304
11.94000 5.611
11.96000 4.470
11.98000 5.650
12.00000 4.925
12.02000 -4.411
12.04000 5.028
12.06000 15.384
12.08000 9.732
12.10000 -4.314
12.12000 8.349
12.14000 13.128
12.16000 10.727
12.18000 11.565
12.20000 9.537
12.22000 12.234
12.24000 1.795
12.26000 10.689
12.28000 19.783
12.30000 14.488
12.32000 9.324
12.34000 7.677
12.36000 11.114
12.38000 10.430
12.40000 13.156
12.42000 16.741
12.44000 25.347
12.46000 5.660
12.48000 10.154
12.50000 18.599
12.52000 12.666
12.54000 11.030
12.56000 11.639
12.58000 7.910
12.60000 8.557
12.62000 4.819
12.64000 14.110
12.66000 21.980
12.68000 18.168
12.70000 15.502
12.72000 18.189
12.74000 12.893
12.76000 3.260
12.78000 4.941
12.80000 15.333
12.82000 16.477
12.84000 3.947
12.86000 4.412
12.88000 4.418
12.90000 14.987
12.92000 4.723
12.94000 9.624
12.96000 16.369
12.98000 8.338
13.00000 11.310
13.02000 13.639
13.04000 8.913
13.06000 0.206
13.08000 3.773
13.10000 11.649
13.12000 4.790
13.14000 14.421
13.16000 12.913
13.18000 14.315
13.20000 6.103
13.22000 10.169
13.24000 23.435
13.26000 18.222
13.28000 17.312
13.30000 9.525
13.32000 16.130
13.34000 24.189
13.36000 27.207
13.38000 16.995
13.40000 13.109
13.42000 11.939
13.44000 7.109
13.46000 -0.122
13.48000 10.023
13.50000 1.825
13.52000 -4.489
13.54000 -0.115
13.56000 5.299
13.58000 8.652
13.60000 3.928
13.62000 14.925
13.64000 15.290
13.66000 15.703
13.68000 18.925
13.70000 16.643
13.72000 16.806
13.74000 18.987
13.76000 13.228
13.78000 11.972
13.80000 11.967
13.82000 7.730
13.84000 7.893
13.86000 11.670
13.88000 9.589
13.90000 7.368
13.92000 20.175
13.94000 23.839
13.96000 8.861
13.98000 5.656
14.00000 -0.555
14.02000 3.246
14.04000 7.641
14.06000 19.606
14.08000 14.933
14.10000 8.599
14.12000 10.975
14.14000 7.413
14.16000 6.939
14.18000 2.100
14.20000 6.484
14.22000 4.342
14.24000 5.572
14.26000 13.955
14.28000 18.400
14.30000 13.222
14.32000 16.231
14.34000 16.618
14.36000 9.232
14.38000 3.123
14.40000 10.648
14.42000 8.606
14.44000 14.533
14.46000 19.899
14.48000 13.692
14.50000 12.364
14.52000 8.042
14.54000 7.823
14.56000 13.536
14.58000 9.590
14.60000 8.622
14.62000 8.351
14.64000 7.003
14.66000 4.679
14.68000 14.931
14.70000 12.232
14.72000 6.656
14.74000 4.953
14.76000 3.292
14.78000 9.447
14.80000 10.140
14.82000 4.275
14.84000 10.192
14.86000 17.998
14.88000 17.450
14.90000 11.265
14.92000 8.132
14.94000 9.515
14.96000 9.503
14.98000 2.696
15.00000 6.800
15.02000 6.752
15.04000 7.798
15.06000 2.685
15.08000 5.628
15.10000 11.421
15.12000 8.642
15.14000 13.868
15.16000 15.135
15.18000 14.306
15.20000 11.678
15.22000 2.087
15.24000 6.188
15.26000 6.879
15.28000 9.888
15.30000 13.936
15.32000 11.255
15.34000 5.322
15.36000 14.495
15.38000 12.238
15.40000 5.566
15.42000 6.098
15.44000 11.733
15.46000 15.936
15.48000 13.513
15.50000 10.200
15.52000 4.541
15.54000 4.620
15.56000 2.519
15.58000 7.625
15.60000 9.565
15.62000 9.359
15.64000 8.406
15.66000 6.178
15.68000 5.831
15.70000 7.946
15.72000 8.013
15.74000 5.044
15.76000 14.629
15.78000 11.893
15.80000 4.509
15.82000 0.699
15.84000 -4.433
15.86000 6.705
15.88000 14.085
15.90000 9.089
15.92000 5.466
15.94000 3.706
15.96000 4.451
15.98000 5.175
16.00000 1.966
16.02000 12.214
16.04000 16.680
16.06000 10.039
16.08000 9.160
16.10000 7.334
16.12000 3.157
16.14000 -2.143
16.16000 3.300
16.18000 4.417
16.20000 -3.850
16.22000 8.289
16.24000 16.011
16.26000 12.675
16.28000 8.013
16.30000 6.331
16.32000 12.029
16.34000 18.708
16.36000 15.276
16.38000 6.580
16.40000 4.924
16.42000 7.673
16.44000 -0.493
16.46000 3.924
16.48000 -0.654
16.50000 10.262
16.52000 10.361
16.54000 3.298
16.56000 3.081
16.58000 3.632
16.60000 6.023
16.62000 9.037
16.64000 5.406
16.66000 7.149
16.68000 6.787
16.70000 1.493
16.72000 -0.486
16.74000 6.861
16.76000 7.117
16.78000 6.263
16.80000 13.306
16.82000 9.152
16.84000 6.098
16.86000 6.480
16.88000 -0.001
16.90000 -1.100
16.92000 11.635
16.94000 14.562
16.96000 8.729
16.98000 5.873
17.00000 0.893
17.02000 4.497
17.04000 8.986
17.06000 11.098
17.08000 12.572
17.10000 5.853
17.12000 8.458
17.14000 12.288
17.16000 14.053
17.18000 4.680
17.20000 4.102
17.22000 10.570
17.24000 17.545
17.26000 12.465
17.28000 5.234
17.30000 1.206
17.32000 -0.239
17.34000 5.185
17.36000 5.682
17.38000 3.390
17.40000 8.391
17.42000 3.008
17.44000 -0.688
17.46000 6.629
17.48000 1.812
17.50000 2.797
17.52000 -4.393
17.54000 -2.376
17.56000 5.119
17.58000 9.039
17.60000 5.999
17.62000 10.520
17.64000 8.732
17.66000 8.620
17.68000 6.173
17.70000 6.008
17.72000 4.197
17.74000 9.276
17.76000 5.062
17.78000 13.730
17.80000 9.117
17.82000 -0.768
17.84000 10.776
17.86000 9.948
17.88000 3.347
17.90000 2.158
17.92000 7.914
17.94000 2.333
17.96000 2.957
17.98000 4.021
18.00000 6.088
18.02000 2.242
18.04000 -4.371
18.06000 -2.317
18.08000 2.120
18.10000 2.062
18.12000 3.154
18.14000 2.542
18.16000 2.671
18.18000 5.033
18.20000 9.079
18.22000 5.118
18.24000 5.597
18.26000 9.998
18.28000 8.767
18.30000 7.504
18.32000 -0.506
18.34000 -0.015
18.36000 9.058
18.38000 7.039
18.40000 -1.315
18.42000 5.855
18.44000 6.161
18.46000 -1.003
18.48000 0.273
18.50000 6.602
18.52000 3.272
18.54000 8.097
18.56000 11.781
18.58000 5.173
18.60000 1.738
18.62000 4.769
18.64000 9.220
18.66000 4.699
18.68000 -0.526
18.70000 7.398
18.72000 5.688
18.74000 0.275
18.76000 5.003
18.78000 6.929
18.80000 8.460
18.82000 1.419
18.84000 -2.582
18.86000 -0.018
18.88000 6.296
18.90000 8.536
18.92000 2.063
18.94000 7.451
18.96000 9.091
18.98000 10.081
19.00000 6.173
19.02000 -4.309
19.04000 2.478
19.06000 7.167
19.08000 9.175
19.10000 16.623
19.12000 15.214
19.14000 8.493
19.16000 3.410
19.18000 6.786
19.20000 4.894
19.22000 3.198
19.24000 2.750
19.26000 9.683
19.28000 2.425
19.30000 -1.430
19.32000 1.274
19.34000 4.082
19.36000 9.254
19.38000 9.209
19.40000 10.979
19.42000 7.487
19.44000 12.989
19.46000 9.501
19.48000 -0.633
19.50000 -2.306
19.52000 3.055
19.54000 -1.773
19.56000 1.619
19.58000 9.391
19.60000 4.825
19.62000 1.932
19.64000 3.997
19.66000 2.368
19.68000 -1.882
19.70000 -2.665
19.72000 -1.742
19.74000 1.415
19.76000 4.747
19.78000 11.487
19.80000 1.045
19.82000 -0.393
19.84000 1.355
19.86000 3.738
19.88000 4.678
19.90000 4.025
19.92000 5.542
19.94000 6.147
19.96000 8.650
19.98000 4.878
20.00000 -2.407
20.02000 4.338
20.04000 5.834
20.06000 2.882
20.08000 2.644
20.10000 5.364
20.12000 2.624
20.14000 -1.962
20.16000 -4.263
20.18000 5.936
20.20000 8.595
20.22000 10.583
20.24000 2.712
20.26000 1.643
20.28000 2.187
20.30000 0.791
20.32000 -3.278
20.34000 0.218
20.36000 2.085
20.38000 5.252
20.40000 0.075
20.42000 -3.647
20.44000 -0.048
20.46000 3.566
20.48000 7.473
20.50000 5.816
20.52000 0.370
20.54000 3.490
20.56000 5.765
20.58000 -2.746
20.60000 -0.232
20.62000 -1.191
20.64000 1.790
20.66000 6.432
20.68000 4.629
20.70000 4.006
20.72000 5.046
20.74000 12.571
20.76000 15.398
20.78000 3.787
20.80000 4.491
20.82000 5.395
20.84000 9.049
20.86000 6.406
20.88000 3.068
20.90000 1.723
20.92000 4.628
20.94000 6.340
20.96000 11.598
20.98000 9.719
21.00000 4.345
21.02000 1.404
21.04000 2.354
21.06000 0.220
21.08000 1.533
21.10000 1.322
21.12000 3.850
21.14000 -0.192
21.16000 7.733
21.18000 8.180
21.20000 2.719
21.22000 0.458
21.24000 3.489
21.26000 5.932
21.28000 8.612
21.30000 7.611
21.32000 7.086
21.34000 6.000
21.36000 6.733
21.38000 3.791
21.40000 5.355
21.42000 1.913
21.44000 3.285
21.46000 4.736
21.48000 5.567
21.50000 5.249
21.52000 -0.181
21.54000 5.388
21.56000 1.252
21.58000 3.404
21.60000 1.312
21.62000 3.671
21.64000 -1.418
21.66000 -2.680
21.68000 7.419
21.70000 12.286
21.72000 8.155
21.74000 6.405
21.76000 5.462
21.78000 3.999
21.80000 6.394
21.82000 6.070
21.84000 9.147
21.86000 7.484
21.88000 5.024
21.90000 0.555
21.92000 5.718
21.94000 6.829
21.96000 8.119
21.98000 13.602
22.00000 7.821
22.02000 11.971
22.04000 8.724
22.06000 9.004
22.08000 11.959
22.10000 13.748
22.12000 9.009
22.14000 9.565
22.16000 13.514
22.18000 11.662
22.20000 11.448
22.22000 11.442
22.24000 0.618
22.26000 -4.075
22.28000 4.713
22.30000 9.414
22.32000 9.735
22.34000 7.048
22.36000 9.936
22.38000 12.502
22.40000 15.704
22.42000 5.669
22.44000 0.142
22.46000 8.153
22.48000 9.624
22.50000 5.615
22.52000 3.807
22.54000 8.030
22.56000 9.453
22.58000 6.882
22.60000 9.648
22.62000 8.021
22.64000 11.699
22.66000 7.940
22.68000 12.002
22.70000 11.566
22.72000 8.396
22.74000 4.190
22.76000 3.626
22.78000 1.353
22.80000 0.101
22.82000 -1.491
22.84000 2.652
22.86000 13.815
22.88000 11.803
22.90000 1.212
22.92000 0.307
22.94000 0.574
22.96000 3.464
22.98000 4.619
23.00000 9.247
23.02000 7.555
23.04000 9.056
23.06000 4.561
23.08000 1.374
23.10000 1.245
23.12000 4.748
23.14000 2.338
23.16000 2.544
23.18000 7.683
23.20000 7.823
23.22000 -0.265
23.24000 2.968
23.26000 0.271
23.28000 4.163
23.30000 2.497
23.32000 -2.032
23.34000 0.614
23.36000 0.611
23.38000 -1.140
23.40000 0.217
23.42000 -4.068
23.44000 4.709
23.46000 8.093
23.48000 2.451
23.50000 1.200
23.52000 1.305
23.54000 2.443
23.56000 1.629
23.58000 2.947
23.60000 4.148
23.62000 2.188
23.64000 -1.628
23.66000 -2.833
23.68000 3.216
23.70000 8.070
23.72000 4.268
23.74000 -1.817
23.76000 4.619
23.78000 0.445
23.80000 4.102
23.82000 4.250
23.84000 3.277
23.86000 2.170
23.88000 -0.824
23.90000 0.648
23.92000 3.362
23.94000 3.298
23.96000 5.719
23.98000 1.222
24.00000 1.643
24.02000 4.711
24.04000 4.819
24.06000 0.200
24.08000 -2.315
24.10000 1.592
24.12000 3.984
24.14000 -0.961
24.16000 1.557
24.18000 6.820
24.20000 6.606
24.22000 6.971
24.24000 -0.774
24.26000 1.072
24.28000 3.473
24.30000 -0.762
24.32000 -2.850
24.34000 -3.135
24.36000 -0.553
24.38000 3.253
24.40000 4.744
24.42000 7.248
24.44000 1.682
24.46000 6.279
24.48000 6.502
24.50000 0.598
24.52000 1.083
24.54000 0.561
24.56000 1.018
24.58000 3.120
24.60000 3.244
24.62000 0.473
24.64000 -4.019
24.66000 1.029
24.68000 2.189
24.70000 0.880
24.72000 3.104
24.74000 5.956
24.76000 5.928
24.78000 -0.568
24.80000 4.193
24.82000 5.070
24.84000 1.539
24.86000 4.049
24.88000 0.754
24.90000 -2.969
24.92000 1.319
24.94000 0.227
24.96000 -1.018
24.98000 -3.999
25.00000 -3.250
25.02000 -1.016
25.04000 3.091
25.06000 6.141
25.08000 0.785
25.10000 0.199
25.12000 3.833
25.14000 2.584
25.16000 5.111
25.18000 1.824
25.20000 -0.757
25.22000 -0.005
25.24000 3.271
25.26000 6.134
25.28000 -0.497
25.30000 0.334
25.32000 -1.777
25.34000 2.050
25.36000 6.397
25.38000 6.537
25.40000 -3.622
25.42000 -1.673
25.44000 1.206
25.46000 4.412
25.48000 3.691
25.50000 -0.931
25.52000 6.279
25.54000 3.494
25.56000 1.041
25.58000 -1.358
25.60000 -0.920
25.62000 0.400
25.64000 -2.607
25.66000 -0.035
25.68000 4.385
25.70000 -0.750
25.72000 -0.064
25.74000 -0.708
25.76000 -0.813
25.78000 3.182
25.80000 5.797
25.82000 6.907
25.84000 3.028
25.86000 0.863
25.88000 -2.286
25.90000 3.990
25.92000 7.159
25.94000 6.240
25.96000 4.433
25.98000 7.539
26.00000 6.827
26.02000 4.962
26.04000 3.031
26.06000 6.688
26.08000 5.681
26.10000 7.774
26.12000 6.588
26.14000 4.518
26.16000 4.484
26.18000 1.430
26.20000 -3.894
26.22000 -1.463
26.24000 6.379
26.26000 11.521
26.28000 10.404
26.30000 9.438
26.32000 7.788
26.34000 4.034
26.36000 2.628
26.38000 5.524
26.40000 5.207
26.42000 4.889
26.44000 -0.910
26.46000 -3.811
26.48000 3.186
26.50000 9.121
26.52000 5.338
26.54000 1.121
26.56000 3.091
26.58000 -0.376
26.60000 0.419
26.62000 3.310
26.64000 -1.949
26.66000 -0.044
26.68000 3.000
26.70000 1.113
26.72000 0.805
26.74000 6.065
26.76000 9.498
26.78000 4.527
26.80000 -0.614
26.82000 0.632
26.84000 1.123
26.86000 11.861
26.88000 4.664
26.90000 2.215
26.92000 1.602
26.94000 0.868
26.96000 0.603
26.98000 5.588
27.00000 5.864
27.02000 4.757
27.04000 -1.565
27.06000 3.476
27.08000 4.152
27.10000 7.646
27.12000 6.751
27.14000 8.349
27.16000 7.752
27.18000 4.993
27.20000 -3.855
27.22000 -2.753
27.24000 7.861
27.26000 7.829
27.28000 6.079
27.30000 6.452
27.32000 7.637
27.34000 6.095
27.36000 8.647
27.38000 8.693
27.40000 5.262
27.42000 2.185
27.44000 -1.015
27.46000 -1.069
27.48000 -2.538
27.50000 1.555
27.52000 2.777
27.54000 1.643
27.56000 3.448
27.58000 4.226
27.60000 -2.281
27.62000 -0.899
27.64000 2.472
27.66000 2.689
27.68000 2.157
27.70000 1.357
27.72000 1.524
27.74000 6.892
27.76000 3.909
27.78000 5.540
27.80000 3.395
27.82000 6.343
27.84000 5.290
27.86000 6.167
27.88000 6.820
27.90000 0.382
27.92000 -1.987
27.94000 -3.622
27.96000 -3.156
27.98000 -0.165
28.00000 4.167
28.02000 6.493
28.04000 6.567
28.06000 3.407
28.08000 5.436
28.10000 9.702
28.12000 4.963
28.14000 2.873
28.16000 2.243
28.18000 3.563
28.20000 -1.421
28.22000 -1.628
28.24000 3.207
28.26000 5.882
28.28000 6.989
28.30000 1.030
28.32000 -3.521
28.34000 1.371
28.36000 4.532
28.38000 3.539
28.40000 -0.492
28.42000 -2.554
28.44000 -0.034
28.46000 -1.246
28.48000 0.917
28.50000 4.823
28.52000 0.920
28.54000 1.843
28.56000 7.271
28.58000 3.145
28.60000 1.792
28.62000 2.754
28.64000 4.525
28.66000 8.617
28.68000 8.372
28.70000 5.913
28.72000 2.787
28.74000 2.518
28.76000 5.568
28.78000 9.127
28.80000 7.223
28.82000 3.146
28.84000 0.698
28.86000 4.952
28.88000 4.466
28.90000 -1.898
28.92000 -3.760
28.94000 -1.232
28.96000 1.534
28.98000 4.062
29.00000 1.019
29.02000 -0.951
29.04000 4.827
29.06000 6.716
29.08000 4.036
29.10000 2.672
29.12000 6.009
29.14000 3.249
29.16000 6.706
29.18000 5.824
29.20000 1.572
29.22000 4.666
29.24000 2.473
29.26000 1.186
29.28000 1.247
29.30000 7.044
29.32000 8.449
29.34000 5.939
29.36000 1.551
29.38000 -0.318
29.40000 8.257
29.42000 5.469
29.44000 4.416
29.46000 6.364
29.48000 4.515
29.50000 8.338
29.52000 15.006
29.54000 13.597
29.56000 4.957
29.58000 8.251
29.60000 9.113
29.62000 4.875
29.64000 5.203
29.66000 6.747
29.68000 7.671
29.70000 10.349
29.72000 10.913
29.74000 0.856
29.76000 4.536
29.78000 -0.431
29.80000 -3.677
29.82000 1.102
29.84000 -2.354
29.86000 2.581
29.88000 6.134
29.90000 7.264
29.92000 5.116
29.94000 0.798
29.96000 1.869
29.98000 3.345
30.00000 4.337
30.02000 7.436
30.04000 7.437
30.06000 5.633
30.08000 5.746
30.10000 -0.925
30.12000 0.884
30.14000 2.769
30.16000 6.043
30.18000 8.629
30.20000 7.148
30.22000 6.875
30.24000 10.070
30.26000 11.020
30.28000 8.562
30.30000 8.390
30.32000 5.535
30.34000 4.455
30.36000 9.279
30.38000 8.236
30.40000 5.400
30.42000 0.480
30.44000 2.075
30.46000 2.323
30.48000 2.914
30.50000 3.228
30.52000 1.088
30.54000 3.528
30.56000 6.862
30.58000 8.955
30.60000 6.881
30.62000 8.599
30.64000 6.154
30.66000 4.618
30.68000 4.382
30.70000 3.340
30.72000 6.810
30.74000 8.704
30.76000 6.434
30.78000 5.838
30.80000 4.886
30.82000 4.291
30.84000 4.913
30.86000 1.328
30.88000 0.683
30.90000 7.700
30.92000 8.228
30.94000 6.202
30.96000 10.190
30.98000 9.189
31.00000 7.046
31.02000 11.788
31.04000 9.890
31.06000 8.817
31.08000 2.409
31.10000 3.339
31.12000 2.616
31.14000 7.610
31.16000 8.603
31.18000 2.204
31.20000 3.240
31.22000 5.089
31.24000 5.729
31.26000 4.196
31.28000 4.321
31.30000 5.728
31.32000 8.363
31.34000 10.749
31.36000 8.026
31.38000 2.452
31.40000 5.280
31.42000 1.286
31.44000 -0.382
31.46000 3.758
31.48000 7.980
31.50000 3.534
31.52000 3.194
31.54000 5.739
31.56000 4.129
31.58000 4.826
31.60000 3.481
31.62000 4.478
31.64000 0.793
31.66000 -3.605
31.68000 -1.925
31.70000 4.744
31.72000 6.881
31.74000 1.925
31.76000 5.019
31.78000 5.718
31.80000 4.008
31.82000 1.681
31.84000 2.890
31.86000 5.868
31.88000 5.916
31.90000 8.680
31.92000 10.685
31.94000 11.673
31.96000 6.232
31.98000 4.817
32.00000 5.216
32.02000 0.813
32.04000 5.190
32.06000 6.722
32.08000 6.784
32.10000 2.554
32.12000 4.614
32.14000 4.320
32.16000 3.655
32.18000 3.616
32.20000 5.324
32.22000 8.160
32.24000 6.380
32.26000 2.978
32.28000 2.335
32.30000 -0.898
32.32000 -0.500
32.34000 -2.204
32.36000 0.391
32.38000 6.514
32.40000 -0.171
32.42000 -0.773
32.44000 2.610
32.46000 8.721
32.48000 10.847
32.50000 4.067
32.52000 -2.264
32.54000 -3.429
32.56000 -0.164
32.58000 3.956
32.60000 0.365
32.62000 1.543
32.64000 3.796
32.66000 5.812
32.68000 5.454
32.70000 -1.329
32.72000 -0.480
32.74000 -0.265
32.76000 -0.151
32.78000 -1.071
32.80000 -0.263
32.82000 -2.825
32.84000 4.488
32.86000 3.012
32.88000 -0.276
32.90000 1.053
32.92000 6.137
32.94000 5.311
32.96000 6.027
32.98000 2.353
33.00000 6.919
33.02000 5.162
33.04000 -0.764
33.06000 -3.605
33.08000 -0.134
33.10000 3.524
33.12000 0.698
33.14000 3.770
33.16000 0.628
33.18000 0.725
33.20000 2.193
33.22000 1.451
33.24000 -0.975
33.26000 1.122
33.28000 1.785
33.30000 3.324
33.32000 2.926
33.34000 4.156
33.36000 0.939
33.38000 3.893
33.40000 3.150
33.42000 2.075
33.44000 7.425
33.46000 5.981
33.48000 3.484
33.50000 0.099
33.52000 1.592
33.54000 2.148
33.56000 4.667
33.58000 5.934
33.60000 2.395
33.62000 3.805
33.64000 5.001
33.66000 1.692
33.68000 1.312
33.70000 7.821
33.72000 7.391
33.74000 2.803
33.76000 2.695
33.78000 3.783
33.80000 4.566
33.82000 2.131
33.84000 2.127
33.86000 0.011
33.88000 1.188
33.90000 3.793
33.92000 4.628
33.94000 4.341
33.96000 3.925
33.98000 3.044
34.00000 4.292
34.02000 5.640
34.04000 7.471
34.06000 3.443
34.08000 -0.691
34.10000 2.706
34.12000 -0.087
34.14000 0.891
34.16000 6.618
34.18000 3.251
34.20000 2.682
34.22000 -3.596
34.24000 -0.954
34.26000 3.863
34.28000 -0.962
34.30000 0.454
34.32000 2.312
34.34000 6.519
34.36000 6.360
34.38000 2.678
34.40000 -2.572
34.42000 3.951
34.44000 0.342
34.46000 -1.935
34.48000 1.146
34.50000 -1.716
34.52000 -0.417
34.54000 4.221
34.56000 0.985
34.58000 1.016
34.60000 0.665
34.62000 2.544
34.64000 3.228
34.66000 2.357
34.68000 3.317
34.70000 0.235
34.72000 4.681
34.74000 3.969
34.76000 2.541
34.78000 0.298
34.80000 3.108
34.82000 4.707
34.84000 2.322
34.86000 -1.604
34.88000 3.093
34.90000 2.375
34.92000 3.626
34.94000 2.386
34.96000 -0.408
34.98000 3.852
35.00000 -0.706
35.02000 1.878
35.04000 2.766
35.06000 1.946
35.08000 1.740
35.10000 -0.428
35.12000 2.090
35.14000 4.054
35.16000 -0.211
35.18000 -2.335
35.20000 -1.499
35.22000 5.247
35.24000 5.075
35.26000 2.611
35.28000 6.228
35.30000 3.388
35.32000 0.972
35.34000 -3.580
35.36000 -2.683
35.38000 -1.257
35.40000 3.864
35.42000 0.644
35.44000 0.550
35.46000 4.318
35.48000 2.125
35.50000 1.640
35.52000 0.889
35.54000 2.056
35.56000 3.128
35.58000 1.583
35.60000 0.019
35.62000 4.871
35.64000 4.294
35.66000 -0.096
35.68000 -0.465
35.70000 1.775
35.72000 -1.675
35.74000 -1.872
35.76000 4.315
35.78000 1.796
35.80000 1.528
35.82000 3.050
35.84000 5.610
35.86000 4.359
35.88000 4.457
35.90000 3.236
35.92000 1.726
35.94000 1.370
35.96000 4.612
35.98000 4.310
36.00000 8.151
36.02000 9.306
36.04000 4.122
36.06000 3.568
36.08000 2.874
36.10000 1.065
36.12000 2.050
36.14000 0.134
36.16000 0.577
36.18000 2.829
36.20000 5.355
36.22000 5.005
36.24000 4.352
36.26000 3.396
36.28000 -3.559
36.30000 3.884
36.32000 6.020
36.34000 7.013
36.36000 4.770
36.38000 2.539
36.40000 4.827
36.42000 3.679
36.44000 8.590
36.46000 4.961
36.48000 5.661
36.50000 1.534
36.52000 -0.819
36.54000 -0.050
36.56000 0.969
36.58000 2.557
36.60000 4.295
36.62000 4.380
36.64000 3.427
36.66000 4.288
36.68000 3.433
36.70000 5.652
36.72000 4.304
36.74000 -1.353
36.76000 -0.690
36.78000 3.531
36.80000 8.084
36.82000 10.529
36.84000 7.506
36.86000 4.065
36.88000 2.961
36.90000 -0.649
36.92000 1.369
36.94000 -1.116
36.96000 -3.644
36.98000 -1.908
37.00000 3.450
37.02000 -1.004
37.04000 -1.994
37.06000 2.384
37.08000 3.188
37.10000 3.466
37.12000 7.598
37.14000 -2.544
37.16000 -0.981
37.18000 1.527
37.20000 0.701
37.22000 -0.272
37.24000 3.292
37.26000 5.683
37.28000 2.307
37.30000 1.918
37.32000 3.829
37.34000 2.678
37.36000 0.799
37.38000 5.690
37.40000 5.382
37.42000 3.007
37.44000 4.108
37.46000 0.737
37.48000 3.245
37.50000 1.615
37.52000 1.448
37.54000 4.607
37.56000 3.739
37.58000 8.555
37.60000 6.632
37.62000 4.726
37.64000 4.085
37.66000 5.417
37.68000 5.852
37.70000 8.120
37.72000 9.624
37.74000 14.004
37.76000 14.160
37.78000 8.806
37.80000 11.755
37.82000 14.917
37.84000 12.997
37.86000 10.189
37.88000 8.009
37.90000 7.948
37.92000 11.713
37.94000 14.089
37.96000 17.466
37.98000 12.773
38.00000 13.627
38.02000 13.343
38.04000 12.462
38.06000 13.194
38.08000 10.345
38.10000 12.687
38.12000 17.256
38.14000 18.726
38.16000 16.033
38.18000 22.566
38.20000 24.054
38.22000 23.015
38.24000 21.697
38.26000 22.716
38.28000 21.451
38.30000 22.581
38.32000 23.787
38.34000 26.350
38.36000 27.333
38.38000 26.835
38.40000 28.851
38.42000 33.429
38.44000 29.252
38.46000 29.787
38.48000 36.791
38.50000 36.564
38.52000 39.081
38.54000 38.090
38.56000 31.800
38.58000 39.534
38.60000 44.066
38.62000 46.223
38.64000 54.208
38.66000 57.886
38.68000 53.664
38.70000 54.189
38.72000 51.928
38.74000 52.085
38.76000 51.879
38.78000 58.419
38.80000 64.087
38.82000 64.110
38.84000 69.917
38.86000 74.780
38.88000 80.672
38.90000 74.146
38.92000 76.858
38.94000 85.163
38.96000 91.588
38.98000 96.983
39.00000 103.230
39.02000 109.755
39.04000 110.706
39.06000 114.582
39.08000 122.110
39.10000 127.251
39.12000 129.911
39.14000 135.010
39.16000 141.788
39.18000 148.789
39.20000 156.399
39.22000 155.934
39.24000 159.479
39.26000 172.613
39.28000 186.400
39.30000 202.033
39.32000 206.527
39.34000 213.323
39.36000 218.779
39.38000 234.738
39.40000 248.443
39.42000 252.948
39.44000 264.431
39.46000 284.865
39.48000 293.879
39.50000 311.653
39.52000 337.934
39.54000 351.397
39.56000 354.636
39.58000 380.977
39.60000 397.626
39.62000 418.512
39.64000 429.297
39.66000 447.051
39.68000 471.120
39.70000 492.685
39.72000 511.835
39.74000 528.023
39.76000 534.386
39.78000 551.225
39.80000 575.415
39.82000 589.835
39.84000 618.923
39.86000 626.652
39.88000 643.558
39.90000 654.286
39.92000 665.081
39.94000 660.985
39.96000 660.890
39.98000 664.745
40.00000 661.776
40.02000 663.539
40.04000 655.393
40.06000 651.921
40.08000 640.410
40.10000 652.917
40.12000 639.210
40.14000 621.157
40.16000 605.585
40.18000 582.788
40.20000 572.454
40.22000 567.797
40.24000 541.740
40.26000 519.777
40.28000 500.037
40.30000 488.149
40.32000 460.598
40.34000 441.127
40.36000 417.424
40.38000 402.108
40.40000 381.068
40.42000 364.590
40.44000 347.438
40.46000 336.923
40.48000 317.149
40.50000 292.632
40.52000 286.436
40.54000 272.471
40.56000 256.919
40.58000 236.404
40.60000 226.500
40.62000 221.869
40.64000 209.996
40.66000 194.791
40.68000 180.290
40.70000 169.599
40.72000 166.735
40.74000 155.965
40.76000 144.330
40.78000 143.280
40.80000 140.576
40.82000 124.152
40.84000 112.969
40.86000 110.099
40.88000 103.105
40.90000 92.473
40.92000 86.271
40.94000 85.918
40.96000 80.486
40.98000 73.251
41.00000 64.080
41.02000 63.618
41.04000 63.477
41.06000 59.980
41.08000 56.398
41.10000 51.738
41.12000 48.274
41.14000 44.866
41.16000 42.198
41.18000 42.847
41.20000 43.880
41.22000 40.004
41.24000 41.762
41.26000 36.037
41.28000 31.425
41.30000 29.058
41.32000 27.335
41.34000 32.005
41.36000 27.958
41.38000 25.462
41.40000 21.345
41.42000 20.115
41.44000 20.243
41.46000 14.040
41.48000 16.994
41.50000 18.026
41.52000 17.492
41.54000 16.610
41.56000 13.030
41.58000 13.432
41.60000 15.412
41.62000 13.059
41.64000 17.227
41.66000 14.045
41.68000 13.150
41.70000 11.988
41.72000 6.139
41.74000 6.641
41.76000 4.740
41.78000 3.484
41.80000 6.062
41.82000 8.020
41.84000 5.001
41.86000 4.418
41.88000 5.488
41.90000 4.037
41.92000 5.884
41.94000 2.267
41.96000 3.308
41.98000 3.004
42.00000 3.266
42.02000 3.115
42.04000 5.036
42.06000 3.981
42.08000 0.172
42.10000 -0.945
42.12000 4.640
42.14000 2.037
42.16000 1.268
42.18000 0.919
42.20000 -2.110
42.22000 0.045
42.24000 1.050
42.26000 0.950
42.28000 -1.160
42.30000 -1.949
42.32000 -0.870
42.34000 -2.441
42.36000 1.621
42.38000 3.180
42.40000 0.163
42.42000 -1.843
42.44000 -1.034
42.46000 3.655
42.48000 2.186
42.50000 -2.702
42.52000 -2.651
42.54000 -2.719
42.56000 -2.868
42.58000 -0.388
42.60000 -0.483
42.62000 -1.182
42.64000 -1.368
42.66000 -1.804
42.68000 -1.865
42.70000 -0.436
42.72000 -1.866
42.74000 -2.358
42.76000 -0.835
42.78000 -0.462
42.80000 0.425
42.82000 -2.449
42.84000 -3.461
42.86000 1.699
42.88000 2.578
42.90000 3.408
42.92000 1.974
42.94000 -0.891
42.96000 -2.938
42.98000 -2.546
43.00000 -0.511
43.02000 0.703
43.04000 2.270
43.06000 1.228
43.08000 -0.584
43.10000 2.526
43.12000 3.971
43.14000 4.821
43.16000 2.058
43.18000 1.175
43.20000 -0.610
43.22000 1.987
43.24000 3.084
43.26000 1.127
43.28000 2.710
43.30000 0.022
43.32000 0.096
43.34000 5.858
43.36000 9.530
43.38000 7.199
43.40000 5.397
43.42000 0.640
43.44000 0.903
43.46000 -3.363
43.48000 -2.236
43.50000 1.056
43.52000 0.572
43.54000 4.453
43.56000 0.882
43.58000 1.514
43.60000 3.824
43.62000 3.117
43.64000 2.909
43.66000 3.259
43.68000 2.814
43.70000 3.611
43.72000 5.278
43.74000 4.319
43.76000 3.677
43.78000 2.573
43.80000 -1.126
43.82000 3.666
43.84000 4.366
43.86000 2.269
43.88000 -3.351
43.90000 -1.272
43.92000 2.450
43.94000 1.129
43.96000 -0.432
43.98000 -1.380
44.00000 0.928
44.02000 1.283
44.04000 1.219
44.06000 4.069
44.08000 -1.084
44.10000 0.666
44.12000 3.105
44.14000 1.615
44.16000 1.818
44.18000 4.346
44.20000 4.151
44.22000 0.715
44.24000 2.938
44.26000 1.895
44.28000 1.728
44.30000 1.490
44.32000 2.667
44.34000 1.866
44.36000 0.774
44.38000 -2.684
44.40000 -2.032
44.42000 -1.984
44.44000 -0.133
44.46000 -1.961
44.48000 -2.646
44.50000 0.893
44.52000 4.414
44.54000 7.182
44.56000 3.801
44.58000 3.139
44.60000 -0.768
44.62000 -3.275
44.64000 -2.487
44.66000 1.998
44.68000 3.784
44.70000 4.916
44.72000 4.224
44.74000 5.786
44.76000 7.654
44.78000 5.954
44.80000 3.245
44.82000 1.109
44.84000 1.537
44.86000 6.541
44.88000 6.042
44.90000 2.546
44.92000 8.416
44.94000 8.331
44.96000 8.931
44.98000 10.749
45.00000 13.823
45.02000 8.656
45.04000 4.813
45.06000 3.270
45.08000 13.340
45.10000 9.939
45.12000 11.610
45.14000 13.485
45.16000 8.232
45.18000 3.950
45.20000 6.339
45.22000 13.915
45.24000 14.163
45.26000 14.639
45.28000 14.483
45.30000 14.331
45.32000 17.187
45.34000 23.949
45.36000 21.110
45.38000 21.692
45.40000 23.705
45.42000 17.134
45.44000 23.412
45.46000 25.895
45.48000 24.230
45.50000 20.355
45.52000 24.161
45.54000 23.785
45.56000 27.014
45.58000 25.334
45.60000 33.080
45.62000 32.890
45.64000 27.936
45.66000 30.307
45.68000 32.318
45.70000 32.830
45.72000 30.309
45.74000 32.881
45.76000 35.249
45.78000 38.083
45.80000 32.748
45.82000 37.053
45.84000 45.736
45.86000 52.059
45.88000 52.217
45.90000 48.376
45.92000 51.140
45.94000 49.357
45.96000 51.320
45.98000 52.889
46.00000 50.394
46.02000 54.709
46.04000 61.166
46.06000 60.399
46.08000 62.564
46.10000 69.477
46.12000 73.933
46.14000 73.711
46.16000 72.379
46.18000 76.821
46.20000 77.861
46.22000 75.019
46.24000 79.249
46.26000 75.417
46.28000 76.960
46.30000 80.469
46.32000 83.057
46.34000 91.136
46.36000 91.258
46.38000 86.773
46.40000 89.111
46.42000 94.453
46.44000 92.154
46.46000 100.622
46.48000 99.302
46.50000 105.552
46.52000 101.354
46.54000 97.620
46.56000 103.279
46.58000 107.907
46.60000 109.780
46.62000 109.168
46.64000 108.572
46.66000 104.911
46.68000 104.791
46.70000 104.729
46.72000 100.752
46.74000 103.617
46.76000 96.952
46.78000 105.287
46.80000 106.242
46.82000 102.224
46.84000 96.842
46.86000 93.375
46.88000 100.119
46.90000 96.629
46.92000 98.093
46.94000 94.384
46.96000 96.081
46.98000 93.508
47.00000 90.892
47.02000 88.641
47.04000 87.021
47.06000 91.225
47.08000 83.337
47.10000 79.314
47.12000 77.502
47.14000 76.575
47.16000 70.483
47.18000 60.545
47.20000 65.198
47.22000 69.019
47.24000 66.414
47.26000 62.637
47.28000 56.855
47.30000 56.223
47.32000 56.172
47.34000 54.228
47.36000 49.914
47.38000 45.404
47.40000 44.050
47.42000 45.030
47.44000 38.412
47.46000 31.585
47.48000 31.662
47.50000 33.369
47.52000 32.425
47.54000 27.448
47.56000 29.161
47.58000 26.744
47.60000 28.984
47.62000 26.505
47.64000 30.139
47.66000 24.836
47.68000 24.596
47.70000 22.603
47.72000 23.017
47.74000 18.213
47.76000 15.084
47.78000 15.635
47.80000 20.100
47.82000 17.517
47.84000 11.506
47.86000 15.533
47.88000 14.004
47.90000 14.487
47.92000 9.835
47.94000 8.226
47.96000 6.704
47.98000 7.698
48.00000 10.912
48.02000 9.294
48.04000 6.030
48.06000 6.377
48.08000 13.060
48.10000 15.344
48.12000 4.055
48.14000 6.016
48.16000 13.826
48.18000 11.711
48.20000 8.722
48.22000 9.470
48.24000 4.670
48.26000 7.687
48.28000 4.516
48.30000 4.901
48.32000 4.175
48.34000 5.407
48.36000 5.231
48.38000 7.002
48.40000 2.318
48.42000 1.981
48.44000 4.470
48.46000 1.824
48.48000 5.422
48.50000 5.914
48.52000 2.713
48.54000 4.740
48.56000 8.539
48.58000 6.272
48.60000 5.075
48.62000 4.036
48.64000 4.269
48.66000 3.682
48.68000 2.228
48.70000 -1.536
48.72000 -2.207
48.74000 2.022
48.76000 6.844
48.78000 4.314
48.80000 -1.013
48.82000 -2.887
48.84000 -0.828
48.86000 3.106
48.88000 2.134
48.90000 4.238
48.92000 7.668
48.94000 8.375
48.96000 6.983
48.98000 3.320
49.00000 7.579
49.02000 6.868
49.04000 3.120
49.06000 0.595
49.08000 4.611
49.10000 5.671
49.12000 10.413
49.14000 6.713
49.16000 4.122
49.18000 6.433
49.20000 5.573
49.22000 4.458
49.24000 5.065
49.26000 5.389
49.28000 3.529
49.30000 2.278
49.32000 -1.140
49.34000 1.798
49.36000 3.410
49.38000 5.200
49.40000 3.480
49.42000 0.660
49.44000 1.793
49.46000 3.130
49.48000 3.607
49.50000 1.703
49.52000 5.842
49.54000 7.811
49.56000 6.583
49.58000 6.653
49.60000 5.354
49.62000 3.600
49.64000 5.347
49.66000 4.667
49.68000 -2.812
49.70000 1.787
49.72000 7.509
49.74000 4.573
49.76000 5.568
49.78000 8.484
49.80000 4.049
49.82000 2.508
49.84000 4.011
49.86000 3.689
49.88000 -0.173
49.90000 0.271
49.92000 3.160
49.94000 1.511
49.96000 0.187
49.98000 -1.203
50.00000 0.531
50.02000 3.682
50.04000 1.864
50.06000 2.780
50.08000 4.062
50.10000 7.111
50.12000 0.823
50.14000 4.701
50.16000 1.336
50.18000 -1.318
50.20000 -2.283
50.22000 -0.933
50.24000 0.696
50.26000 0.714
50.28000 2.209
50.30000 0.801
50.32000 3.173
50.34000 5.791
50.36000 5.433
50.38000 0.241
50.40000 -0.951
50.42000 3.717
50.44000 4.288
50.46000 2.684
50.48000 9.397
50.50000 6.164
50.52000 4.380
50.54000 1.021
50.56000 3.857
50.58000 1.836
50.60000 5.269
50.62000 5.897
50.64000 2.144
50.66000 -2.771
50.68000 -1.361
50.70000 -1.045
50.72000 2.705
50.74000 4.990
50.76000 3.423
50.78000 -1.898
50.80000 0.956
50.82000 2.954
50.84000 2.333
50.86000 2.041
50.88000 6.341
50.90000 5.969
50.92000 2.276
50.94000 -2.241
50.96000 1.459
50.98000 2.659
51.00000 5.628
51.02000 2.549
51.04000 3.401
51.06000 2.061
51.08000 3.157
51.10000 0.234
51.12000 -2.009
51.14000 -1.425
51.16000 -0.408
51.18000 0.654
51.20000 -1.887
51.22000 -2.745
51.24000 2.027
51.26000 8.449
51.28000 4.790
51.30000 0.686
51.32000 3.702
51.34000 5.020
51.36000 1.989
51.38000 5.759
51.40000 1.772
51.42000 2.221
51.44000 0.142
51.46000 -1.949
51.48000 -0.440
51.50000 -2.121
51.52000 1.007
51.54000 -0.607
51.56000 0.662
51.58000 -1.436
51.60000 0.261
51.62000 4.663
51.64000 1.354
51.66000 5.593
51.68000 6.298
51.70000 4.135
51.72000 -0.148
51.74000 -0.969
51.76000 -2.519
51.78000 -0.671
51.80000 3.750
51.82000 3.512
51.84000 5.260
51.86000 4.784
51.88000 2.249
51.90000 -0.142
51.92000 -1.033
51.94000 8.516
51.96000 4.877
51.98000 -0.175
52.00000 -2.733
52.02000 -0.778
52.04000 -0.470
52.06000 -1.226
52.08000 -2.501
52.10000 0.773
52.12000 2.332
52.14000 4.893
52.16000 7.431
52.18000 6.666
52.20000 2.379
52.22000 3.593
52.24000 3.600
52.26000 1.404
52.28000 2.865
52.30000 0.904
52.32000 3.782
52.34000 3.514
52.36000 2.524
52.38000 -0.547
52.40000 2.254
52.42000 3.363
52.44000 1.372
52.46000 -2.456
52.48000 2.943
52.50000 1.618
52.52000 1.737
52.54000 2.502
52.56000 0.075
52.58000 1.160
52.60000 -0.886
52.62000 1.565
52.64000 5.060
52.66000 1.058
52.68000 2.409
52.70000 0.328
52.72000 -0.864
52.74000 -2.028
52.76000 1.095
52.78000 4.606
52.80000 0.380
52.82000 -1.819
52.84000 2.164
52.86000 5.474
52.88000 -0.853
52.90000 -2.686
52.92000 0.647
52.94000 3.509
52.96000 1.636
52.98000 3.572
53.00000 4.331
53.02000 3.097
53.04000 2.894
53.06000 4.843
53.08000 0.128
53.10000 0.905
53.12000 -0.255
53.14000 6.340
53.16000 6.508
53.18000 2.762
53.20000 -1.631
53.22000 0.812
53.24000 1.498
53.26000 -1.087
53.28000 -1.946
53.30000 2.302
53.32000 4.928
53.34000 1.705
53.36000 5.342
53.38000 2.624
53.40000 -1.247
53.42000 -2.649
53.44000 1.769
53.46000 6.454
53.48000 4.277
53.50000 4.384
53.52000 3.173
53.54000 6.410
53.56000 3.292
53.58000 2.292
53.60000 -0.124
53.62000 5.876
53.64000 4.971
53.66000 0.059
53.68000 -2.345
53.70000 1.175
53.72000 3.300
53.74000 3.870
53.76000 3.285
53.78000 2.002
53.80000 1.151
53.82000 0.972
53.84000 2.005
53.86000 1.504
53.88000 1.534
53.90000 0.434
53.92000 0.834
53.94000 2.835
53.96000 2.232
53.98000 -0.015
54.00000 1.461
54.02000 2.599
54.04000 3.284
54.06000 3.072
54.08000 1.643
54.10000 0.343
54.12000 0.666
54.14000 3.615
54.16000 2.444
54.18000 2.296
54.20000 1.235
54.22000 0.670
54.24000 -0.777
54.26000 3.655
54.28000 1.949
54.30000 5.323
54.32000 1.947
54.34000 6.803
54.36000 7.255
54.38000 8.045
54.40000 4.009
54.42000 2.004
54.44000 -2.002
54.46000 -0.698
54.48000 -1.264
54.50000 0.431
54.52000 2.176
54.54000 4.929
54.56000 0.772
54.58000 3.368
54.60000 3.842
54.62000 3.628
54.64000 -0.544
54.66000 3.130
54.68000 5.788
54.70000 2.967
54.72000 1.498
54.74000 4.742
54.76000 1.296
54.78000 2.747
54.80000 6.691
54.82000 3.498
54.84000 -0.737
54.86000 2.782
54.88000 2.736
54.90000 2.108
54.92000 -0.206
54.94000 -0.419
54.96000 1.795
54.98000 4.107
55.00000 3.404
55.02000 3.959
55.04000 2.853
55.06000 4.513
55.08000 1.281
55.10000 3.195
55.12000 0.714
55.14000 -2.590
55.16000 -2.582
55.18000 4.160
55.20000 4.446
55.22000 0.941
55.24000 3.219
55.26000 9.018
55.28000 7.526
55.30000 4.135
55.32000 2.459
55.34000 4.158
55.36000 0.954
55.38000 0.244
55.40000 1.097
55.42000 2.147
55.44000 4.776
55.46000 6.436
55.48000 0.864
55.50000 -2.581
55.52000 1.121
55.54000 4.511
55.56000 6.689
55.58000 4.705
55.60000 4.034
55.62000 1.263
55.64000 5.593
55.66000 4.838
55.68000 3.168
55.70000 3.280
55.72000 3.483
55.74000 2.886
55.76000 4.816
55.78000 4.179
55.80000 5.304
55.82000 6.512
55.84000 8.109
55.86000 5.072
55.88000 7.303
55.90000 6.371
55.92000 0.036
55.94000 1.835
55.96000 7.338
55.98000 6.498
56.00000 2.060
56.02000 5.851
56.04000 10.104
56.06000 5.983
56.08000 2.063
56.10000 -2.077
56.12000 -2.561
56.14000 8.071
56.16000 7.491
56.18000 10.282
56.20000 8.444
56.22000 4.637
56.24000 5.364
56.26000 7.795
56.28000 5.511
56.30000 1.353
56.32000 5.333
56.34000 5.965
56.36000 4.254
56.38000 2.854
56.40000 3.851
56.42000 2.856
56.44000 2.118
56.46000 -0.312
56.48000 3.669
56.50000 2.472
56.52000 2.117
56.54000 6.220
56.56000 6.607
56.58000 0.392
56.60000 0.947
56.62000 3.384
56.64000 6.219
56.66000 6.568
56.68000 4.509
56.70000 4.814
56.72000 0.148
56.74000 0.755
56.76000 3.268
56.78000 1.860
56.80000 4.183
56.82000 6.643
56.84000 6.271
56.86000 1.214
56.88000 0.231
56.90000 -2.542
56.92000 -0.789
56.94000 1.623
56.96000 5.781
56.98000 6.195
57.00000 3.193
57.02000 4.468
57.04000 3.422
57.06000 4.265
57.08000 3.062
57.10000 4.025
57.12000 5.038
57.14000 7.318
57.16000 3.380
57.18000 0.723
57.20000 6.534
57.22000 5.759
57.24000 2.491
57.26000 3.236
57.28000 1.267
57.30000 4.331
57.32000 -2.532
57.34000 1.676
57.36000 -0.947
57.38000 0.739
57.40000 5.263
57.42000 5.587
57.44000 5.777
57.46000 3.003
57.48000 -1.737
57.50000 0.990
57.52000 1.445
57.54000 -0.874
57.56000 0.828
57.58000 1.373
57.60000 -0.959
57.62000 2.700
57.64000 3.924
57.66000 4.378
57.68000 6.268
57.70000 6.487
57.72000 3.855
57.74000 1.603
57.76000 0.993
57.78000 3.063
57.80000 0.149
57.82000 4.647
57.84000 2.713
57.86000 -1.969
57.88000 -1.785
57.90000 -0.834
57.92000 -0.477
57.94000 -0.220
57.96000 3.298
57.98000 4.118
58.00000 0.515
58.02000 4.294
58.04000 3.378
58.06000 1.171
58.08000 -0.858
58.10000 2.550
58.12000 2.011
58.14000 1.106
58.16000 1.341
58.18000 -1.101
58.20000 1.091
58.22000 2.035
58.24000 -0.207
58.26000 0.294
58.28000 0.259
58.30000 3.896
58.32000 4.479
58.34000 -1.112
58.36000 -1.016
58.38000 1.650
58.40000 0.065
58.42000 1.830
58.44000 2.994
58.46000 4.261
58.48000 4.501
58.50000 2.963
58.52000 -0.746
58.54000 0.816
58.56000 -1.834
58.58000 2.219
58.60000 1.659
58.62000 1.456
58.64000 2.246
58.66000 0.177
58.68000 0.513
58.70000 1.640
58.72000 4.710
58.74000 3.708
58.76000 2.768
58.78000 -0.980
58.80000 -0.164
58.82000 1.885
58.84000 -0.545
58.86000 0.419
58.88000 4.253
58.90000 3.068
58.92000 2.396
58.94000 0.272
58.96000 0.181
58.98000 2.508
59.00000 -0.107
59.02000 6.791
59.04000 8.170
59.06000 5.772
59.08000 6.902
59.10000 2.248
59.12000 3.068
59.14000 4.408
59.16000 6.367
59.18000 6.899
59.20000 5.373
59.22000 5.075
59.24000 7.653
59.26000 6.913
59.28000 3.624
59.30000 -2.466
59.32000 -1.586
59.34000 0.116
59.36000 3.641
59.38000 3.801
59.40000 4.719
59.42000 1.289
59.44000 2.147
59.46000 2.741
59.48000 4.420
59.50000 1.724
59.52000 1.986
59.54000 2.080
59.56000 2.023
59.58000 3.363
59.60000 1.322
59.62000 -0.920
59.64000 0.152
59.66000 2.217
59.68000 5.367
59.70000 4.265
59.72000 4.057
59.74000 1.093
59.76000 0.812
59.78000 3.917
59.80000 6.045
59.82000 5.705
59.84000 5.320
59.86000 2.320
59.88000 -0.090
59.90000 1.170
59.92000 3.323
59.94000 5.731
59.96000 4.319
59.98000 2.241
60.00000 3.678
60.02000 3.314
60.04000 3.405
60.06000 -0.902
60.08000 -0.839
60.10000 1.402
60.12000 5.477
60.14000 4.195
60.16000 1.899
60.18000 2.052
60.20000 2.710
60.22000 2.008
60.24000 4.178
60.26000 2.018
60.28000 1.742
60.30000 -1.266
60.32000 1.694
60.34000 3.581
60.36000 1.246
60.38000 0.484
60.40000 1.430
60.42000 1.186
60.44000 -0.624
60.46000 0.844
60.48000 1.749
60.50000 0.687
60.52000 1.422
60.54000 2.397
60.56000 -0.280
60.58000 -0.744
60.60000 1.575
60.62000 2.963
60.64000 6.403
60.66000 3.361
60.68000 -0.678
60.70000 0.316
60.72000 5.043
60.74000 5.586
60.76000 6.503
60.78000 4.383
60.80000 4.616
60.82000 8.609
60.84000 7.082
60.86000 4.477
60.88000 3.999
60.90000 2.665
60.92000 -0.978
60.94000 -0.575
60.96000 0.492
60.98000 2.367
61.00000 3.713
61.02000 2.182
61.04000 0.806
61.06000 2.764
61.08000 5.434
61.10000 3.712
61.12000 -2.432
61.14000 0.917
61.16000 2.440
61.18000 1.381
61.20000 2.482
61.22000 2.947
61.24000 5.955
61.26000 7.617
61.28000 3.849
61.30000 5.425
61.32000 9.690
61.34000 8.315
61.36000 6.920
61.38000 0.645
61.40000 1.582
61.42000 5.896
61.44000 4.591
61.46000 3.703
61.48000 -1.869
61.50000 1.535
61.52000 0.215
61.54000 1.892
61.56000 2.738
61.58000 5.736
61.60000 5.805
61.62000 2.096
61.64000 2.435
61.66000 2.416
61.68000 1.712
61.70000 -2.448
61.72000 0.907
61.74000 1.520
61.76000 4.132
61.78000 0.874
61.80000 -0.030
61.82000 -0.267
61.84000 1.538
61.86000 3.374
61.88000 4.131
61.90000 -0.905
61.92000 0.216
61.94000 -1.202
61.96000 -1.566
61.98000 2.997
62.00000 4.478
62.02000 -0.539
62.04000 0.736
62.06000 1.962
62.08000 0.301
62.10000 -0.359
62.12000 2.029
62.14000 1.838
62.16000 1.491
62.18000 3.793
62.20000 3.765
62.22000 0.408
62.24000 -0.133
62.26000 0.040
62.28000 -0.349
62.30000 2.358
62.32000 2.764
62.34000 1.901
62.36000 4.334
62.38000 1.177
62.40000 4.513
62.42000 3.431
62.44000 0.539
62.46000 -2.435
62.48000 0.071
62.50000 0.915
62.52000 0.021
62.54000 1.075
62.56000 2.884
62.58000 2.170
62.60000 2.432
62.62000 -0.328
62.64000 1.367
62.66000 4.465
62.68000 7.195
62.70000 4.333
62.72000 1.470
62.74000 -2.428
62.76000 1.781
62.78000 1.747
62.80000 3.674
62.82000 2.663
62.84000 1.143
62.86000 2.224
62.88000 -2.434
62.90000 0.805
62.92000 2.471
62.94000 1.236
62.96000 1.900
62.98000 -0.326
63.00000 0.902
63.02000 3.028
63.04000 2.905
63.06000 2.316
63.08000 2.990
63.10000 2.299
63.12000 2.805
63.14000 -0.913
63.16000 1.401
63.18000 0.521
63.20000 0.130
63.22000 -1.270
63.24000 0.539
63.26000 2.135
63.28000 4.788
63.30000 3.386
63.32000 2.324
63.34000 1.574
63.36000 1.265
63.38000 0.272
63.40000 3.443
63.42000 2.561
63.44000 4.814
63.46000 3.910
63.48000 1.672
63.50000 0.398
63.52000 2.928
63.54000 3.262
63.56000 5.542
63.58000 4.666
63.60000 -0.042
63.62000 0.003
63.64000 1.709
63.66000 2.068
63.68000 -0.238
63.70000 1.428
63.72000 4.381
63.74000 2.457
63.76000 1.786
63.78000 1.482
63.80000 4.595
63.82000 3.181
63.84000 1.399
63.86000 2.746
63.88000 2.139
63.90000 1.294
63.92000 -0.762
63.94000 -0.509
63.96000 0.652
63.98000 1.533
64.00000 0.537
64.02000 1.467
64.04000 5.594
64.06000 4.251
64.08000 4.969
64.10000 1.480
64.12000 2.015
64.14000 4.696
64.16000 4.855
64.18000 2.271
64.20000 -0.088
64.22000 4.228
64.24000 5.135
64.26000 3.516
64.28000 0.467
64.30000 0.994
64.32000 2.957
64.34000 1.197
64.36000 2.006
64.38000 1.938
64.40000 3.110
64.42000 2.444
64.44000 1.661
64.46000 2.425
64.48000 4.385
64.50000 6.004
64.52000 4.549
64.54000 3.951
64.56000 5.101
64.58000 3.413
64.60000 4.972
64.62000 0.990
64.64000 5.864
64.66000 4.451
64.68000 -2.392
64.70000 3.453
64.72000 3.697
64.74000 3.207
64.76000 4.158
64.78000 3.140
64.80000 3.149
64.82000 4.609
64.84000 3.653
64.86000 3.203
64.88000 4.236
64.90000 3.402
64.92000 2.648
64.94000 6.924
64.96000 6.689
64.98000 5.505
65.00000 3.852
65.02000 4.289
65.04000 2.863
65.06000 0.908
65.08000 4.273
65.10000 5.113
65.12000 5.157
65.14000 6.497
65.16000 3.746
65.18000 0.198
65.20000 1.529
65.22000 3.251
65.24000 2.520
65.26000 2.920
65.28000 0.484
65.30000 0.880
65.32000 1.013
65.34000 0.756
65.36000 2.474
65.38000 0.203
65.40000 -0.469
65.42000 2.770
65.44000 3.286
65.46000 5.205
65.48000 4.814
65.50000 4.055
65.52000 0.979
65.54000 1.262
65.56000 -0.674
65.58000 0.612
65.60000 -0.764
65.62000 -0.275
65.64000 -0.643
65.66000 -0.387
65.68000 0.017
65.70000 1.539
65.72000 2.794
65.74000 1.444
65.76000 0.384
65.78000 3.922
65.80000 3.456
65.82000 2.214
65.84000 0.976
65.86000 0.530
65.88000 1.461
65.90000 2.293
65.92000 -0.101
65.94000 4.860
65.96000 2.231
65.98000 5.756
66.00000 5.169
66.02000 3.671
66.04000 1.972
66.06000 5.565
66.08000 5.535
66.10000 5.030
66.12000 2.870
66.14000 1.676
66.16000 2.030
66.18000 2.362
66.20000 5.625
66.22000 4.862
66.24000 2.640
66.26000 -2.488
66.28000 0.286
66.30000 2.945
66.32000 1.589
66.34000 2.921
66.36000 1.762
66.38000 1.230
66.40000 2.739
66.42000 7.306
66.44000 5.218
66.46000 5.864
66.48000 3.424
66.50000 3.469
66.52000 3.913
66.54000 0.109
66.56000 2.744
66.58000 2.604
66.60000 3.679
66.62000 4.597
66.64000 9.045
66.66000 6.446
66.68000 4.699
66.70000 2.325
66.72000 5.403
66.74000 4.261
66.76000 8.258
66.78000 6.299
66.80000 6.254
66.82000 3.158
66.84000 1.715
66.86000 2.638
66.88000 3.115
66.90000 5.157
66.92000 6.305
66.94000 5.637
66.96000 8.454
66.98000 9.218
67.00000 11.200
67.02000 11.421
67.04000 8.039
67.06000 11.916
67.08000 10.422
67.10000 8.806
67.12000 6.218
67.14000 3.785
67.16000 5.561
67.18000 9.404
67.20000 11.384
67.22000 11.383
67.24000 8.939
67.26000 9.479
67.28000 7.162
67.30000 6.357
67.32000 10.753
67.34000 13.584
67.36000 11.655
67.38000 11.798
67.40000 13.617
67.42000 15.548
67.44000 12.943
67.46000 10.607
67.48000 12.795
67.50000 14.127
67.52000 12.209
67.54000 11.609
67.56000 16.905
67.58000 19.044
67.60000 16.902
67.62000 19.422
67.64000 21.722
67.66000 19.520
67.68000 17.928
67.70000 18.202
67.72000 20.973
67.74000 19.426
67.76000 18.646
67.78000 22.464
67.80000 18.684
67.82000 17.779
67.84000 19.180
67.86000 21.282
67.88000 22.011
67.90000 20.880
67.92000 22.738
67.94000 27.659
67.96000 23.285
67.98000 21.935
68.00000 25.414
68.02000 21.261
68.04000 16.799
68.06000 17.930
68.08000 17.453
68.10000 22.036
68.12000 23.270
68.14000 22.581
68.16000 22.257
68.18000 22.298
68.20000 21.182
68.22000 22.152
68.24000 22.343
68.26000 22.084
68.28000 24.501
68.30000 22.479
68.32000 22.150
68.34000 18.615
68.36000 18.381
68.38000 17.655
68.40000 17.118
68.42000 17.868
68.44000 15.187
68.46000 15.016
68.48000 18.089
68.50000 18.183
68.52000 14.261
68.54000 16.385
68.56000 16.581
68.58000 16.933
68.60000 14.279
68.62000 13.258
68.64000 13.548
68.66000 11.822
68.68000 9.637
68.70000 10.682
68.72000 10.863
68.74000 8.889
68.76000 11.407
68.78000 12.385
68.80000 11.465
68.82000 10.325
68.84000 11.403
68.86000 10.193
68.88000 5.184
68.90000 4.268
68.92000 5.554
68.94000 6.926
68.96000 5.294
68.98000 3.621
69.00000 5.470
69.02000 5.732
69.04000 2.351
69.06000 5.572
69.08000 6.403
69.10000 5.185
69.12000 1.423
69.14000 1.372
69.16000 0.153
69.18000 -2.361
69.20000 3.139
69.22000 4.571
69.24000 2.828
69.26000 4.928
69.28000 1.973
69.30000 -1.305
69.32000 0.797
69.34000 0.851
69.36000 -0.214
69.38000 -2.487
69.40000 -1.439
69.42000 -0.074
69.44000 -0.437
69.46000 -2.479
69.48000 -0.026
69.50000 0.486
69.52000 0.367
69.54000 1.319
69.56000 0.708
69.58000 -1.784
69.60000 0.216
69.62000 0.396
69.64000 -0.463
69.66000 0.478
69.68000 -1.359
69.70000 -1.034
69.72000 -0.733
69.74000 -2.010
69.76000 -0.596
69.78000 -1.544
69.80000 0.653
69.82000 -0.195
69.84000 2.294
69.86000 2.471
69.88000 -0.139
69.90000 -2.437
69.92000 -1.108
69.94000 1.898
69.96000 5.398
69.98000 5.806
70.00000 0.901
70.02000 0.617
70.04000 0.675
70.06000 -1.173
70.08000 0.642
70.10000 2.534
70.12000 1.379
70.14000 1.591
70.16000 3.207
70.18000 0.505
70.20000 2.169
70.22000 1.124
70.24000 0.602
70.26000 -2.405
70.28000 3.922
70.30000 4.562
70.32000 4.247
70.34000 1.538
70.36000 0.675
70.38000 0.314
70.40000 2.021
70.42000 3.770
70.44000 -0.972
70.46000 -1.356
70.48000 1.165
70.50000 -0.336
70.52000 1.248
70.54000 3.155
70.56000 -1.141
70.58000 -0.886
70.60000 -0.801
70.62000 -2.061
70.64000 1.057
70.66000 1.578
70.68000 2.440
70.70000 1.919
70.72000 2.583
70.74000 2.215
70.76000 2.974
70.78000 0.278
70.80000 -1.810
70.82000 2.493
70.84000 5.657
70.86000 3.749
70.88000 -1.591
70.90000 4.955
70.92000 8.769
70.94000 6.260
70.96000 7.893
70.98000 3.289
71.00000 0.719
71.02000 3.609
71.04000 7.505
71.06000 3.698
71.08000 1.930
71.10000 2.164
71.12000 0.814
71.14000 1.621
71.16000 1.458
71.18000 -2.313
71.20000 0.405
71.22000 1.618
71.24000 2.007
71.26000 0.195
71.28000 1.565
71.30000 1.780
71.32000 1.452
71.34000 0.169
71.36000 0.417
71.38000 6.829
71.40000 10.533
71.42000 10.384
71.44000 5.454
71.46000 2.793
71.48000 1.358
71.50000 3.581
71.52000 5.215
71.54000 2.999
71.56000 2.496
71.58000 -0.666
71.60000 2.256
71.62000 2.509
71.64000 1.717
71.66000 4.148
71.68000 3.221
71.70000 2.544
71.72000 1.081
71.74000 -0.548
71.76000 1.424
71.78000 2.277
71.80000 2.657
71.82000 2.677
71.84000 1.893
71.86000 -0.486
71.88000 1.501
71.90000 5.681
71.92000 5.561
71.94000 -0.869
71.96000 0.614
71.98000 1.942
72.00000 -0.407
72.02000 1.333
72.04000 3.117
72.06000 3.454
72.08000 -1.496
72.10000 0.779
72.12000 -1.467
72.14000 -2.317
72.16000 -0.134
72.18000 1.614
72.20000 5.914
72.22000 3.138
72.24000 -0.116
72.26000 0.632
72.28000 2.348
72.30000 3.388
72.32000 3.427
72.34000 4.713
72.36000 4.487
72.38000 0.854
72.40000 1.397
72.42000 2.350
72.44000 1.138
72.46000 1.297
72.48000 5.144
72.50000 3.233
72.52000 0.336
72.54000 2.665
72.56000 5.362
72.58000 1.460
72.60000 0.184
72.62000 2.969
72.64000 2.576
72.66000 2.245
72.68000 1.412
72.70000 1.955
72.72000 3.710
72.74000 2.050
72.76000 -0.648
72.78000 -1.501
72.80000 1.068
72.82000 2.388
72.84000 -0.024
72.86000 2.577
72.88000 4.430
72.90000 4.425
72.92000 2.528
72.94000 -1.225
72.96000 0.495
72.98000 2.598
73.00000 -0.262
73.02000 0.466
73.04000 -0.083
73.06000 -1.018
73.08000 -0.218
73.10000 0.893
73.12000 4.844
73.14000 6.465
73.16000 0.543
73.18000 -2.278
73.20000 0.011
73.22000 0.391
73.24000 1.997
73.26000 3.617
73.28000 0.721
73.30000 -0.694
73.32000 1.497
73.34000 2.804
73.36000 3.282
73.38000 0.147
73.40000 0.732
73.42000 1.848
73.44000 2.667
73.46000 0.231
73.48000 -0.576
73.50000 2.328
73.52000 2.242
73.54000 1.763
73.56000 0.876
73.58000 4.992
73.60000 5.291
73.62000 3.705
73.64000 3.173
73.66000 3.701
73.68000 2.570
73.70000 1.988
73.72000 1.667
73.74000 0.340
73.76000 1.797
73.78000 2.385
73.80000 -2.249
73.82000 -1.095
73.84000 2.751
73.86000 9.730
73.88000 6.468
73.90000 1.006
73.92000 1.002
73.94000 0.081
73.96000 4.894
73.98000 2.428
74.00000 3.165
74.02000 1.645
74.04000 0.175
74.06000 0.058
74.08000 3.869
74.10000 2.694
74.12000 1.643
74.14000 3.167
74.16000 0.764
74.18000 1.897
74.20000 3.051
74.22000 5.205
74.24000 2.679
74.26000 0.855
74.28000 2.460
74.30000 3.011
74.32000 4.799
74.34000 1.944
74.36000 2.286
74.38000 3.031
74.40000 2.269
74.42000 -0.370
74.44000 -1.888
74.46000 1.125
74.48000 1.275
74.50000 2.453
74.52000 3.292
74.54000 2.724
74.56000 2.690
74.58000 4.065
74.60000 1.066
74.62000 0.114
74.64000 2.472
74.66000 3.133
74.68000 4.399
74.70000 3.541
74.72000 2.600
74.74000 1.267
74.76000 1.397
74.78000 -0.979
74.80000 5.656
74.82000 6.562
74.84000 3.008
74.86000 -0.016
74.88000 -2.270
74.90000 -1.747
74.92000 -1.689
74.94000 0.748
74.96000 3.785
74.98000 2.246
75.00000 -1.429
75.02000 1.685
75.04000 10.383
75.06000 5.025
75.08000 4.652
75.10000 4.253
75.12000 2.135
75.14000 1.915
75.16000 3.871
75.18000 4.955
75.20000 1.393
75.22000 1.170
75.24000 -0.492
75.26000 3.085
75.28000 -2.276
75.30000 -0.427
75.32000 2.465
75.34000 1.491
75.36000 2.347
75.38000 4.095
75.40000 4.957
75.42000 2.167
75.44000 4.572
75.46000 1.324
75.48000 6.153
75.50000 6.010
75.52000 3.818
75.54000 0.961
75.56000 2.632
75.58000 5.087
75.60000 7.896
75.62000 4.275
75.64000 1.786
75.66000 1.302
75.68000 4.809
75.70000 2.388
75.72000 5.092
75.74000 6.074
75.76000 5.327
75.78000 3.829
75.80000 2.929
75.82000 2.895
75.84000 3.710
75.86000 3.858
75.88000 2.224
75.90000 1.529
75.92000 5.785
75.94000 5.130
75.96000 5.578
75.98000 1.619
76.00000 4.104
76.02000 5.101
76.04000 4.814
76.06000 4.199
76.08000 4.683
76.10000 4.059
76.12000 1.167
76.14000 1.786
76.16000 5.286
76.18000 4.841
76.20000 1.912
76.22000 2.805
76.24000 -2.241
76.26000 -1.128
76.28000 2.414
76.30000 5.334
76.32000 5.164
76.34000 2.972
76.36000 2.183
76.38000 0.193
76.40000 0.736
76.42000 4.176
76.44000 3.716
76.46000 3.569
76.48000 6.520
76.50000 0.097
76.52000 -1.939
76.54000 2.529
76.56000 2.967
76.58000 1.179
76.60000 3.534
76.62000 1.018
76.64000 2.414
76.66000 2.803
76.68000 1.527
76.70000 3.401
76.72000 1.499
76.74000 0.662
76.76000 0.511
76.78000 0.315
76.80000 3.413
76.82000 2.316
76.84000 4.775
76.86000 3.600
76.88000 1.369
76.90000 3.466
76.92000 2.169
76.94000 0.341
76.96000 -0.779
76.98000 2.098
77.00000 0.739
77.02000 2.004
77.04000 5.224
77.06000 4.369
77.08000 4.997
77.10000 0.452
77.12000 0.240
77.14000 -1.072
77.16000 1.374
77.18000 3.770
77.20000 4.418
77.22000 4.517
77.24000 1.974
77.26000 1.741
77.28000 4.370
77.30000 3.385
77.32000 1.807
77.34000 -1.755
77.36000 -2.300
77.38000 1.303
77.40000 3.689
77.42000 1.349
77.44000 4.384
77.46000 1.517
77.48000 -1.478
77.50000 -0.546
77.52000 -0.892
77.54000 0.254
77.56000 4.180
77.58000 1.619
77.60000 3.339
77.62000 0.522
77.64000 2.202
77.66000 3.457
77.68000 2.913
77.70000 -0.303
77.72000 1.692
77.74000 8.567
77.76000 7.120
77.78000 2.709
77.80000 3.306
77.82000 5.139
77.84000 4.594
77.86000 6.515
77.88000 4.137
77.90000 2.626
77.92000 -2.300
77.94000 -0.775
77.96000 -2.188
77.98000 6.384
78.00000 7.818
78.02000 3.900
78.04000 2.046
78.06000 1.923
78.08000 6.062
78.10000 2.068
78.12000 -1.334
78.14000 0.149
78.16000 -0.835
78.18000 -0.303
78.20000 2.454
78.22000 5.473
78.24000 3.022
78.26000 -0.443
78.28000 3.111
78.30000 4.446
78.32000 5.700
78.34000 4.802
78.36000 6.447
78.38000 5.037
78.40000 8.108
78.42000 4.672
78.44000 -0.151
78.46000 3.758
78.48000 7.170
78.50000 -1.950
78.52000 -2.301
78.54000 -1.687
78.56000 0.275
78.58000 -0.921
78.60000 1.712
78.62000 3.973
78.64000 1.046
78.66000 2.576
78.68000 6.167
78.70000 5.221
78.72000 -2.064
78.74000 -2.304
78.76000 1.832
78.78000 5.248
78.80000 7.958
78.82000 4.659
78.84000 3.296
78.86000 1.142
78.88000 6.020
78.90000 5.711
78.92000 4.676
78.94000 2.718
78.96000 3.126
78.98000 -0.573
79.00000 -0.497
79.02000 4.215
79.04000 0.788
79.06000 2.254
79.08000 1.632
79.10000 1.988
79.12000 6.536
79.14000 1.934
79.16000 1.834
79.18000 4.212
79.20000 3.940
79.22000 -0.094
79.24000 1.525
79.26000 1.798
79.28000 0.869
79.30000 1.832
79.32000 -0.444
79.34000 -1.429
79.36000 0.391
79.38000 0.163
79.40000 4.288
79.42000 4.340
79.44000 3.152
79.46000 4.146
79.48000 3.550
79.50000 1.337
79.52000 5.866
79.54000 2.099
79.56000 2.495
79.58000 3.008
79.60000 5.059
79.62000 -2.400
79.64000 0.451
79.66000 1.920
79.68000 2.455
79.70000 0.066
79.72000 1.497
79.74000 0.327
79.76000 1.479
79.78000 -0.756
79.80000 -1.406
79.82000 -0.619
79.84000 0.410
79.86000 0.202
79.88000 0.181
79.90000 3.888
79.92000 6.138
79.94000 -1.101
79.96000 -0.381
79.98000 1.330
80.00000 5.245
80.02000 7.114
80.04000 1.900
80.06000 -0.533
80.08000 -0.147
80.10000 0.773
80.12000 0.709
80.14000 0.699
80.16000 0.585
80.18000 0.502
80.20000 -0.769
80.22000 -2.476
80.24000 0.560
80.26000 5.105
80.28000 3.521
80.30000 2.597
80.32000 4.217
80.34000 0.630
80.36000 -0.223
80.38000 4.071
80.40000 7.248
80.42000 6.675
80.44000 3.708
80.46000 7.101
80.48000 2.768
80.50000 1.734
80.52000 1.813
80.54000 7.212
80.56000 7.647
80.58000 6.441
80.60000 6.800
80.62000 0.688
80.64000 4.346
80.66000 5.839
80.68000 11.085
80.70000 5.190
80.72000 7.919
80.74000 3.307
80.76000 4.446
80.78000 5.001
80.80000 5.394
80.82000 8.526
80.84000 9.033
80.86000 8.854
80.88000 2.314
80.90000 -0.581
80.92000 4.656
80.94000 8.004
80.96000 9.953
80.98000 6.648
81.00000 7.242
81.02000 5.636
81.04000 9.596
81.06000 10.202
81.08000 13.441
81.10000 8.935
81.12000 5.282
81.14000 11.469
81.16000 12.780
81.18000 11.976
81.20000 9.912
81.22000 12.432
81.24000 11.239
81.26000 9.060
81.28000 13.284
81.30000 13.675
81.32000 15.917
81.34000 14.764
81.36000 16.231
81.38000 14.662
81.40000 11.507
81.42000 13.750
81.44000 18.049
81.46000 19.178
81.48000 19.810
81.50000 22.230
81.52000 16.457
81.54000 15.026
81.56000 14.331
81.58000 15.048
81.60000 15.707
81.62000 18.632
81.64000 16.045
81.66000 20.820
81.68000 21.623
81.70000 25.009
81.72000 22.618
81.74000 22.635
81.76000 26.374
81.78000 24.509
81.80000 23.319
81.82000 22.073
81.84000 20.349
81.86000 25.222
81.88000 28.945
81.90000 27.711
81.92000 31.248
81.94000 29.543
81.96000 27.675
81.98000 17.944
82.00000 22.363
82.02000 22.917
82.04000 25.123
82.06000 30.538
82.08000 34.721
82.10000 30.866
82.12000 35.008
82.14000 33.222
82.16000 27.675
82.18000 27.143
82.20000 24.562
82.22000 29.062
82.24000 30.353
82.26000 31.919
82.28000 28.521
82.30000 25.944
82.32000 23.165
82.34000 25.193
82.36000 26.984
82.38000 28.420
82.40000 28.161
82.42000 23.533
82.44000 23.276
82.46000 25.500
82.48000 19.490
82.50000 20.583
82.52000 24.317
82.54000 27.058
82.56000 26.348
82.58000 26.744
82.60000 25.355
82.62000 24.279
82.64000 23.844
82.66000 20.073
82.68000 22.514
82.70000 21.952
82.72000 19.825
82.74000 20.300
82.76000 15.800
82.78000 19.394
82.80000 20.495
82.82000 22.537
82.84000 20.372
82.86000 16.757
82.88000 17.071
82.90000 16.763
82.92000 16.843
82.94000 16.171
82.96000 15.767
82.98000 16.077
83.00000 6.964
83.02000 8.840
83.04000 9.752
83.06000 13.123
83.08000 9.361
83.10000 12.285
83.12000 12.690
83.14000 12.589
83.16000 6.179
83.18000 4.668
83.20000 6.847
83.22000 5.375
83.24000 4.882
83.26000 7.278
83.28000 10.146
83.30000 6.317
83.32000 3.576
83.34000 7.933
83.36000 12.283
83.38000 9.337
83.40000 9.941
83.42000 5.354
83.44000 5.631
83.46000 7.220
83.48000 9.042
83.50000 2.718
83.52000 -2.460
83.54000 1.011
83.56000 6.111
83.58000 8.107
83.60000 8.417
83.62000 8.597
83.64000 6.255
83.66000 4.000
83.68000 3.176
83.70000 3.424
83.72000 6.565
83.74000 4.541
83.76000 0.660
83.78000 3.752
83.80000 1.688
83.82000 3.221
83.84000 5.193
83.86000 4.077
83.88000 2.914
83.90000 2.953
83.92000 6.805
83.94000 4.879
83.96000 2.675
83.98000 3.945
84.00000 1.333
84.02000 1.102
84.04000 0.778
84.06000 1.774
84.08000 4.132
84.10000 0.647
84.12000 -1.688
84.14000 -2.318
84.16000 5.296
84.18000 2.454
84.20000 6.653
84.22000 6.782
84.24000 4.713
84.26000 -1.102
84.28000 0.297
84.30000 2.046
84.32000 1.451
84.34000 -0.723
84.36000 1.790
84.38000 0.391
84.40000 -2.422
84.42000 2.986
84.44000 3.360
84.46000 2.385
84.48000 1.473
84.50000 5.081
84.52000 3.890
84.54000 2.923
84.56000 3.928
84.58000 -1.537
84.60000 1.917
84.62000 4.748
84.64000 4.687
84.66000 1.731
84.68000 -1.917
84.70000 0.927
84.72000 -1.621
84.74000 0.438
84.76000 1.008
84.78000 2.938
84.80000 5.114
84.82000 4.949
84.84000 4.541
84.86000 6.302
84.88000 9.742
84.90000 7.933
84.92000 1.090
84.94000 -2.394
84.96000 -0.329
84.98000 -2.076
85.00000 0.037
85.02000 2.610
85.04000 4.201
85.06000 3.877
85.08000 7.123
85.10000 6.004
85.12000 0.503
85.14000 6.073
85.16000 6.365
85.18000 5.178
85.20000 5.896
85.22000 7.454
85.24000 5.578
85.26000 3.552
85.28000 6.000
85.30000 7.375
85.32000 6.096
85.34000 5.725
85.36000 5.726
85.38000 4.372
85.40000 7.560
85.42000 9.278
85.44000 6.894
85.46000 7.653
85.48000 7.667
85.50000 4.448
85.52000 7.608
85.54000 4.227
85.56000 2.427
85.58000 5.943
85.60000 8.731
85.62000 9.873
85.64000 12.182
85.66000 12.390
85.68000 9.328
85.70000 12.712
85.72000 14.815
85.74000 11.437
85.76000 19.165
85.78000 16.757
85.80000 15.062
85.82000 15.155
85.84000 18.382
85.86000 14.921
85.88000 15.147
85.90000 17.214
85.92000 17.386
85.94000 11.051
85.96000 11.187
85.98000 15.250
86.00000 17.519
86.02000 20.369
86.04000 18.952
86.06000 21.352
86.08000 24.953
86.10000 25.874
86.12000 18.825
86.14000 22.256
86.16000 23.954
86.18000 23.314
86.20000 17.843
86.22000 19.424
86.24000 19.412
86.26000 21.617
86.28000 21.902
86.30000 23.086
86.32000 21.877
86.34000 15.754
86.36000 19.254
86.38000 23.541
86.40000 26.162
86.42000 22.772
86.44000 21.381
86.46000 21.868
86.48000 22.707
86.50000 23.818
86.52000 22.056
86.54000 23.501
86.56000 23.822
86.58000 19.988
86.60000 18.603
86.62000 14.187
86.64000 20.522
86.66000 18.162
86.68000 15.847
86.70000 14.523
86.72000 17.542
86.74000 18.685
86.76000 15.099
86.78000 14.879
86.80000 18.000
86.82000 11.955
86.84000 10.814
86.86000 13.246
86.88000 14.650
86.90000 14.743
86.92000 14.692
86.94000 7.219
86.96000 9.732
86.98000 15.320
87.00000 9.359
87.02000 10.408
87.04000 10.803
87.06000 5.938
87.08000 6.628
87.10000 8.679
87.12000 9.676
87.14000 7.937
87.16000 7.858
87.18000 10.301
87.20000 9.750
87.22000 5.871
87.24000 4.058
87.26000 7.856
87.28000 9.833
87.30000 8.604
87.32000 3.526
87.34000 3.034
87.36000 4.895
87.38000 4.191
87.40000 3.175
87.42000 2.038
87.44000 4.384
87.46000 4.748
87.48000 5.734
87.50000 3.514
87.52000 5.422
87.54000 3.040
87.56000 1.747
87.58000 0.683
87.60000 -2.133
87.62000 -0.040
87.64000 7.301
87.66000 4.873
87.68000 3.324
87.70000 2.421
87.72000 2.533
87.74000 3.115
87.76000 3.553
87.78000 3.902
87.80000 -0.459
87.82000 -0.385
87.84000 4.031
87.86000 1.579
87.88000 3.518
87.90000 4.694
87.92000 -1.397
87.94000 -0.566
87.96000 2.929
87.98000 2.588
88.00000 -0.144
88.02000 2.760
88.04000 6.050
88.06000 5.405
88.08000 2.410
88.10000 0.707
88.12000 4.822
88.14000 3.478
88.16000 5.982
88.18000 1.734
88.20000 -2.229
88.22000 0.629
88.24000 -0.817
88.26000 4.641
88.28000 2.467
88.30000 1.582
88.32000 3.858
88.34000 2.480
88.36000 2.795
88.38000 4.155
88.40000 3.919
88.42000 2.798
88.44000 3.116
88.46000 3.234
88.48000 1.380
88.50000 0.188
88.52000 0.422
88.54000 0.386
88.56000 5.069
88.58000 9.032
88.60000 1.285
88.62000 -2.163
88.64000 5.235
88.66000 5.007
88.68000 6.386
88.70000 0.787
88.72000 -0.559
88.74000 4.237
88.76000 5.974
88.78000 4.269
88.80000 5.023
88.82000 3.546
88.84000 4.162
88.86000 3.598
88.88000 0.789
88.90000 2.029
88.92000 0.334
88.94000 0.031
88.96000 2.556
88.98000 -1.300
89.00000 -0.414
89.02000 0.457
89.04000 -2.140
89.06000 0.217
89.08000 3.098
89.10000 7.164
89.12000 2.414
89.14000 -1.741
89.16000 -0.929
89.18000 3.302
89.20000 0.724
89.22000 -0.388
89.24000 2.120
89.26000 1.105
89.28000 -1.997
89.30000 -0.468
89.32000 2.771
89.34000 1.894
89.36000 3.503
89.38000 2.186
89.40000 5.504
89.42000 4.545
89.44000 6.299
89.46000 1.500
89.48000 3.400
89.50000 7.322
89.52000 2.860
89.54000 2.384
89.56000 2.226
89.58000 0.686
89.60000 -1.185
89.62000 -0.302
89.64000 1.980
89.66000 5.470
89.68000 5.086
89.70000 3.592
89.72000 6.619
89.74000 4.052
89.76000 4.470
89.78000 0.580
89.80000 4.559
89.82000 4.162
89.84000 0.457
89.86000 -0.661
89.88000 2.382
89.90000 5.461
89.92000 3.404
89.94000 0.815
89.96000 -0.550
89.98000 -0.085
90.00000 -1.147
90.02000 0.104
90.04000 5.646
90.06000 5.004
90.08000 5.504
90.10000 0.967
90.12000 -1.103
90.14000 -0.398
90.16000 1.140
90.18000 0.837
90.20000 2.626
90.22000 -0.014
90.24000 1.682
90.26000 0.941
90.28000 1.073
90.30000 2.060
90.32000 2.308
90.34000 6.760
90.36000 3.847
90.38000 1.133
90.40000 0.142
90.42000 0.936
90.44000 0.267
90.46000 2.624
90.48000 -1.894
90.50000 -1.525
90.52000 2.981
90.54000 0.154
90.56000 0.330
90.58000 0.170
90.60000 -2.167
90.62000 0.766
90.64000 4.271
90.66000 1.106
90.68000 0.450
90.70000 -0.644
90.72000 1.606
90.74000 2.447
90.76000 0.484
90.78000 -0.355
90.80000 -0.876
90.82000 -1.045
90.84000 3.128
90.86000 6.726
90.88000 7.802
90.90000 3.573
90.92000 -0.009
90.94000 1.911
90.96000 4.242
90.98000 2.393
91.00000 0.081
91.02000 -0.165
91.04000 -2.080
91.06000 -0.304
91.08000 0.355
91.10000 -0.187
91.12000 -1.035
91.14000 0.378
91.16000 -1.138
91.18000 -1.605
91.20000 -0.058
91.22000 -1.372
91.24000 0.887
91.26000 2.087
91.28000 0.831
91.30000 0.051
91.32000 -0.128
91.34000 -0.013
91.36000 2.054
91.38000 2.533
91.40000 1.141
91.42000 0.545
91.44000 0.149
91.46000 -2.067
91.48000 -2.175
91.50000 1.821
91.52000 0.265
91.54000 -0.882
91.56000 1.682
91.58000 2.834
91.60000 0.789
91.62000 1.900
91.64000 4.972
91.66000 6.111
91.68000 5.559
91.70000 3.786
91.72000 2.114
91.74000 3.742
91.76000 4.524
91.78000 2.519
91.80000 1.236
91.82000 0.806
91.84000 5.151
91.86000 4.476
91.88000 7.505
91.90000 4.264
91.92000 4.013
91.94000 3.181
91.96000 -0.080
91.98000 0.799
92.00000 4.103
92.02000 3.349
92.04000 2.042
92.06000 -0.537
92.08000 2.840
92.10000 2.563
92.12000 1.527
92.14000 4.602
92.16000 1.544
92.18000 -0.748
92.20000 -0.866
92.22000 1.285
92.24000 0.168
92.26000 1.773
92.28000 1.829
92.30000 1.223
92.32000 -1.810
92.34000 0.344
92.36000 1.187
92.38000 0.445
92.40000 2.834
92.42000 4.615
92.44000 1.660
92.46000 -2.156
92.48000 1.771
92.50000 0.998
92.52000 0.673
92.54000 2.596
92.56000 5.201
92.58000 4.456
92.60000 4.988
92.62000 4.804
92.64000 3.344
92.66000 3.511
92.68000 4.014
92.70000 6.058
92.72000 3.191
92.74000 3.442
92.76000 6.364
92.78000 4.379
92.80000 0.979
92.82000 2.911
92.84000 1.991
92.86000 1.085
92.88000 6.565
92.90000 7.216
92.92000 4.352
92.94000 6.335
92.96000 1.353
92.98000 1.028
93.00000 4.115
93.02000 2.114
93.04000 2.408
93.06000 4.801
93.08000 0.867
93.10000 -2.138
93.12000 2.069
93.14000 2.414
93.16000 3.365
93.18000 2.111
93.20000 1.375
93.22000 2.233
93.24000 5.215
93.26000 2.885
93.28000 -1.288
93.30000 2.058
93.32000 6.056
93.34000 5.231
93.36000 2.447
93.38000 2.655
93.40000 4.706
93.42000 2.710
93.44000 4.085
93.46000 4.023
93.48000 4.893
93.50000 4.608
93.52000 5.437
93.54000 4.417
93.56000 3.812
93.58000 2.436
93.60000 9.539
93.62000 5.349
93.64000 5.399
93.66000 3.176
93.68000 -0.634
93.70000 -2.138
93.72000 1.706
93.74000 5.410
93.76000 5.360
93.78000 6.702
93.80000 4.736
93.82000 6.993
93.84000 6.022
93.86000 1.129
93.88000 0.889
93.90000 6.623
93.92000 7.034
93.94000 8.237
93.96000 1.416
93.98000 -0.275
94.00000 1.610
94.02000 3.719
94.04000 3.679
94.06000 2.073
94.08000 2.915
94.10000 6.545
94.12000 7.041
94.14000 8.030
94.16000 3.426
94.18000 4.215
94.20000 5.041
94.22000 3.964
94.24000 2.794
94.26000 0.386
94.28000 1.268
94.30000 1.502
94.32000 -0.599
94.34000 6.132
94.36000 6.391
94.38000 10.864
94.40000 7.014
94.42000 1.811
94.44000 2.048
94.46000 2.507
94.48000 3.992
94.50000 4.196
94.52000 1.353
94.54000 -2.126
94.56000 2.666
94.58000 4.864
94.60000 1.385
94.62000 3.779
94.64000 8.297
94.66000 2.866
94.68000 1.911
94.70000 -1.809
94.72000 2.447
94.74000 2.728
94.76000 2.725
94.78000 3.006
94.80000 2.475
94.82000 1.123
94.84000 1.887
94.86000 4.274
94.88000 4.081
94.90000 2.124
94.92000 2.679
94.94000 -0.922
94.96000 1.091
94.98000 9.606
95.00000 3.010
95.02000 -0.023
95.04000 3.934
95.06000 10.776
95.08000 3.072
95.10000 2.469
95.12000 -0.905
95.14000 1.714
95.16000 3.171
95.18000 4.977
95.20000 2.268
95.22000 -0.299
95.24000 2.448
95.26000 4.331
95.28000 1.122
95.30000 -1.955
95.32000 -1.506
95.34000 1.055
95.36000 5.517
95.38000 4.152
95.40000 6.114
95.42000 7.589
95.44000 3.449
95.46000 4.216
95.48000 -2.161
95.50000 1.931
95.52000 8.599
95.54000 6.301
95.56000 -0.854
95.58000 -1.468
95.60000 3.021
95.62000 -0.178
95.64000 -1.110
95.66000 1.383
95.68000 -0.131
95.70000 3.048
95.72000 5.012
95.74000 3.374
95.76000 8.175
95.78000 7.609
95.80000 5.008
95.82000 3.887
95.84000 3.424
95.86000 -0.207
95.88000 2.292
95.90000 4.871
95.92000 3.414
95.94000 -0.633
95.96000 -1.603
95.98000 2.879
96.00000 7.905
96.02000 7.689
96.04000 6.247
96.06000 3.939
96.08000 4.865
96.10000 1.864
96.12000 1.267
96.14000 3.146
96.16000 -0.148
96.18000 0.833
96.20000 -1.568
96.22000 5.149
96.24000 9.764
96.26000 5.631
96.28000 6.656
96.30000 3.616
96.32000 1.378
96.34000 -1.359
96.36000 -1.978
96.38000 4.291
96.40000 2.862
96.42000 2.473
96.44000 5.363
96.46000 7.981
96.48000 7.227
96.50000 7.914
96.52000 2.124
96.54000 6.206
96.56000 6.231
96.58000 0.283
96.60000 5.471
96.62000 7.748
96.64000 6.503
96.66000 5.562
96.68000 7.826
96.70000 7.953
96.72000 7.511
96.74000 0.836
96.76000 8.640
96.78000 9.138
96.80000 8.622
96.82000 6.648
96.84000 9.151
96.86000 5.259
96.88000 6.767
96.90000 5.749
96.92000 8.261
96.94000 7.786
96.96000 4.371
96.98000 6.731
97.00000 2.578
97.02000 -1.846
97.04000 -2.112
97.06000 1.005
97.08000 5.938
97.10000 7.642
97.12000 2.380
97.14000 5.218
97.16000 10.711
97.18000 3.867
97.20000 2.473
97.22000 2.921
97.24000 5.598
97.26000 5.658
97.28000 9.747
97.30000 7.080
97.32000 4.889
97.34000 4.055
97.36000 1.760
97.38000 5.501
97.40000 3.351
97.42000 6.251
97.44000 5.055
97.46000 2.649
97.48000 6.186
97.50000 5.492
97.52000 0.386
97.54000 7.540
97.56000 7.160
97.58000 3.376
97.60000 0.594
97.62000 -0.897
97.64000 5.761
97.66000 7.549
97.68000 6.559
97.70000 7.457
97.72000 7.070
97.74000 12.586
97.76000 8.652
97.78000 9.406
97.80000 6.149
97.82000 2.600
97.84000 5.394
97.86000 7.432
97.88000 7.972
97.90000 9.099
97.92000 9.306
97.94000 8.616
97.96000 5.320
97.98000 3.660
98.00000 8.128
98.02000 8.525
98.04000 11.809
98.06000 7.632
98.08000 6.618
98.10000 7.978
98.12000 4.115
98.14000 3.790
98.16000 14.454
98.18000 14.176
98.20000 12.792
98.22000 12.400
98.24000 3.051
98.26000 1.829
98.28000 -2.025
98.30000 2.718
98.32000 5.740
98.34000 4.882
98.36000 15.495
98.38000 10.884
98.40000 6.224
98.42000 -0.382
98.44000 8.611
98.46000 5.177
98.48000 9.033
98.50000 11.386
98.52000 9.106
98.54000 8.857
98.56000 8.353
98.58000 3.786
98.60000 10.691
98.62000 3.899
98.64000 12.386
98.66000 14.047
98.68000 17.419
98.70000 8.634
98.72000 7.921
98.74000 6.915
98.76000 1.928
98.78000 15.138
98.80000 7.955
98.82000 4.888
98.84000 10.728
98.86000 7.033
98.88000 4.992
98.90000 5.689
98.92000 6.829
98.94000 5.407
98.96000 6.214
98.98000 -1.012
99.00000 2.906
99.02000 9.635
99.04000 12.052
99.06000 5.677
99.08000 8.637
99.10000 7.008
99.12000 6.866
99.14000 10.291
99.16000 11.670
99.18000 12.107
99.20000 6.572
99.22000 2.639
99.24000 9.233
99.26000 10.146
99.28000 11.854
99.30000 16.462
99.32000 15.462
99.34000 9.069
99.36000 3.992
99.38000 -2.041
99.40000 0.969
99.42000 12.332
99.44000 8.221
99.46000 9.261
99.48000 6.857
99.50000 7.123
99.52000 12.242
99.54000 11.044
99.56000 10.141
99.58000 9.052
99.60000 8.220
99.62000 8.961
99.64000 7.936
99.66000 11.939
99.68000 4.352
99.70000 12.219
99.72000 4.272
99.74000 6.854
99.76000 6.910
99.78000 1.626
99.80000 3.926
99.82000 6.121
99.84000 3.283
99.86000 6.875
99.88000 13.510
99.90000 4.726
99.92000 7.352
99.94000 15.523
99.96000 17.281
99.98000 0.000
