'Id: "0011389" Comment: "Integrate frame 0011389_Au-Ir-Rh_Au-Rich_XRD_Mapping-288-0000.gfrmwith cursor Wedge Cursor #5" Operator: "B?rgel" Anode: "Cu" Wavelength: "1.5406" Scantype: "2Theta (TwoTheta)" TimePerStep: "1" X: "4.5" Y: "27" Z: "5.95" 
10.00000 0.000
10.02000 1.390
10.04000 -4.320
10.06000 -4.289
10.08000 -0.758
10.10000 12.744
10.12000 -4.266
10.14000 -0.888
10.16000 12.250
10.18000 8.946
10.20000 -3.011
10.22000 5.451
10.24000 11.359
10.26000 7.243
10.28000 1.987
10.30000 3.244
10.32000 13.105
10.34000 11.659
10.36000 22.808
10.38000 12.162
10.40000 0.837
10.42000 5.658
10.44000 15.151
10.46000 15.738
10.48000 -4.276
10.50000 3.390
10.52000 17.352
10.54000 14.282
10.56000 7.308
10.58000 -1.904
10.60000 1.126
10.62000 5.221
10.64000 14.364
10.66000 21.525
10.68000 12.470
10.70000 8.273
10.72000 22.321
10.74000 20.753
10.76000 9.960
10.78000 8.236
10.80000 17.051
10.82000 9.313
10.84000 10.376
10.86000 7.511
10.88000 5.577
10.90000 19.062
10.92000 20.261
10.94000 0.546
10.96000 3.848
10.98000 3.667
11.00000 4.595
11.02000 0.198
11.04000 9.126
11.06000 14.166
11.08000 17.044
11.10000 13.371
11.12000 5.486
11.14000 0.930
11.16000 7.991
11.18000 -0.621
11.20000 0.475
11.22000 8.379
11.24000 8.378
11.26000 6.840
11.28000 4.644
11.30000 20.464
11.32000 14.883
11.34000 0.677
11.36000 8.931
11.38000 22.867
11.40000 25.560
11.42000 26.422
11.44000 17.031
11.46000 15.204
11.48000 -6.936
11.50000 5.900
11.52000 8.810
11.54000 8.353
11.56000 23.297
11.58000 26.791
11.60000 27.820
11.62000 15.450
11.64000 8.725
11.66000 6.267
11.68000 10.152
11.70000 18.173
11.72000 26.020
11.74000 14.426
11.76000 18.732
11.78000 26.502
11.80000 23.839
11.82000 17.858
11.84000 14.899
11.86000 19.633
11.88000 31.201
11.90000 8.846
11.92000 12.600
11.94000 23.636
11.96000 19.996
11.98000 23.270
12.00000 22.695
12.02000 24.339
12.04000 26.429
12.06000 25.235
12.08000 9.998
12.10000 -0.969
12.12000 0.835
12.14000 1.873
12.16000 14.198
12.18000 20.285
12.20000 29.809
12.22000 14.349
12.24000 11.316
12.26000 30.231
12.28000 31.072
12.30000 21.088
12.32000 17.429
12.34000 27.754
12.36000 25.549
12.38000 16.570
12.40000 21.854
12.42000 14.047
12.44000 22.917
12.46000 18.741
12.48000 28.636
12.50000 24.584
12.52000 12.323
12.54000 16.909
12.56000 7.590
12.58000 18.095
12.60000 21.899
12.62000 16.865
12.64000 14.625
12.66000 14.861
12.68000 16.480
12.70000 27.153
12.72000 29.788
12.74000 23.157
12.76000 11.601
12.78000 18.959
12.80000 18.840
12.82000 23.137
12.84000 17.000
12.86000 14.776
12.88000 12.626
12.90000 9.531
12.92000 16.963
12.94000 18.298
12.96000 12.527
12.98000 17.936
13.00000 19.198
13.02000 15.936
13.04000 19.997
13.06000 11.389
13.08000 8.368
13.10000 18.202
13.12000 22.076
13.14000 26.946
13.16000 27.967
13.18000 22.938
13.20000 16.492
13.22000 14.790
13.24000 9.645
13.26000 7.737
13.28000 10.908
13.30000 19.912
13.32000 10.611
13.34000 6.631
13.36000 -4.431
13.38000 5.729
13.40000 17.487
13.42000 20.100
13.44000 25.346
13.46000 15.152
13.48000 18.511
13.50000 23.219
13.52000 22.816
13.54000 17.644
13.56000 10.206
13.58000 7.885
13.60000 12.483
13.62000 11.215
13.64000 13.982
13.66000 16.428
13.68000 15.412
13.70000 18.026
13.72000 13.132
13.74000 14.204
13.76000 10.173
13.78000 10.293
13.80000 14.487
13.82000 8.408
13.84000 6.743
13.86000 12.795
13.88000 14.975
13.90000 25.316
13.92000 14.687
13.94000 7.413
13.96000 3.271
13.98000 6.526
14.00000 16.199
14.02000 24.756
14.04000 24.323
14.06000 24.279
14.08000 19.151
14.10000 15.923
14.12000 20.079
14.14000 18.595
14.16000 9.926
14.18000 13.978
14.20000 20.280
14.22000 26.435
14.24000 24.644
14.26000 16.038
14.28000 9.097
14.30000 14.725
14.32000 11.572
14.34000 6.446
14.36000 12.215
14.38000 17.103
14.40000 12.355
14.42000 18.985
14.44000 19.510
14.46000 16.758
14.48000 18.470
14.50000 10.413
14.52000 8.908
14.54000 11.341
14.56000 14.418
14.58000 11.990
14.60000 3.142
14.62000 5.011
14.64000 4.845
14.66000 7.578
14.68000 6.938
14.70000 8.948
14.72000 11.507
14.74000 7.872
14.76000 4.407
14.78000 13.797
14.80000 23.754
14.82000 17.740
14.84000 13.079
14.86000 8.814
14.88000 13.929
14.90000 15.184
14.92000 12.700
14.94000 6.731
14.96000 3.557
14.98000 12.281
15.00000 15.851
15.02000 12.136
15.04000 0.580
15.06000 2.745
15.08000 9.207
15.10000 10.523
15.12000 8.425
15.14000 0.035
15.16000 0.018
15.18000 11.441
15.20000 20.246
15.22000 12.550
15.24000 2.362
15.26000 5.299
15.28000 9.735
15.30000 11.185
15.32000 11.014
15.34000 10.756
15.36000 6.694
15.38000 16.475
15.40000 7.476
15.42000 3.661
15.44000 9.763
15.46000 8.632
15.48000 5.642
15.50000 -3.913
15.52000 -4.455
15.54000 5.146
15.56000 12.321
15.58000 15.457
15.60000 11.400
15.62000 19.310
15.64000 17.536
15.66000 6.338
15.68000 6.061
15.70000 14.575
15.72000 15.448
15.74000 15.508
15.76000 14.968
15.78000 11.408
15.80000 9.923
15.82000 10.481
15.84000 14.352
15.86000 5.814
15.88000 8.924
15.90000 13.046
15.92000 15.916
15.94000 9.297
15.96000 -1.384
15.98000 -4.443
16.00000 -2.113
16.02000 9.382
16.04000 11.528
16.06000 10.704
16.08000 6.521
16.10000 11.162
16.12000 4.907
16.14000 3.584
16.16000 2.204
16.18000 7.662
16.20000 7.652
16.22000 5.470
16.24000 0.605
16.26000 2.418
16.28000 4.920
16.30000 5.601
16.32000 9.821
16.34000 20.061
16.36000 19.039
16.38000 15.623
16.40000 12.716
16.42000 15.762
16.44000 15.374
16.46000 5.477
16.48000 4.222
16.50000 12.155
16.52000 6.332
16.54000 9.121
16.56000 9.885
16.58000 1.483
16.60000 2.093
16.62000 6.240
16.64000 7.371
16.66000 6.623
16.68000 5.441
16.70000 9.103
16.72000 13.352
16.74000 7.330
16.76000 9.232
16.78000 4.112
16.80000 6.572
16.82000 6.429
16.84000 10.651
16.86000 1.409
16.88000 -4.417
16.90000 1.311
16.92000 7.324
16.94000 7.749
16.96000 15.090
16.98000 8.429
17.00000 3.605
17.02000 3.985
17.04000 8.476
17.06000 3.413
17.08000 3.112
17.10000 8.699
17.12000 9.005
17.14000 7.572
17.16000 11.363
17.18000 13.095
17.20000 4.606
17.22000 10.568
17.24000 16.883
17.26000 15.535
17.28000 7.995
17.30000 2.323
17.32000 -3.632
17.34000 5.801
17.36000 4.324
17.38000 2.700
17.40000 10.554
17.42000 11.947
17.44000 7.120
17.46000 8.643
17.48000 10.887
17.50000 6.916
17.52000 -0.377
17.54000 4.807
17.56000 4.036
17.58000 7.558
17.60000 4.839
17.62000 2.054
17.64000 4.439
17.66000 4.215
17.68000 -2.030
17.70000 1.940
17.72000 0.440
17.74000 3.106
17.76000 2.013
17.78000 -1.799
17.80000 -1.119
17.82000 -3.044
17.84000 0.640
17.86000 8.830
17.88000 11.617
17.90000 6.572
17.92000 7.468
17.94000 8.542
17.96000 3.872
17.98000 -0.760
18.00000 0.540
18.02000 5.263
18.04000 5.775
18.06000 5.895
18.08000 6.044
18.10000 11.031
18.12000 3.452
18.14000 -1.040
18.16000 2.835
18.18000 7.968
18.20000 1.710
18.22000 1.876
18.24000 3.763
18.26000 8.564
18.28000 9.400
18.30000 8.686
18.32000 5.640
18.34000 14.331
18.36000 8.958
18.38000 2.847
18.40000 7.171
18.42000 5.249
18.44000 1.259
18.46000 4.155
18.48000 -0.325
18.50000 -3.089
18.52000 4.421
18.54000 6.781
18.56000 5.340
18.58000 -0.197
18.60000 -0.094
18.62000 -1.991
18.64000 2.973
18.66000 0.791
18.68000 -4.342
18.70000 -4.212
18.72000 2.848
18.74000 6.401
18.76000 2.268
18.78000 4.126
18.80000 2.685
18.82000 2.884
18.84000 6.795
18.86000 8.599
18.88000 10.401
18.90000 7.936
18.92000 4.435
18.94000 4.700
18.96000 5.996
18.98000 4.824
19.00000 2.746
19.02000 7.247
19.04000 7.308
19.06000 2.397
19.08000 5.326
19.10000 5.307
19.12000 1.175
19.14000 5.423
19.16000 14.035
19.18000 12.956
19.20000 13.026
19.22000 4.111
19.24000 7.405
19.26000 9.124
19.28000 4.335
19.30000 1.182
19.32000 -2.025
19.34000 1.327
19.36000 -0.642
19.38000 2.121
19.40000 2.958
19.42000 6.688
19.44000 7.706
19.46000 0.229
19.48000 -1.743
19.50000 5.207
19.52000 8.059
19.54000 4.313
19.56000 0.111
19.58000 -0.096
19.60000 9.914
19.62000 15.037
19.64000 7.301
19.66000 10.784
19.68000 8.016
19.70000 9.203
19.72000 5.805
19.74000 6.816
19.76000 4.146
19.78000 -0.237
19.80000 -0.756
19.82000 0.981
19.84000 3.398
19.86000 4.752
19.88000 2.053
19.90000 9.579
19.92000 5.863
19.94000 8.832
19.96000 10.695
19.98000 7.139
20.00000 2.864
20.02000 5.733
20.04000 15.282
20.06000 15.763
20.08000 16.078
20.10000 3.935
20.12000 0.498
20.14000 -4.225
20.16000 4.444
20.18000 6.434
20.20000 9.283
20.22000 9.001
20.24000 11.864
20.26000 4.942
20.28000 1.233
20.30000 -1.548
20.32000 -0.443
20.34000 -0.299
20.36000 7.200
20.38000 12.363
20.40000 11.980
20.42000 9.159
20.44000 5.515
20.46000 5.619
20.48000 4.450
20.50000 4.884
20.52000 7.433
20.54000 9.503
20.56000 6.071
20.58000 1.728
20.60000 6.362
20.62000 2.601
20.64000 4.034
20.66000 9.621
20.68000 7.951
20.70000 7.783
20.72000 5.105
20.74000 0.556
20.76000 1.185
20.78000 3.526
20.80000 4.886
20.82000 5.442
20.84000 4.386
20.86000 6.115
20.88000 2.925
20.90000 -4.208
20.92000 -0.660
20.94000 5.508
20.96000 -0.954
20.98000 2.534
21.00000 6.611
21.02000 4.835
21.04000 2.420
21.06000 -2.216
21.08000 4.010
21.10000 3.926
21.12000 1.855
21.14000 -1.525
21.16000 -0.330
21.18000 -1.095
21.20000 5.586
21.22000 4.142
21.24000 0.830
21.26000 2.808
21.28000 9.025
21.30000 8.192
21.32000 6.563
21.34000 4.119
21.36000 3.405
21.38000 2.272
21.40000 3.849
21.42000 2.264
21.44000 4.465
21.46000 10.990
21.48000 7.721
21.50000 6.671
21.52000 2.523
21.54000 1.268
21.56000 -0.293
21.58000 2.693
21.60000 6.954
21.62000 5.145
21.64000 5.562
21.66000 2.232
21.68000 3.495
21.70000 0.490
21.72000 1.880
21.74000 6.257
21.76000 7.225
21.78000 3.855
21.80000 -1.412
21.82000 3.156
21.84000 8.017
21.86000 5.098
21.88000 14.895
21.90000 8.171
21.92000 -1.638
21.94000 3.659
21.96000 3.093
21.98000 4.454
22.00000 5.552
22.02000 2.777
22.04000 1.316
22.06000 4.256
22.08000 -0.795
22.10000 1.229
22.12000 4.889
22.14000 5.289
22.16000 3.133
22.18000 -2.202
22.20000 -2.061
22.22000 4.812
22.24000 1.996
22.26000 6.334
22.28000 2.128
22.30000 -4.130
22.32000 -1.986
22.34000 3.603
22.36000 6.464
22.38000 0.494
22.40000 9.097
22.42000 11.632
22.44000 6.496
22.46000 -1.768
22.48000 0.281
22.50000 4.203
22.52000 6.577
22.54000 8.560
22.56000 4.597
22.58000 4.871
22.60000 0.703
22.62000 -3.248
22.64000 -4.116
22.66000 -0.470
22.68000 1.267
22.70000 1.173
22.72000 1.446
22.74000 5.941
22.76000 11.851
22.78000 13.640
22.80000 7.056
22.82000 11.905
22.84000 10.771
22.86000 4.969
22.88000 7.025
22.90000 3.251
22.92000 2.562
22.94000 7.014
22.96000 9.547
22.98000 5.862
23.00000 7.388
23.02000 7.832
23.04000 12.076
23.06000 6.432
23.08000 3.963
23.10000 -0.886
23.12000 -0.456
23.14000 1.813
23.16000 1.692
23.18000 7.398
23.20000 -2.130
23.22000 -3.269
23.24000 -0.402
23.26000 0.624
23.28000 0.363
23.30000 -2.087
23.32000 -1.656
23.34000 1.777
23.36000 6.160
23.38000 5.259
23.40000 3.585
23.42000 7.546
23.44000 8.516
23.46000 6.134
23.48000 0.030
23.50000 -4.083
23.52000 1.382
23.54000 4.707
23.56000 7.773
23.58000 5.057
23.60000 5.517
23.62000 3.757
23.64000 4.966
23.66000 1.691
23.68000 -3.969
23.70000 -2.049
23.72000 3.047
23.74000 6.632
23.76000 3.534
23.78000 4.595
23.80000 2.533
23.82000 0.075
23.84000 5.091
23.86000 6.819
23.88000 6.083
23.90000 6.357
23.92000 0.018
23.94000 -1.747
23.96000 2.180
23.98000 6.975
24.00000 3.198
24.02000 -0.356
24.04000 0.833
24.06000 1.429
24.08000 3.966
24.10000 7.267
24.12000 4.555
24.14000 4.783
24.16000 2.161
24.18000 4.982
24.20000 8.820
24.22000 3.875
24.24000 -4.047
24.26000 0.857
24.28000 7.400
24.30000 6.888
24.32000 5.152
24.34000 3.911
24.36000 1.714
24.38000 3.308
24.40000 2.665
24.42000 2.483
24.44000 0.013
24.46000 4.132
24.48000 -0.124
24.50000 -1.518
24.52000 -1.026
24.54000 2.808
24.56000 0.466
24.58000 2.465
24.60000 -0.356
24.62000 0.997
24.64000 6.282
24.66000 6.846
24.68000 0.884
24.70000 2.737
24.72000 8.656
24.74000 7.337
24.76000 5.099
24.78000 0.914
24.80000 -0.410
24.82000 -2.823
24.84000 -1.310
24.86000 -3.733
24.88000 -3.427
24.90000 -2.321
24.92000 -1.652
24.94000 2.879
24.96000 -0.331
24.98000 2.317
25.00000 7.647
25.02000 6.919
25.04000 8.298
25.06000 6.076
25.08000 1.829
25.10000 1.999
25.12000 0.551
25.14000 2.553
25.16000 -3.657
25.18000 -0.180
25.20000 3.755
25.22000 6.961
25.24000 5.565
25.26000 3.123
25.28000 7.196
25.30000 4.770
25.32000 -1.061
25.34000 1.145
25.36000 1.823
25.38000 0.205
25.40000 2.288
25.42000 -0.346
25.44000 -0.215
25.46000 4.917
25.48000 4.895
25.50000 6.561
25.52000 -0.586
25.54000 -0.987
25.56000 0.415
25.58000 -2.016
25.60000 0.404
25.62000 -1.098
25.64000 -3.369
25.66000 2.779
25.68000 12.161
25.70000 10.072
25.72000 4.781
25.74000 11.296
25.76000 3.716
25.78000 1.783
25.80000 4.715
25.82000 5.084
25.84000 -1.219
25.86000 1.957
25.88000 2.492
25.90000 -0.711
25.92000 -3.927
25.94000 0.173
25.96000 7.588
25.98000 10.721
26.00000 12.091
26.02000 5.427
26.04000 3.136
26.06000 1.329
26.08000 2.181
26.10000 0.307
26.12000 1.565
26.14000 3.899
26.16000 -0.245
26.18000 -1.540
26.20000 0.788
26.22000 -0.473
26.24000 1.464
26.26000 0.583
26.28000 7.319
26.30000 2.362
26.32000 3.294
26.34000 4.025
26.36000 4.042
26.38000 3.106
26.40000 6.260
26.42000 2.180
26.44000 2.152
26.46000 2.928
26.48000 8.729
26.50000 6.567
26.52000 9.921
26.54000 8.562
26.56000 5.730
26.58000 7.534
26.60000 4.853
26.62000 7.481
26.64000 8.941
26.66000 3.853
26.68000 0.324
26.70000 1.575
26.72000 2.327
26.74000 -0.941
26.76000 4.266
26.78000 2.068
26.80000 0.177
26.82000 7.746
26.84000 8.098
26.86000 6.178
26.88000 1.124
26.90000 1.668
26.92000 3.418
26.94000 -3.500
26.96000 1.011
26.98000 6.451
27.00000 0.991
27.02000 -1.684
27.04000 -1.269
27.06000 -1.287
27.08000 -2.477
27.10000 4.351
27.12000 1.902
27.14000 1.118
27.16000 2.142
27.18000 3.751
27.20000 3.408
27.22000 4.259
27.24000 3.542
27.26000 4.176
27.28000 6.809
27.30000 6.481
27.32000 6.170
27.34000 3.166
27.36000 0.241
27.38000 2.877
27.40000 -0.662
27.42000 0.058
27.44000 3.164
27.46000 6.593
27.48000 6.971
27.50000 2.268
27.52000 1.347
27.54000 -1.020
27.56000 1.362
27.58000 1.537
27.60000 3.920
27.62000 0.307
27.64000 3.696
27.66000 2.294
27.68000 4.917
27.70000 3.750
27.72000 2.270
27.74000 5.011
27.76000 4.879
27.78000 2.027
27.80000 3.682
27.82000 4.845
27.84000 2.436
27.86000 1.954
27.88000 0.648
27.90000 3.365
27.92000 2.056
27.94000 -1.347
27.96000 3.554
27.98000 4.817
28.00000 -2.587
28.02000 -3.022
28.04000 -2.039
28.06000 2.502
28.08000 3.467
28.10000 0.480
28.12000 -1.766
28.14000 -3.835
28.16000 0.629
28.18000 -1.350
28.20000 -1.966
28.22000 1.887
28.24000 5.941
28.26000 4.757
28.28000 3.843
28.30000 -1.199
28.32000 3.445
28.34000 7.644
28.36000 4.681
28.38000 1.090
28.40000 3.070
28.42000 0.448
28.44000 4.841
28.46000 3.470
28.48000 -1.577
28.50000 -0.847
28.52000 2.638
28.54000 6.257
28.56000 3.653
28.58000 2.757
28.60000 6.394
28.62000 4.575
28.64000 2.447
28.66000 -1.732
28.68000 2.261
28.70000 3.957
28.72000 0.916
28.74000 1.606
28.76000 0.130
28.78000 -0.875
28.80000 -3.100
28.82000 3.633
28.84000 3.917
28.86000 3.416
28.88000 3.937
28.90000 4.084
28.92000 6.621
28.94000 3.582
28.96000 2.000
28.98000 2.256
29.00000 -2.238
29.02000 -2.645
29.04000 -0.398
29.06000 0.645
29.08000 4.150
29.10000 5.247
29.12000 3.058
29.14000 3.571
29.16000 2.706
29.18000 2.156
29.20000 4.140
29.22000 -0.878
29.24000 -0.136
29.26000 4.008
29.28000 3.289
29.30000 2.091
29.32000 1.591
29.34000 3.387
29.36000 5.238
29.38000 4.241
29.40000 1.128
29.42000 -1.985
29.44000 -2.735
29.46000 -3.078
29.48000 1.701
29.50000 3.392
29.52000 3.654
29.54000 6.723
29.56000 7.517
29.58000 3.469
29.60000 4.880
29.62000 9.051
29.64000 7.018
29.66000 10.026
29.68000 4.213
29.70000 -3.134
29.72000 -1.073
29.74000 -0.874
29.76000 8.289
29.78000 7.625
29.80000 -3.730
29.82000 -1.196
29.84000 3.163
29.86000 -0.546
29.88000 2.432
29.90000 6.071
29.92000 5.467
29.94000 0.607
29.96000 2.883
29.98000 4.909
30.00000 8.662
30.02000 10.650
30.04000 7.046
30.06000 3.259
30.08000 5.352
30.10000 6.580
30.12000 0.388
30.14000 0.250
30.16000 2.157
30.18000 8.166
30.20000 8.184
30.22000 5.668
30.24000 4.949
30.26000 8.328
30.28000 3.982
30.30000 7.647
30.32000 5.087
30.34000 -3.697
30.36000 -3.281
30.38000 4.777
30.40000 6.909
30.42000 8.050
30.44000 8.167
30.46000 5.202
30.48000 4.231
30.50000 4.722
30.52000 8.092
30.54000 11.930
30.56000 6.827
30.58000 11.164
30.60000 7.523
30.62000 1.557
30.64000 4.323
30.66000 5.448
30.68000 3.747
30.70000 4.119
30.72000 2.686
30.74000 2.367
30.76000 7.403
30.78000 8.593
30.80000 4.636
30.82000 5.400
30.84000 2.547
30.86000 2.457
30.88000 6.966
30.90000 9.900
30.92000 4.274
30.94000 -0.141
30.96000 -0.775
30.98000 -1.529
31.00000 3.045
31.02000 1.368
31.04000 1.149
31.06000 7.218
31.08000 1.501
31.10000 0.813
31.12000 1.452
31.14000 -0.673
31.16000 1.248
31.18000 0.692
31.20000 3.462
31.22000 -1.315
31.24000 -2.877
31.26000 -1.635
31.28000 1.305
31.30000 -1.859
31.32000 -0.611
31.34000 2.707
31.36000 5.054
31.38000 0.368
31.40000 -1.145
31.42000 4.153
31.44000 5.762
31.46000 4.286
31.48000 10.933
31.50000 5.336
31.52000 0.591
31.54000 -2.176
31.56000 -3.112
31.58000 -3.036
31.60000 -1.516
31.62000 4.464
31.64000 4.665
31.66000 1.416
31.68000 0.744
31.70000 2.613
31.72000 0.530
31.74000 3.583
31.76000 -1.057
31.78000 -3.686
31.80000 -0.800
31.82000 3.354
31.84000 1.539
31.86000 0.346
31.88000 0.946
31.90000 6.598
31.92000 0.958
31.94000 -0.106
31.96000 0.971
31.98000 2.107
32.00000 3.731
32.02000 2.017
32.04000 2.491
32.06000 1.861
32.08000 0.865
32.10000 1.698
32.12000 0.887
32.14000 6.097
32.16000 6.052
32.18000 3.116
32.20000 0.716
32.22000 1.012
32.24000 1.594
32.26000 4.555
32.28000 5.279
32.30000 1.621
32.32000 -0.035
32.34000 -1.011
32.36000 2.625
32.38000 0.487
32.40000 0.370
32.42000 4.499
32.44000 1.661
32.46000 3.728
32.48000 2.002
32.50000 1.450
32.52000 5.018
32.54000 6.140
32.56000 7.731
32.58000 0.889
32.60000 2.915
32.62000 2.856
32.64000 1.348
32.66000 1.335
32.68000 1.784
32.70000 4.728
32.72000 8.070
32.74000 7.360
32.76000 5.410
32.78000 3.170
32.80000 0.818
32.82000 4.957
32.84000 1.291
32.86000 -3.633
32.88000 -3.205
32.90000 -3.417
32.92000 -0.050
32.94000 2.033
32.96000 6.016
32.98000 8.535
33.00000 9.179
33.02000 6.960
33.04000 3.209
33.06000 2.833
33.08000 4.319
33.10000 5.633
33.12000 8.184
33.14000 1.993
33.16000 -1.388
33.18000 -1.536
33.20000 0.017
33.22000 5.857
33.24000 4.588
33.26000 4.871
33.28000 6.457
33.30000 3.066
33.32000 2.954
33.34000 2.052
33.36000 5.551
33.38000 5.394
33.40000 3.429
33.42000 6.045
33.44000 2.085
33.46000 4.848
33.48000 3.745
33.50000 5.696
33.52000 2.340
33.54000 6.707
33.56000 1.220
33.58000 -2.941
33.60000 -2.433
33.62000 2.431
33.64000 5.044
33.66000 2.285
33.68000 -1.359
33.70000 3.770
33.72000 3.849
33.74000 0.846
33.76000 0.392
33.78000 4.573
33.80000 3.357
33.82000 1.352
33.84000 0.540
33.86000 2.690
33.88000 3.607
33.90000 5.734
33.92000 2.529
33.94000 0.512
33.96000 7.648
33.98000 4.303
34.00000 1.546
34.02000 4.807
34.04000 5.313
34.06000 8.012
34.08000 14.304
34.10000 8.151
34.12000 3.744
34.14000 3.996
34.16000 -0.250
34.18000 1.667
34.20000 2.402
34.22000 2.638
34.24000 4.593
34.26000 5.866
34.28000 0.892
34.30000 -0.210
34.32000 0.102
34.34000 2.815
34.36000 -0.052
34.38000 -0.717
34.40000 1.843
34.42000 3.807
34.44000 3.191
34.46000 3.961
34.48000 2.720
34.50000 0.510
34.52000 3.295
34.54000 3.547
34.56000 0.801
34.58000 1.743
34.60000 -0.766
34.62000 1.859
34.64000 0.626
34.66000 4.454
34.68000 2.919
34.70000 -0.817
34.72000 0.762
34.74000 2.985
34.76000 0.909
34.78000 5.748
34.80000 2.734
34.82000 -0.288
34.84000 -1.292
34.86000 -0.090
34.88000 1.293
34.90000 3.015
34.92000 2.485
34.94000 1.646
34.96000 -3.047
34.98000 -3.627
35.00000 4.603
35.02000 6.618
35.04000 4.750
35.06000 6.231
35.08000 -2.401
35.10000 -3.099
35.12000 3.224
35.14000 6.712
35.16000 7.418
35.18000 2.024
35.20000 3.791
35.22000 2.831
35.24000 4.528
35.26000 4.665
35.28000 5.296
35.30000 4.913
35.32000 3.543
35.34000 2.547
35.36000 -3.646
35.38000 -1.371
35.40000 4.119
35.42000 8.712
35.44000 4.789
35.46000 3.340
35.48000 2.796
35.50000 2.830
35.52000 -0.074
35.54000 1.253
35.56000 4.013
35.58000 3.891
35.60000 1.804
35.62000 0.376
35.64000 3.151
35.66000 2.368
35.68000 1.155
35.70000 3.795
35.72000 1.528
35.74000 2.940
35.76000 3.629
35.78000 1.532
35.80000 4.615
35.82000 2.477
35.84000 -1.513
35.86000 8.456
35.88000 1.253
35.90000 1.260
35.92000 0.978
35.94000 2.275
35.96000 2.235
35.98000 -2.253
36.00000 -3.681
36.02000 5.076
36.04000 4.773
36.06000 2.448
36.08000 2.350
36.10000 4.729
36.12000 2.437
36.14000 0.934
36.16000 4.923
36.18000 2.177
36.20000 0.205
36.22000 0.140
36.24000 0.887
36.26000 1.011
36.28000 1.025
36.30000 -0.829
36.32000 3.577
36.34000 -0.756
36.36000 0.791
36.38000 1.524
36.40000 3.374
36.42000 0.664
36.44000 2.787
36.46000 1.730
36.48000 2.696
36.50000 -0.136
36.52000 -0.234
36.54000 -1.654
36.56000 6.920
36.58000 8.246
36.60000 7.277
36.62000 2.642
36.64000 -3.700
36.66000 0.882
36.68000 10.895
36.70000 8.612
36.72000 4.232
36.74000 1.934
36.76000 3.111
36.78000 3.036
36.80000 3.664
36.82000 8.198
36.84000 7.269
36.86000 10.345
36.88000 9.490
36.90000 4.210
36.92000 8.809
36.94000 6.322
36.96000 2.331
36.98000 5.604
37.00000 5.420
37.02000 4.209
37.04000 4.470
37.06000 6.964
37.08000 8.037
37.10000 9.083
37.12000 11.444
37.14000 12.001
37.16000 10.050
37.18000 10.083
37.20000 10.404
37.22000 13.329
37.24000 9.990
37.26000 12.680
37.28000 14.127
37.30000 13.369
37.32000 16.781
37.34000 22.037
37.36000 21.161
37.38000 14.862
37.40000 11.652
37.42000 11.399
37.44000 12.090
37.46000 16.441
37.48000 15.902
37.50000 12.276
37.52000 15.372
37.54000 18.875
37.56000 19.258
37.58000 23.032
37.60000 25.822
37.62000 24.859
37.64000 23.988
37.66000 22.522
37.68000 23.885
37.70000 29.212
37.72000 28.656
37.74000 25.647
37.76000 27.556
37.78000 29.818
37.80000 30.854
37.82000 31.651
37.84000 33.171
37.86000 31.500
37.88000 33.187
37.90000 29.835
37.92000 33.989
37.94000 38.203
37.96000 41.581
37.98000 38.996
38.00000 39.773
38.02000 42.611
38.04000 47.991
38.06000 49.258
38.08000 48.069
38.10000 49.205
38.12000 53.981
38.14000 56.804
38.16000 54.224
38.18000 49.647
38.20000 52.888
38.22000 57.812
38.24000 62.504
38.26000 64.100
38.28000 64.931
38.30000 67.048
38.32000 69.470
38.34000 76.537
38.36000 76.364
38.38000 79.057
38.40000 78.221
38.42000 79.909
38.44000 85.942
38.46000 97.197
38.48000 105.254
38.50000 111.245
38.52000 115.301
38.54000 118.293
38.56000 126.576
38.58000 130.976
38.60000 141.325
38.62000 150.592
38.64000 158.123
38.66000 159.621
38.68000 167.139
38.70000 181.835
38.72000 193.575
38.74000 207.127
38.76000 218.133
38.78000 227.766
38.80000 235.427
38.82000 244.704
38.84000 255.169
38.86000 268.764
38.88000 280.763
38.90000 294.633
38.92000 303.533
38.94000 317.476
38.96000 324.088
38.98000 331.059
39.00000 338.743
39.02000 349.810
39.04000 354.316
39.06000 360.361
39.08000 363.307
39.10000 354.744
39.12000 353.913
39.14000 346.332
39.16000 344.709
39.18000 334.338
39.20000 329.053
39.22000 325.471
39.24000 312.053
39.26000 300.170
39.28000 288.353
39.30000 275.094
39.32000 264.214
39.34000 255.243
39.36000 243.118
39.38000 236.462
39.40000 222.286
39.42000 209.858
39.44000 199.835
39.46000 182.035
39.48000 177.021
39.50000 165.227
39.52000 149.897
39.54000 142.913
39.56000 131.304
39.58000 120.038
39.60000 121.794
39.62000 112.231
39.64000 99.107
39.66000 100.726
39.68000 96.197
39.70000 87.483
39.72000 81.056
39.74000 78.150
39.76000 75.759
39.78000 69.391
39.80000 70.260
39.82000 65.730
39.84000 62.080
39.86000 59.248
39.88000 55.156
39.90000 54.411
39.92000 53.194
39.94000 46.147
39.96000 42.120
39.98000 43.636
40.00000 41.103
40.02000 38.419
40.04000 35.404
40.06000 36.650
40.08000 35.678
40.10000 34.532
40.12000 31.096
40.14000 29.096
40.16000 28.744
40.18000 23.847
40.20000 25.775
40.22000 24.289
40.24000 24.344
40.26000 24.625
40.28000 22.779
40.30000 21.813
40.32000 19.917
40.34000 19.292
40.36000 19.302
40.38000 18.571
40.40000 18.252
40.42000 17.607
40.44000 22.593
40.46000 17.609
40.48000 16.831
40.50000 14.964
40.52000 14.756
40.54000 14.057
40.56000 15.725
40.58000 15.339
40.60000 12.836
40.62000 12.691
40.64000 8.887
40.66000 8.894
40.68000 8.651
40.70000 6.198
40.72000 8.398
40.74000 14.097
40.76000 13.706
40.78000 13.244
40.80000 10.742
40.82000 12.093
40.84000 12.351
40.86000 9.356
40.88000 9.562
40.90000 11.110
40.92000 8.900
40.94000 5.937
40.96000 4.185
40.98000 5.337
41.00000 8.877
41.02000 4.399
41.04000 4.047
41.06000 2.348
41.08000 5.762
41.10000 5.001
41.12000 1.098
41.14000 3.053
41.16000 6.087
41.18000 4.500
41.20000 4.420
41.22000 4.211
41.24000 3.222
41.26000 6.123
41.28000 2.458
41.30000 5.373
41.32000 6.124
41.34000 2.669
41.36000 1.499
41.38000 -0.940
41.40000 2.889
41.42000 1.944
41.44000 2.349
41.46000 1.346
41.48000 4.739
41.50000 3.755
41.52000 2.062
41.54000 2.777
41.56000 1.116
41.58000 1.076
41.60000 2.561
41.62000 3.031
41.64000 -0.262
41.66000 3.743
41.68000 3.708
41.70000 2.921
41.72000 -1.136
41.74000 3.370
41.76000 0.284
41.78000 -0.633
41.80000 0.447
41.82000 3.299
41.84000 5.816
41.86000 6.401
41.88000 1.900
41.90000 2.633
41.92000 -0.739
41.94000 1.648
41.96000 -3.395
41.98000 -2.273
42.00000 -1.203
42.02000 1.399
42.04000 1.403
42.06000 -0.375
42.08000 -1.231
42.10000 0.950
42.12000 2.903
42.14000 3.361
42.16000 3.418
42.18000 2.150
42.20000 1.907
42.22000 3.036
42.24000 4.124
42.26000 4.086
42.28000 4.886
42.30000 4.262
42.32000 3.961
42.34000 5.811
42.36000 4.260
42.38000 1.072
42.40000 2.545
42.42000 0.772
42.44000 2.248
42.46000 0.959
42.48000 2.205
42.50000 1.512
42.52000 0.958
42.54000 -2.727
42.56000 2.932
42.58000 -0.282
42.60000 -1.036
42.62000 0.611
42.64000 3.784
42.66000 5.415
42.68000 3.329
42.70000 0.651
42.72000 1.243
42.74000 -0.881
42.76000 1.001
42.78000 2.674
42.80000 2.904
42.82000 0.356
42.84000 6.171
42.86000 5.853
42.88000 2.767
42.90000 0.550
42.92000 0.852
42.94000 -0.127
42.96000 -0.759
42.98000 2.517
43.00000 -0.381
43.02000 0.161
43.04000 -2.915
43.06000 -3.292
43.08000 -0.774
43.10000 1.317
43.12000 0.389
43.14000 1.540
43.16000 1.208
43.18000 -1.501
43.20000 -0.201
43.22000 -2.017
43.24000 0.123
43.26000 3.344
43.28000 1.509
43.30000 1.942
43.32000 1.579
43.34000 -0.761
43.36000 -3.004
43.38000 0.647
43.40000 -0.621
43.42000 1.370
43.44000 1.846
43.46000 1.897
43.48000 -2.433
43.50000 -1.524
43.52000 1.809
43.54000 2.827
43.56000 2.827
43.58000 0.660
43.60000 0.393
43.62000 -2.574
43.64000 -3.241
43.66000 -0.132
43.68000 2.374
43.70000 2.492
43.72000 1.346
43.74000 1.695
43.76000 2.470
43.78000 -0.189
43.80000 3.767
43.82000 5.023
43.84000 3.417
43.86000 0.234
43.88000 1.934
43.90000 1.234
43.92000 0.947
43.94000 1.910
43.96000 1.744
43.98000 0.522
44.00000 0.088
44.02000 -2.734
44.04000 -0.048
44.06000 3.532
44.08000 6.022
44.10000 2.355
44.12000 2.759
44.14000 0.996
44.16000 3.255
44.18000 3.988
44.20000 -0.063
44.22000 0.854
44.24000 8.020
44.26000 6.228
44.28000 7.393
44.30000 9.871
44.32000 10.255
44.34000 5.380
44.36000 4.264
44.38000 3.814
44.40000 5.955
44.42000 7.449
44.44000 10.329
44.46000 9.985
44.48000 11.004
44.50000 15.761
44.52000 14.560
44.54000 10.527
44.56000 10.376
44.58000 10.077
44.60000 9.434
44.62000 10.884
44.64000 15.904
44.66000 16.533
44.68000 14.639
44.70000 16.762
44.72000 15.790
44.74000 14.228
44.76000 16.474
44.78000 15.185
44.80000 16.465
44.82000 20.723
44.84000 26.563
44.86000 26.216
44.88000 23.154
44.90000 23.889
44.92000 27.094
44.94000 27.500
44.96000 28.974
44.98000 31.118
45.00000 34.937
45.02000 36.530
45.04000 39.431
45.06000 42.322
45.08000 41.126
45.10000 44.515
45.12000 48.169
45.14000 46.249
45.16000 51.011
45.18000 58.881
45.20000 56.042
45.22000 58.214
45.24000 61.338
45.26000 67.099
45.28000 70.409
45.30000 64.078
45.32000 70.735
45.34000 75.853
45.36000 77.293
45.38000 82.239
45.40000 90.234
45.42000 92.212
45.44000 90.623
45.46000 87.411
45.48000 85.256
45.50000 93.257
45.52000 96.125
45.54000 103.582
45.56000 100.237
45.58000 99.214
45.60000 102.256
45.62000 104.143
45.64000 103.813
45.66000 105.385
45.68000 98.780
45.70000 92.349
45.72000 93.078
45.74000 97.375
45.76000 98.197
45.78000 95.345
45.80000 97.280
45.82000 91.367
45.84000 84.981
45.86000 80.761
45.88000 81.189
45.90000 79.300
45.92000 76.372
45.94000 73.902
45.96000 68.777
45.98000 66.015
46.00000 66.303
46.02000 66.411
46.04000 58.731
46.06000 57.793
46.08000 53.667
46.10000 52.908
46.12000 48.793
46.14000 51.000
46.16000 47.773
46.18000 38.574
46.20000 38.742
46.22000 38.009
46.24000 35.674
46.26000 33.808
46.28000 27.205
46.30000 23.332
46.32000 22.290
46.34000 25.828
46.36000 26.598
46.38000 21.140
46.40000 14.735
46.42000 17.960
46.44000 21.590
46.46000 19.000
46.48000 15.319
46.50000 13.008
46.52000 7.072
46.54000 8.977
46.56000 8.920
46.58000 6.820
46.60000 6.563
46.62000 7.932
46.64000 6.893
46.66000 3.270
46.68000 6.822
46.70000 10.078
46.72000 4.021
46.74000 2.141
46.76000 4.253
46.78000 5.242
46.80000 7.292
46.82000 4.439
46.84000 0.362
46.86000 6.582
46.88000 0.737
46.90000 0.782
46.92000 2.387
46.94000 1.211
46.96000 1.901
46.98000 2.288
47.00000 0.992
47.02000 4.713
47.04000 2.115
47.06000 1.676
47.08000 2.711
47.10000 5.157
47.12000 2.339
47.14000 1.295
47.16000 0.305
47.18000 1.476
47.20000 -0.553
47.22000 -0.846
47.24000 1.364
47.26000 0.667
47.28000 -1.390
47.30000 -2.824
47.32000 0.563
47.34000 1.377
47.36000 1.668
47.38000 1.108
47.40000 2.568
47.42000 3.841
47.44000 5.654
47.46000 7.058
47.48000 2.326
47.50000 0.078
47.52000 -1.811
47.54000 -0.834
47.56000 1.493
47.58000 0.329
47.60000 -2.327
47.62000 1.930
47.64000 0.628
47.66000 0.087
47.68000 -1.130
47.70000 -2.779
47.72000 1.320
47.74000 3.463
47.76000 3.240
47.78000 3.809
47.80000 7.533
47.82000 1.738
47.84000 2.938
47.86000 3.421
47.88000 3.467
47.90000 3.467
47.92000 4.610
47.94000 6.955
47.96000 6.039
47.98000 4.240
48.00000 4.177
48.02000 7.047
48.04000 4.939
48.06000 3.144
48.08000 1.130
48.10000 2.306
48.12000 5.135
48.14000 2.563
48.16000 3.589
48.18000 5.737
48.20000 2.724
48.22000 0.803
48.24000 2.342
48.26000 4.363
48.28000 0.279
48.30000 -1.325
48.32000 3.193
48.34000 4.145
48.36000 3.423
48.38000 2.122
48.40000 -2.703
48.42000 -1.882
48.44000 -0.167
48.46000 0.301
48.48000 1.912
48.50000 3.428
48.52000 2.057
48.54000 1.724
48.56000 -0.399
48.58000 1.187
48.60000 -0.313
48.62000 2.686
48.64000 2.605
48.66000 3.629
48.68000 4.142
48.70000 8.035
48.72000 5.735
48.74000 1.254
48.76000 -2.409
48.78000 2.589
48.80000 7.331
48.82000 4.360
48.84000 2.575
48.86000 5.171
48.88000 7.813
48.90000 8.319
48.92000 7.969
48.94000 1.699
48.96000 3.641
48.98000 4.290
49.00000 3.407
49.02000 3.750
49.04000 3.149
49.06000 7.030
49.08000 4.096
49.10000 3.019
49.12000 4.600
49.14000 2.801
49.16000 3.181
49.18000 4.178
49.20000 3.869
49.22000 3.357
49.24000 2.604
49.26000 1.959
49.28000 1.399
49.30000 3.963
49.32000 4.486
49.34000 4.644
49.36000 9.252
49.38000 3.274
49.40000 3.473
49.42000 7.426
49.44000 6.438
49.46000 5.246
49.48000 2.779
49.50000 2.437
49.52000 2.979
49.54000 7.446
49.56000 4.943
49.58000 5.894
49.60000 3.706
49.62000 3.103
49.64000 6.318
49.66000 6.328
49.68000 6.446
49.70000 6.811
49.72000 8.271
49.74000 9.787
49.76000 8.118
49.78000 8.782
49.80000 4.859
49.82000 3.410
49.84000 1.003
49.86000 -2.566
49.88000 3.869
49.90000 4.524
49.92000 4.587
49.94000 7.705
49.96000 10.261
49.98000 8.051
50.00000 3.164
50.02000 4.297
50.04000 7.349
50.06000 7.685
50.08000 6.271
50.10000 4.525
50.12000 3.679
50.14000 4.378
50.16000 5.420
50.18000 4.194
50.20000 4.089
50.22000 2.447
50.24000 8.987
50.26000 6.232
50.28000 2.507
50.30000 1.230
50.32000 0.732
50.34000 4.364
50.36000 7.714
50.38000 8.367
50.40000 2.621
50.42000 2.688
50.44000 3.080
50.46000 4.210
50.48000 3.844
50.50000 0.685
50.52000 2.521
50.54000 6.601
50.56000 2.195
50.58000 4.592
50.60000 2.968
50.62000 1.972
50.64000 5.474
50.66000 4.233
50.68000 2.303
50.70000 5.140
50.72000 9.065
50.74000 9.121
50.76000 5.910
50.78000 5.271
50.80000 4.239
50.82000 5.529
50.84000 4.383
50.86000 0.395
50.88000 2.955
50.90000 5.829
50.92000 6.395
50.94000 4.475
50.96000 7.590
50.98000 5.139
51.00000 2.786
51.02000 0.658
51.04000 -0.256
51.06000 0.535
51.08000 -2.566
51.10000 1.125
51.12000 0.976
51.14000 -0.301
51.16000 1.189
51.18000 4.072
51.20000 2.181
51.22000 3.393
51.24000 10.267
51.26000 8.061
51.28000 5.907
51.30000 7.054
51.32000 4.019
51.34000 4.080
51.36000 0.647
51.38000 3.723
51.40000 2.608
51.42000 1.777
51.44000 2.604
51.46000 3.163
51.48000 2.756
51.50000 4.323
51.52000 2.521
51.54000 5.491
51.56000 4.318
51.58000 2.145
51.60000 0.688
51.62000 3.745
51.64000 5.710
51.66000 4.332
51.68000 1.399
51.70000 0.648
51.72000 5.343
51.74000 4.907
51.76000 5.179
51.78000 6.886
51.80000 9.308
51.82000 2.567
51.84000 -0.245
51.86000 4.489
51.88000 4.090
51.90000 3.167
51.92000 -2.579
51.94000 -0.834
51.96000 1.709
51.98000 2.387
52.00000 3.212
52.02000 2.914
52.04000 4.640
52.06000 2.813
52.08000 1.568
52.10000 0.367
52.12000 -1.260
52.14000 0.586
52.16000 0.903
52.18000 4.120
52.20000 0.892
52.22000 3.183
52.24000 4.062
52.26000 0.735
52.28000 2.278
52.30000 -1.928
52.32000 1.099
52.34000 2.360
52.36000 1.396
52.38000 3.603
52.40000 5.227
52.42000 1.946
52.44000 1.466
52.46000 2.550
52.48000 1.014
52.50000 -1.874
52.52000 -2.546
52.54000 0.121
52.56000 5.976
52.58000 1.795
52.60000 -0.201
52.62000 0.413
52.64000 1.232
52.66000 6.662
52.68000 1.594
52.70000 0.453
52.72000 1.400
52.74000 1.084
52.76000 1.499
52.78000 0.314
52.80000 -1.085
52.82000 1.851
52.84000 2.765
52.86000 3.684
52.88000 1.514
52.90000 1.484
52.92000 0.206
52.94000 2.109
52.96000 6.274
52.98000 6.041
53.00000 1.326
53.02000 0.897
53.04000 0.264
53.06000 -2.549
53.08000 0.187
53.10000 2.811
53.12000 4.971
53.14000 2.000
53.16000 0.192
53.18000 0.578
53.20000 2.687
53.22000 1.213
53.24000 1.285
53.26000 0.335
53.28000 1.398
53.30000 3.895
53.32000 4.251
53.34000 0.653
53.36000 2.827
53.38000 6.547
53.40000 3.096
53.42000 0.622
53.44000 -1.351
53.46000 -0.722
53.48000 -0.678
53.50000 2.661
53.52000 -1.664
53.54000 -0.452
53.56000 2.125
53.58000 1.077
53.60000 -2.309
53.62000 -2.549
53.64000 1.334
53.66000 6.936
53.68000 2.019
53.70000 2.865
53.72000 1.944
53.74000 -0.853
53.76000 1.611
53.78000 -0.074
53.80000 2.261
53.82000 1.564
53.84000 2.924
53.86000 5.492
53.88000 2.483
53.90000 -0.645
53.92000 -1.536
53.94000 -2.154
53.96000 4.307
53.98000 3.387
54.00000 -1.815
54.02000 -2.538
54.04000 -1.772
54.06000 -0.525
54.08000 1.776
54.10000 1.345
54.12000 2.369
54.14000 3.256
54.16000 1.248
54.18000 -0.646
54.20000 0.595
54.22000 6.059
54.24000 6.607
54.26000 1.655
54.28000 -2.534
54.30000 1.620
54.32000 2.994
54.34000 2.494
54.36000 1.854
54.38000 5.194
54.40000 6.031
54.42000 0.732
54.44000 1.209
54.46000 2.957
54.48000 1.647
54.50000 3.814
54.52000 3.050
54.54000 3.076
54.56000 3.653
54.58000 -0.445
54.60000 0.015
54.62000 0.143
54.64000 1.077
54.66000 -0.630
54.68000 0.364
54.70000 1.348
54.72000 1.228
54.74000 1.462
54.76000 1.959
54.78000 1.681
54.80000 4.036
54.82000 1.460
54.84000 4.860
54.86000 -1.181
54.88000 1.664
54.90000 5.419
54.92000 2.632
54.94000 -0.887
54.96000 -2.512
54.98000 0.171
55.00000 -1.315
55.02000 0.407
55.04000 2.029
55.06000 1.117
55.08000 4.194
55.10000 4.681
55.12000 1.793
55.14000 0.125
55.16000 0.171
55.18000 -0.774
55.20000 -0.068
55.22000 1.878
55.24000 0.006
55.26000 -2.370
55.28000 1.357
55.30000 1.015
55.32000 2.996
55.34000 4.169
55.36000 -0.878
55.38000 0.403
55.40000 4.617
55.42000 2.104
55.44000 1.688
55.46000 3.839
55.48000 5.188
55.50000 4.372
55.52000 1.329
55.54000 -0.102
55.56000 0.688
55.58000 3.532
55.60000 2.182
55.62000 -0.745
55.64000 0.173
55.66000 -1.353
55.68000 1.815
55.70000 2.164
55.72000 1.015
55.74000 -0.818
55.76000 0.916
55.78000 0.955
55.80000 0.883
55.82000 -0.778
55.84000 3.184
55.86000 0.616
55.88000 1.257
55.90000 2.761
55.92000 0.313
55.94000 1.880
55.96000 1.543
55.98000 1.111
56.00000 2.371
56.02000 0.254
56.04000 -1.196
56.06000 0.409
56.08000 -0.377
56.10000 2.834
56.12000 -0.619
56.14000 2.233
56.16000 2.301
56.18000 -2.491
56.20000 0.829
56.22000 3.278
56.24000 4.238
56.26000 4.464
56.28000 3.122
56.30000 -0.688
56.32000 0.173
56.34000 -0.082
56.36000 0.143
56.38000 -0.290
56.40000 2.838
56.42000 1.822
56.44000 1.879
56.46000 3.383
56.48000 4.166
56.50000 2.434
56.52000 -1.957
56.54000 -0.824
56.56000 0.109
56.58000 -0.503
56.60000 -2.164
56.62000 0.751
56.64000 4.515
56.66000 5.673
56.68000 4.646
56.70000 5.387
56.72000 4.451
56.74000 2.942
56.76000 3.133
56.78000 1.541
56.80000 4.775
56.82000 4.853
56.84000 2.231
56.86000 2.037
56.88000 3.535
56.90000 5.029
56.92000 4.161
56.94000 3.612
56.96000 4.365
56.98000 2.599
57.00000 2.680
57.02000 1.347
57.04000 4.247
57.06000 1.733
57.08000 2.524
57.10000 -2.433
57.12000 -0.285
57.14000 8.797
57.16000 6.664
57.18000 2.619
57.20000 -1.923
57.22000 -0.194
57.24000 1.433
57.26000 -2.423
57.28000 1.008
57.30000 4.489
57.32000 3.740
57.34000 4.090
57.36000 3.242
57.38000 3.133
57.40000 2.291
57.42000 3.182
57.44000 3.506
57.46000 0.454
57.48000 -0.768
57.50000 4.169
57.52000 2.538
57.54000 2.402
57.56000 2.660
57.58000 0.783
57.60000 1.221
57.62000 4.362
57.64000 6.120
57.66000 5.888
57.68000 2.254
57.70000 1.407
57.72000 -0.414
57.74000 2.824
57.76000 2.322
57.78000 2.127
57.80000 1.619
57.82000 1.838
57.84000 1.966
57.86000 2.808
57.88000 2.588
57.90000 1.815
57.92000 0.391
57.94000 1.456
57.96000 2.997
57.98000 3.718
58.00000 4.426
58.02000 3.118
58.04000 -1.610
58.06000 2.296
58.08000 2.668
58.10000 3.043
58.12000 3.636
58.14000 0.958
58.16000 0.274
58.18000 3.456
58.20000 0.898
58.22000 -1.215
58.24000 -2.415
58.26000 -0.576
58.28000 2.395
58.30000 3.107
58.32000 1.536
58.34000 0.438
58.36000 -0.043
58.38000 2.302
58.40000 4.856
58.42000 3.717
58.44000 2.492
58.46000 1.974
58.48000 5.389
58.50000 6.475
58.52000 2.615
58.54000 2.458
58.56000 2.999
58.58000 2.243
58.60000 1.540
58.62000 0.607
58.64000 0.867
58.66000 5.879
58.68000 7.280
58.70000 8.519
58.72000 1.280
58.74000 0.703
58.76000 3.954
58.78000 4.713
58.80000 5.049
58.82000 6.097
58.84000 4.256
58.86000 4.406
58.88000 4.832
58.90000 1.286
58.92000 5.160
58.94000 9.948
58.96000 6.444
58.98000 3.734
59.00000 1.508
59.02000 4.520
59.04000 9.347
59.06000 4.802
59.08000 2.533
59.10000 5.715
59.12000 6.009
59.14000 8.213
59.16000 7.034
59.18000 2.232
59.20000 -2.343
59.22000 2.285
59.24000 4.310
59.26000 5.446
59.28000 5.941
59.30000 2.820
59.32000 1.085
59.34000 1.454
59.36000 6.053
59.38000 7.485
59.40000 0.612
59.42000 1.907
59.44000 4.311
59.46000 2.539
59.48000 1.949
59.50000 2.573
59.52000 4.278
59.54000 5.731
59.56000 2.551
59.58000 -0.120
59.60000 3.014
59.62000 2.036
59.64000 -1.795
59.66000 0.402
59.68000 4.284
59.70000 6.199
59.72000 2.993
59.74000 2.295
59.76000 2.081
59.78000 0.079
59.80000 2.628
59.82000 1.080
59.84000 2.362
59.86000 3.657
59.88000 4.455
59.90000 4.591
59.92000 3.286
59.94000 3.323
59.96000 4.770
59.98000 1.592
60.00000 0.273
60.02000 -0.006
60.04000 1.131
60.06000 4.826
60.08000 -0.030
60.10000 -2.084
60.12000 -0.307
60.14000 1.180
60.16000 1.120
60.18000 -0.734
60.20000 -0.639
60.22000 0.951
60.24000 0.502
60.26000 1.140
60.28000 1.362
60.30000 3.104
60.32000 -1.246
60.34000 0.182
60.36000 0.747
60.38000 1.481
60.40000 2.981
60.42000 3.883
60.44000 0.249
60.46000 -0.105
60.48000 -1.511
60.50000 0.832
60.52000 2.203
60.54000 0.757
60.56000 -2.353
60.58000 -0.231
60.60000 2.187
60.62000 5.499
60.64000 2.145
60.66000 0.810
60.68000 0.320
60.70000 0.310
60.72000 0.916
60.74000 -0.840
60.76000 -1.446
60.78000 -0.299
60.80000 0.526
60.82000 0.972
60.84000 2.226
60.86000 3.300
60.88000 -2.340
60.90000 -1.141
60.92000 -0.691
60.94000 -0.201
60.96000 4.444
60.98000 2.533
61.00000 -1.190
61.02000 1.143
61.04000 2.155
61.06000 1.735
61.08000 3.745
61.10000 2.467
61.12000 0.956
61.14000 0.249
61.16000 0.000
61.18000 -1.507
61.20000 -0.543
61.22000 1.733
61.24000 3.120
61.26000 4.617
61.28000 2.236
61.30000 1.239
61.32000 3.317
61.34000 4.704
61.36000 2.747
61.38000 2.998
61.40000 0.106
61.42000 0.595
61.44000 0.629
61.46000 -1.786
61.48000 0.539
61.50000 1.780
61.52000 1.935
61.54000 1.693
61.56000 3.215
61.58000 -1.017
61.60000 -0.063
61.62000 1.142
61.64000 1.827
61.66000 -0.238
61.68000 -0.672
61.70000 2.503
61.72000 0.310
61.74000 -0.574
61.76000 2.426
61.78000 2.932
61.80000 3.083
61.82000 0.884
61.84000 4.233
61.86000 4.038
61.88000 4.995
61.90000 5.375
61.92000 4.979
61.94000 3.848
61.96000 1.764
61.98000 -1.690
62.00000 -0.650
62.02000 1.157
62.04000 -1.808
62.06000 -2.274
62.08000 0.135
62.10000 2.353
62.12000 3.568
62.14000 0.911
62.16000 0.404
62.18000 4.730
62.20000 8.060
62.22000 3.731
62.24000 2.079
62.26000 -0.943
62.28000 4.589
62.30000 0.131
62.32000 1.183
62.34000 2.718
62.36000 3.272
62.38000 4.302
62.40000 2.548
62.42000 -0.477
62.44000 -1.221
62.46000 0.015
62.48000 3.017
62.50000 0.677
62.52000 0.244
62.54000 1.002
62.56000 -0.628
62.58000 -0.306
62.60000 1.859
62.62000 4.867
62.64000 1.250
62.66000 0.134
62.68000 -0.356
62.70000 -0.172
62.72000 2.385
62.74000 0.547
62.76000 0.201
62.78000 -1.448
62.80000 -1.534
62.82000 -1.315
62.84000 -1.667
62.86000 -2.297
62.88000 -0.764
62.90000 -2.154
62.92000 2.732
62.94000 3.032
62.96000 -2.010
62.98000 -0.468
63.00000 -1.511
63.02000 -1.736
63.04000 -0.361
63.06000 0.834
63.08000 -0.267
63.10000 -0.148
63.12000 1.723
63.14000 1.619
63.16000 3.901
63.18000 2.397
63.20000 3.934
63.22000 0.930
63.24000 -0.347
63.26000 0.298
63.28000 0.637
63.30000 0.952
63.32000 1.211
63.34000 -0.108
63.36000 -0.592
63.38000 2.386
63.40000 0.979
63.42000 -1.520
63.44000 -0.840
63.46000 2.661
63.48000 1.133
63.50000 0.909
63.52000 2.197
63.54000 2.731
63.56000 4.272
63.58000 1.014
63.60000 2.101
63.62000 1.764
63.64000 2.541
63.66000 0.953
63.68000 0.647
63.70000 3.888
63.72000 2.122
63.74000 -2.235
63.76000 -2.286
63.78000 0.077
63.80000 -0.900
63.82000 -1.195
63.84000 1.006
63.86000 1.149
63.88000 1.533
63.90000 -0.242
63.92000 0.303
63.94000 -1.670
63.96000 -0.315
63.98000 0.955
64.00000 -0.575
64.02000 1.078
64.04000 1.614
64.06000 2.705
64.08000 2.091
64.10000 0.064
64.12000 3.857
64.14000 2.879
64.16000 3.337
64.18000 4.124
64.20000 3.203
64.22000 4.486
64.24000 4.751
64.26000 6.016
64.28000 6.003
64.30000 1.371
64.32000 0.482
64.34000 0.072
64.36000 -2.268
64.38000 1.937
64.40000 1.576
64.42000 -0.767
64.44000 0.756
64.46000 2.763
64.48000 3.645
64.50000 3.148
64.52000 0.413
64.54000 4.053
64.56000 1.592
64.58000 -2.274
64.60000 0.558
64.62000 -0.475
64.64000 -1.641
64.66000 2.245
64.68000 2.230
64.70000 0.756
64.72000 2.689
64.74000 2.096
64.76000 2.425
64.78000 -0.176
64.80000 -0.887
64.82000 -0.797
64.84000 -0.323
64.86000 1.031
64.88000 3.406
64.90000 2.147
64.92000 0.269
64.94000 -0.283
64.96000 -2.291
64.98000 -1.195
65.00000 -1.371
65.02000 1.310
65.04000 1.272
65.06000 0.158
65.08000 -1.269
65.10000 -0.858
65.12000 2.389
65.14000 0.417
65.16000 -1.000
65.18000 2.053
65.20000 1.395
65.22000 2.191
65.24000 1.068
65.26000 1.740
65.28000 2.789
65.30000 -0.364
65.32000 -0.211
65.34000 -0.414
65.36000 -1.321
65.38000 3.270
65.40000 3.275
65.42000 3.247
65.44000 3.312
65.46000 5.068
65.48000 3.313
65.50000 3.805
65.52000 3.255
65.54000 0.697
65.56000 4.301
65.58000 1.621
65.60000 0.075
65.62000 -0.750
65.64000 1.892
65.66000 1.413
65.68000 1.905
65.70000 1.960
65.72000 -2.312
65.74000 -1.901
65.76000 -0.681
65.78000 1.117
65.80000 2.871
65.82000 2.543
65.84000 2.387
65.86000 2.272
65.88000 4.330
65.90000 1.132
65.92000 2.217
65.94000 2.359
65.96000 4.984
65.98000 4.097
66.00000 2.983
66.02000 3.667
66.04000 7.146
66.06000 5.006
66.08000 5.629
66.10000 5.895
66.12000 4.669
66.14000 5.877
66.16000 8.645
66.18000 9.528
66.20000 5.822
66.22000 4.615
66.24000 5.209
66.26000 6.366
66.28000 6.917
66.30000 5.506
66.32000 5.795
66.34000 7.471
66.36000 6.926
66.38000 8.379
66.40000 11.160
66.42000 10.232
66.44000 5.572
66.46000 6.928
66.48000 7.235
66.50000 6.833
66.52000 8.502
66.54000 7.876
66.56000 10.530
66.58000 9.378
66.60000 6.117
66.62000 5.065
66.64000 6.247
66.66000 5.620
66.68000 4.670
66.70000 5.848
66.72000 4.085
66.74000 5.739
66.76000 4.054
66.78000 3.074
66.80000 3.911
66.82000 5.969
66.84000 2.183
66.86000 1.871
66.88000 1.701
66.90000 2.140
66.92000 1.494
66.94000 0.817
66.96000 0.063
66.98000 3.291
67.00000 5.841
67.02000 4.871
67.04000 3.797
67.06000 1.973
67.08000 3.356
67.10000 3.763
67.12000 0.170
67.14000 -0.820
67.16000 2.464
67.18000 0.728
67.20000 -0.415
67.22000 -1.666
67.24000 0.927
67.26000 0.518
67.28000 0.008
67.30000 0.332
67.32000 2.559
67.34000 0.980
67.36000 -0.411
67.38000 -0.274
67.40000 -0.378
67.42000 1.160
67.44000 1.914
67.46000 0.816
67.48000 -0.150
67.50000 -2.221
67.52000 -1.012
67.54000 -0.655
67.56000 1.010
67.58000 2.990
67.60000 2.830
67.62000 1.709
67.64000 0.461
67.66000 0.637
67.68000 -0.552
67.70000 1.725
67.72000 -0.021
67.74000 -0.258
67.76000 -1.104
67.78000 -0.077
67.80000 1.269
67.82000 0.923
67.84000 -0.609
67.86000 -1.588
67.88000 1.272
67.90000 2.586
67.92000 3.689
67.94000 1.694
67.96000 1.374
67.98000 0.760
68.00000 -1.741
68.02000 0.082
68.04000 2.193
68.06000 1.756
68.08000 0.563
68.10000 3.641
68.12000 4.571
68.14000 2.371
68.16000 1.267
68.18000 -0.102
68.20000 1.299
68.22000 -0.033
68.24000 -0.450
68.26000 0.665
68.28000 0.704
68.30000 1.325
68.32000 0.745
68.34000 -1.598
68.36000 -0.748
68.38000 -2.161
68.40000 -1.376
68.42000 0.196
68.44000 1.354
68.46000 2.928
68.48000 2.816
68.50000 3.400
68.52000 5.584
68.54000 2.141
68.56000 0.516
68.58000 0.908
68.60000 1.561
68.62000 3.642
68.64000 3.824
68.66000 3.981
68.68000 1.764
68.70000 0.704
68.72000 0.135
68.74000 0.513
68.76000 -0.982
68.78000 -0.554
68.80000 -1.062
68.82000 0.675
68.84000 2.001
68.86000 1.086
68.88000 -0.150
68.90000 3.423
68.92000 3.923
68.94000 3.694
68.96000 2.045
68.98000 2.835
69.00000 1.858
69.02000 1.658
69.04000 -0.165
69.06000 0.941
69.08000 0.952
69.10000 -0.352
69.12000 1.564
69.14000 0.060
69.16000 -1.219
69.18000 -0.461
69.20000 3.375
69.22000 3.238
69.24000 3.696
69.26000 1.721
69.28000 -2.110
69.30000 -1.270
69.32000 0.581
69.34000 3.218
69.36000 4.555
69.38000 4.523
69.40000 2.833
69.42000 1.126
69.44000 2.040
69.46000 0.078
69.48000 -0.434
69.50000 0.200
69.52000 0.208
69.54000 2.961
69.56000 1.733
69.58000 -2.105
69.60000 -1.205
69.62000 1.247
69.64000 1.949
69.66000 -0.256
69.68000 0.147
69.70000 0.540
69.72000 1.986
69.74000 0.965
69.76000 1.118
69.78000 3.159
69.80000 2.321
69.82000 2.781
69.84000 -0.137
69.86000 1.347
69.88000 1.951
69.90000 1.789
69.92000 1.189
69.94000 0.239
69.96000 1.625
69.98000 -0.148
70.00000 0.774
70.02000 1.550
70.04000 3.260
70.06000 2.788
70.08000 1.094
70.10000 -0.473
70.12000 1.248
70.14000 1.213
70.16000 2.235
70.18000 4.317
70.20000 3.091
70.22000 2.916
70.24000 1.151
70.26000 2.076
70.28000 1.178
70.30000 0.627
70.32000 1.312
70.34000 1.632
70.36000 2.239
70.38000 4.983
70.40000 3.794
70.42000 1.336
70.44000 2.455
70.46000 0.234
70.48000 2.798
70.50000 1.238
70.52000 0.831
70.54000 0.370
70.56000 0.384
70.58000 2.259
70.60000 1.414
70.62000 2.218
70.64000 2.298
70.66000 0.524
70.68000 2.334
70.70000 6.527
70.72000 4.496
70.74000 1.426
70.76000 2.410
70.78000 4.946
70.80000 4.547
70.82000 5.090
70.84000 2.667
70.86000 6.551
70.88000 5.516
70.90000 4.310
70.92000 5.457
70.94000 5.002
70.96000 1.256
70.98000 1.448
71.00000 2.964
71.02000 3.525
71.04000 5.822
71.06000 0.526
71.08000 -2.003
71.10000 0.970
71.12000 3.685
71.14000 3.168
71.16000 4.538
71.18000 3.730
71.20000 2.242
71.22000 0.753
71.24000 2.714
71.26000 3.168
71.28000 6.311
71.30000 5.752
71.32000 3.568
71.34000 2.654
71.36000 0.506
71.38000 1.977
71.40000 2.655
71.42000 4.591
71.44000 3.036
71.46000 2.427
71.48000 3.582
71.50000 6.160
71.52000 6.444
71.54000 2.984
71.56000 1.601
71.58000 2.062
71.60000 1.798
71.62000 3.109
71.64000 1.744
71.66000 -2.000
71.68000 1.604
71.70000 3.160
71.72000 3.405
71.74000 0.553
71.76000 2.810
71.78000 4.030
71.80000 1.846
71.82000 2.221
71.84000 5.575
71.86000 3.470
71.88000 -0.892
71.90000 2.086
71.92000 1.373
71.94000 1.849
71.96000 -0.422
71.98000 0.071
72.00000 1.875
72.02000 1.538
72.04000 1.991
72.06000 4.910
72.08000 4.168
72.10000 -0.576
72.12000 2.321
72.14000 4.683
72.16000 4.052
72.18000 3.104
72.20000 2.037
72.22000 1.905
72.24000 2.940
72.26000 4.143
72.28000 1.626
72.30000 0.197
72.32000 4.133
72.34000 3.524
72.36000 3.613
72.38000 -1.974
72.40000 2.893
72.42000 6.701
72.44000 5.255
72.46000 1.276
72.48000 0.828
72.50000 3.091
72.52000 0.427
72.54000 4.343
72.56000 1.979
72.58000 0.627
72.60000 1.462
72.62000 1.454
72.64000 1.400
72.66000 2.257
72.68000 1.564
72.70000 2.123
72.72000 -0.431
72.74000 0.071
72.76000 0.475
72.78000 0.303
72.80000 0.031
72.82000 0.391
72.84000 0.496
72.86000 0.445
72.88000 0.751
72.90000 1.611
72.92000 1.165
72.94000 0.623
72.96000 -0.076
72.98000 0.268
73.00000 -1.837
73.02000 2.762
73.04000 2.233
73.06000 -1.981
73.08000 0.978
73.10000 1.636
73.12000 -0.376
73.14000 2.568
73.16000 2.834
73.18000 0.974
73.20000 0.098
73.22000 -0.833
73.24000 -0.288
73.26000 3.060
73.28000 -0.549
73.30000 -0.913
73.32000 0.095
73.34000 1.786
73.36000 1.643
73.38000 -1.978
73.40000 -0.749
73.42000 1.274
73.44000 0.534
73.46000 2.208
73.48000 -0.414
73.50000 2.533
73.52000 0.380
73.54000 -1.702
73.56000 0.679
73.58000 1.960
73.60000 0.542
73.62000 1.094
73.64000 2.404
73.66000 0.835
73.68000 0.483
73.70000 0.967
73.72000 -0.723
73.74000 -0.505
73.76000 -0.395
73.78000 -1.889
73.80000 -2.014
73.82000 -0.236
73.84000 2.567
73.86000 1.773
73.88000 1.714
73.90000 1.819
73.92000 -0.654
73.94000 -2.015
73.96000 0.647
73.98000 2.978
74.00000 3.927
74.02000 1.815
74.04000 3.153
74.06000 2.436
74.08000 1.742
74.10000 2.686
74.12000 1.344
74.14000 -0.534
74.16000 1.066
74.18000 0.011
74.20000 -2.017
74.22000 -0.601
74.24000 0.194
74.26000 0.657
74.28000 1.850
74.30000 1.661
74.32000 1.018
74.34000 -0.926
74.36000 1.556
74.38000 0.859
74.40000 3.300
74.42000 1.582
74.44000 2.410
74.46000 0.602
74.48000 -0.805
74.50000 -0.077
74.52000 1.449
74.54000 -0.731
74.56000 -1.230
74.58000 0.739
74.60000 2.872
74.62000 0.640
74.64000 -1.020
74.66000 -0.037
74.68000 1.067
74.70000 -0.308
74.72000 -2.012
74.74000 0.576
74.76000 0.180
74.78000 0.313
74.80000 -0.670
74.82000 -1.708
74.84000 -0.324
74.86000 1.333
74.88000 -0.667
74.90000 2.073
74.92000 3.025
74.94000 1.933
74.96000 2.045
74.98000 0.590
75.00000 0.149
75.02000 1.484
75.04000 2.592
75.06000 -0.076
75.08000 -1.087
75.10000 1.826
75.12000 2.396
75.14000 3.411
75.16000 2.658
75.18000 0.291
75.20000 3.625
75.22000 2.317
75.24000 1.494
75.26000 1.413
75.28000 0.979
75.30000 0.007
75.32000 0.280
75.34000 -1.986
75.36000 -0.615
75.38000 0.854
75.40000 -0.954
75.42000 1.358
75.44000 5.804
75.46000 2.621
75.48000 2.839
75.50000 -0.479
75.52000 -0.318
75.54000 3.315
75.56000 1.478
75.58000 4.618
75.60000 4.051
75.62000 0.781
75.64000 2.684
75.66000 1.906
75.68000 2.702
75.70000 0.670
75.72000 1.695
75.74000 0.600
75.76000 2.729
75.78000 3.675
75.80000 2.923
75.82000 4.663
75.84000 2.784
75.86000 0.843
75.88000 2.484
75.90000 4.346
75.92000 3.974
75.94000 3.162
75.96000 3.818
75.98000 4.886
76.00000 2.210
76.02000 -1.970
76.04000 -0.312
76.06000 6.144
76.08000 5.274
76.10000 4.668
76.12000 3.377
76.14000 6.478
76.16000 4.640
76.18000 2.629
76.20000 2.229
76.22000 3.866
76.24000 7.188
76.26000 6.038
76.28000 6.898
76.30000 5.260
76.32000 3.144
76.34000 2.646
76.36000 4.468
76.38000 3.802
76.40000 4.843
76.42000 3.476
76.44000 2.248
76.46000 3.564
76.48000 1.126
76.50000 1.368
76.52000 1.422
76.54000 3.325
76.56000 5.201
76.58000 4.558
76.60000 6.031
76.62000 3.240
76.64000 0.661
76.66000 2.368
76.68000 3.248
76.70000 3.214
76.72000 2.120
76.74000 1.649
76.76000 1.767
76.78000 -0.603
76.80000 -2.020
76.82000 -0.380
76.84000 -0.586
76.86000 3.219
76.88000 5.124
76.90000 4.598
76.92000 5.328
76.94000 4.023
76.96000 5.275
76.98000 4.343
77.00000 1.469
77.02000 0.611
77.04000 -0.780
77.06000 1.588
77.08000 0.880
77.10000 2.760
77.12000 -0.010
77.14000 0.515
77.16000 3.830
77.18000 4.154
77.20000 0.513
77.22000 4.327
77.24000 4.162
77.26000 0.294
77.28000 -1.435
77.30000 -1.669
77.32000 2.716
77.34000 3.192
77.36000 3.152
77.38000 2.541
77.40000 1.706
77.42000 -0.858
77.44000 -2.060
77.46000 1.186
77.48000 2.895
77.50000 -0.878
77.52000 1.680
77.54000 3.805
77.56000 0.609
77.58000 -1.237
77.60000 2.421
77.62000 3.089
77.64000 2.614
77.66000 1.569
77.68000 2.178
77.70000 2.790
77.72000 -1.151
77.74000 -1.762
77.76000 -1.925
77.78000 -1.587
77.80000 2.077
77.82000 2.010
77.84000 3.437
77.86000 -0.327
77.88000 1.285
77.90000 -1.150
77.92000 1.870
77.94000 3.888
77.96000 1.605
77.98000 3.053
78.00000 4.465
78.02000 3.503
78.04000 1.687
78.06000 -0.687
78.08000 0.454
78.10000 1.729
78.12000 -2.127
78.14000 1.171
78.16000 1.826
78.18000 2.590
78.20000 6.143
78.22000 1.017
78.24000 -2.135
78.26000 -2.121
78.28000 -0.227
78.30000 2.501
78.32000 4.024
78.34000 4.663
78.36000 6.345
78.38000 4.216
78.40000 3.030
78.42000 2.043
78.44000 2.279
78.46000 0.563
78.48000 0.485
78.50000 0.321
78.52000 -0.920
78.54000 0.337
78.56000 0.006
78.58000 0.935
78.60000 1.992
78.62000 2.190
78.64000 2.688
78.66000 2.031
78.68000 1.644
78.70000 -0.113
78.72000 1.217
78.74000 3.554
78.76000 3.171
78.78000 5.304
78.80000 2.920
78.82000 0.370
78.84000 1.486
78.86000 3.523
78.88000 6.598
78.90000 4.778
78.92000 2.211
78.94000 3.965
78.96000 6.656
78.98000 4.669
79.00000 5.465
79.02000 7.939
79.04000 8.781
79.06000 8.349
79.08000 4.568
79.10000 2.821
79.12000 6.868
79.14000 7.099
79.16000 4.823
79.18000 8.742
79.20000 11.496
79.22000 10.309
79.24000 11.670
79.26000 11.368
79.28000 10.011
79.30000 6.721
79.32000 9.232
79.34000 15.546
79.36000 14.641
79.38000 15.224
79.40000 19.683
79.42000 20.002
79.44000 17.735
79.46000 16.505
79.48000 15.067
79.50000 19.855
79.52000 22.664
79.54000 18.914
79.56000 21.481
79.58000 19.731
79.60000 19.544
79.62000 20.673
79.64000 20.183
79.66000 21.085
79.68000 24.451
79.70000 26.599
79.72000 24.525
79.74000 21.869
79.76000 26.343
79.78000 23.886
79.80000 22.272
79.82000 27.299
79.84000 26.884
79.86000 26.717
79.88000 24.057
79.90000 23.558
79.92000 23.717
79.94000 27.302
79.96000 25.197
79.98000 26.512
80.00000 28.575
80.02000 29.926
80.04000 28.628
80.06000 31.095
80.08000 28.585
80.10000 22.131
80.12000 20.944
80.14000 22.998
80.16000 24.944
80.18000 22.120
80.20000 23.997
80.22000 26.328
80.24000 28.649
80.26000 24.470
80.28000 19.479
80.30000 19.992
80.32000 22.028
80.34000 21.132
80.36000 24.225
80.38000 20.933
80.40000 17.666
80.42000 16.285
80.44000 17.642
80.46000 18.543
80.48000 16.305
80.50000 15.184
80.52000 12.072
80.54000 11.392
80.56000 14.401
80.58000 12.127
80.60000 8.670
80.62000 11.498
80.64000 9.207
80.66000 10.333
80.68000 12.305
80.70000 11.364
80.72000 12.884
80.74000 10.653
80.76000 11.847
80.78000 7.597
80.80000 6.356
80.82000 3.517
80.84000 4.389
80.86000 6.176
80.88000 5.854
80.90000 3.099
80.92000 3.459
80.94000 4.609
80.96000 5.043
80.98000 4.623
81.00000 5.131
81.02000 7.017
81.04000 7.529
81.06000 3.707
81.08000 3.407
81.10000 7.247
81.12000 10.883
81.14000 8.515
81.16000 7.677
81.18000 5.100
81.20000 5.007
81.22000 1.676
81.24000 0.575
81.26000 -2.202
81.28000 -1.216
81.30000 0.868
81.32000 1.770
81.34000 2.160
81.36000 3.080
81.38000 1.917
81.40000 2.657
81.42000 2.074
81.44000 1.193
81.46000 1.123
81.48000 5.562
81.50000 1.248
81.52000 -0.622
81.54000 -2.228
81.56000 2.300
81.58000 2.407
81.60000 3.021
81.62000 1.713
81.64000 1.686
81.66000 4.261
81.68000 3.850
81.70000 -0.778
81.72000 1.290
81.74000 6.905
81.76000 5.361
81.78000 1.604
81.80000 1.727
81.82000 1.408
81.84000 3.053
81.86000 3.563
81.88000 2.296
81.90000 1.276
81.92000 1.741
81.94000 1.559
81.96000 2.476
81.98000 2.638
82.00000 -0.019
82.02000 1.843
82.04000 2.812
82.06000 2.395
82.08000 3.170
82.10000 3.479
82.12000 5.052
82.14000 2.979
82.16000 5.319
82.18000 3.164
82.20000 1.069
82.22000 3.134
82.24000 3.063
82.26000 3.946
82.28000 7.128
82.30000 6.455
82.32000 3.482
82.34000 5.168
82.36000 5.813
82.38000 2.424
82.40000 0.868
82.42000 1.610
82.44000 2.039
82.46000 -0.612
82.48000 1.593
82.50000 5.820
82.52000 5.160
82.54000 5.310
82.56000 4.398
82.58000 5.246
82.60000 5.126
82.62000 7.351
82.64000 9.705
82.66000 8.958
82.68000 2.821
82.70000 2.509
82.72000 2.266
82.74000 5.859
82.76000 5.924
82.78000 6.646
82.80000 8.083
82.82000 10.185
82.84000 9.809
82.86000 5.946
82.88000 7.446
82.90000 7.916
82.92000 6.501
82.94000 10.874
82.96000 8.232
82.98000 9.832
83.00000 10.201
83.02000 11.130
83.04000 11.875
83.06000 12.521
83.08000 12.574
83.10000 13.972
83.12000 11.781
83.14000 14.540
83.16000 17.289
83.18000 16.635
83.20000 15.348
83.22000 18.995
83.24000 17.881
83.26000 17.247
83.28000 23.261
83.30000 24.327
83.32000 21.026
83.34000 23.918
83.36000 22.271
83.38000 25.606
83.40000 26.643
83.42000 24.375
83.44000 26.573
83.46000 26.684
83.48000 28.361
83.50000 26.966
83.52000 28.863
83.54000 30.912
83.56000 30.173
83.58000 34.093
83.60000 38.111
83.62000 36.164
83.64000 34.742
83.66000 38.968
83.68000 41.478
83.70000 38.603
83.72000 43.136
83.74000 43.309
83.76000 39.337
83.78000 43.530
83.80000 46.554
83.82000 48.063
83.84000 48.631
83.86000 49.150
83.88000 47.470
83.90000 42.866
83.92000 40.927
83.94000 42.810
83.96000 46.180
83.98000 48.155
84.00000 50.895
84.02000 48.824
84.04000 47.430
84.06000 46.474
84.08000 42.962
84.10000 39.987
84.12000 40.905
84.14000 37.984
84.16000 40.327
84.18000 41.617
84.20000 43.050
84.22000 37.563
84.24000 37.311
84.26000 34.986
84.28000 30.816
84.30000 27.828
84.32000 31.399
84.34000 30.791
84.36000 29.710
84.38000 31.797
84.40000 26.286
84.42000 27.976
84.44000 30.532
84.46000 26.511
84.48000 25.461
84.50000 20.404
84.52000 17.321
84.54000 17.816
84.56000 20.976
84.58000 17.419
84.60000 15.869
84.62000 16.779
84.64000 15.582
84.66000 13.205
84.68000 14.204
84.70000 16.823
84.72000 12.610
84.74000 10.155
84.76000 10.576
84.78000 10.004
84.80000 10.481
84.82000 9.174
84.84000 6.822
84.86000 6.289
84.88000 5.233
84.90000 0.817
84.92000 5.479
84.94000 2.387
84.96000 3.628
84.98000 4.321
85.00000 4.904
85.02000 3.560
85.04000 2.383
85.06000 3.682
85.08000 2.842
85.10000 6.238
85.12000 3.564
85.14000 2.800
85.16000 3.909
85.18000 3.967
85.20000 4.223
85.22000 2.442
85.24000 4.515
85.26000 3.831
85.28000 2.262
85.30000 4.420
85.32000 4.830
85.34000 1.929
85.36000 1.438
85.38000 -1.047
85.40000 2.279
85.42000 3.792
85.44000 4.265
85.46000 2.020
85.48000 0.493
85.50000 1.745
85.52000 3.732
85.54000 2.949
85.56000 -2.001
85.58000 -0.379
85.60000 3.631
85.62000 5.174
85.64000 1.664
85.66000 3.190
85.68000 7.203
85.70000 5.307
85.72000 1.024
85.74000 0.354
85.76000 -0.556
85.78000 -0.477
85.80000 1.644
85.82000 -0.933
85.84000 1.887
85.86000 0.886
85.88000 0.188
85.90000 -0.410
85.92000 0.625
85.94000 0.568
85.96000 0.686
85.98000 1.586
86.00000 1.583
86.02000 2.711
86.04000 -0.239
86.06000 -1.962
86.08000 0.429
86.10000 0.944
86.12000 -0.672
86.14000 -0.490
86.16000 1.296
86.18000 2.720
86.20000 1.207
86.22000 3.712
86.24000 3.741
86.26000 2.380
86.28000 2.573
86.30000 1.429
86.32000 1.580
86.34000 0.923
86.36000 1.202
86.38000 -0.123
86.40000 1.197
86.42000 2.640
86.44000 1.128
86.46000 1.449
86.48000 -0.995
86.50000 0.039
86.52000 1.852
86.54000 0.976
86.56000 2.619
86.58000 0.366
86.60000 0.566
86.62000 -0.028
86.64000 -0.247
86.66000 0.407
86.68000 -0.628
86.70000 -1.915
86.72000 0.053
86.74000 -1.096
86.76000 0.581
86.78000 -0.833
86.80000 0.778
86.82000 2.520
86.84000 0.468
86.86000 -1.091
86.88000 -0.894
86.90000 0.015
86.92000 1.415
86.94000 1.582
86.96000 0.408
86.98000 0.619
87.00000 2.559
87.02000 3.753
87.04000 2.723
87.06000 0.004
87.08000 1.489
87.10000 1.591
87.12000 4.466
87.14000 4.555
87.16000 2.584
87.18000 3.834
87.20000 4.440
87.22000 3.945
87.24000 4.300
87.26000 4.996
87.28000 2.968
87.30000 2.724
87.32000 2.065
87.34000 2.766
87.36000 6.131
87.38000 4.064
87.40000 1.521
87.42000 1.745
87.44000 1.803
87.46000 0.775
87.48000 2.219
87.50000 4.972
87.52000 0.480
87.54000 -1.878
87.56000 -0.296
87.58000 -0.940
87.60000 -0.394
87.62000 2.839
87.64000 4.600
87.66000 4.457
87.68000 3.930
87.70000 1.125
87.72000 0.187
87.74000 1.318
87.76000 2.632
87.78000 2.704
87.80000 0.950
87.82000 -0.589
87.84000 0.567
87.86000 2.538
87.88000 3.910
87.90000 2.063
87.92000 0.643
87.94000 -1.878
87.96000 -0.718
87.98000 0.195
88.00000 -1.877
88.02000 1.324
88.04000 3.419
88.06000 3.881
88.08000 3.630
88.10000 0.973
88.12000 -0.755
88.14000 1.549
88.16000 -0.084
88.18000 0.635
88.20000 1.196
88.22000 0.822
88.24000 0.162
88.26000 2.685
88.28000 1.066
88.30000 1.054
88.32000 1.351
88.34000 2.026
88.36000 6.651
88.38000 2.325
88.40000 -0.889
88.42000 -1.878
88.44000 -0.813
88.46000 -0.385
88.48000 0.879
88.50000 1.934
88.52000 1.702
88.54000 1.094
88.56000 1.101
88.58000 2.946
88.60000 4.538
88.62000 4.547
88.64000 4.733
88.66000 2.090
88.68000 1.356
88.70000 3.276
88.72000 1.656
88.74000 -0.715
88.76000 2.331
88.78000 1.132
88.80000 1.349
88.82000 1.411
88.84000 1.845
88.86000 0.954
88.88000 3.978
88.90000 0.852
88.92000 0.761
88.94000 0.071
88.96000 0.622
88.98000 2.842
89.00000 1.769
89.02000 1.303
89.04000 2.628
89.06000 5.100
89.08000 3.673
89.10000 2.031
89.12000 -1.272
89.14000 1.122
89.16000 3.907
89.18000 1.242
89.20000 2.534
89.22000 1.093
89.24000 1.382
89.26000 3.346
89.28000 1.397
89.30000 -1.856
89.32000 -0.550
89.34000 4.411
89.36000 3.132
89.38000 1.737
89.40000 2.413
89.42000 2.795
89.44000 1.317
89.46000 2.655
89.48000 1.562
89.50000 0.673
89.52000 1.686
89.54000 0.540
89.56000 0.653
89.58000 2.120
89.60000 3.750
89.62000 4.932
89.64000 3.687
89.66000 1.741
89.68000 2.387
89.70000 -0.327
89.72000 2.751
89.74000 2.085
89.76000 -0.249
89.78000 -1.849
89.80000 -0.693
89.82000 0.089
89.84000 -0.088
89.86000 -0.156
89.88000 0.776
89.90000 -0.337
89.92000 0.693
89.94000 0.784
89.96000 0.824
89.98000 3.139
90.00000 5.728
90.02000 5.222
90.04000 2.525
90.06000 2.215
90.08000 2.048
90.10000 2.000
90.12000 2.413
90.14000 1.276
90.16000 3.395
90.18000 -1.811
90.20000 0.014
90.22000 -1.657
90.24000 2.329
90.26000 3.423
90.28000 1.209
90.30000 2.433
90.32000 1.168
90.34000 3.605
90.36000 1.421
90.38000 2.982
90.40000 1.623
90.42000 1.446
90.44000 1.228
90.46000 0.696
90.48000 0.767
90.50000 3.001
90.52000 2.362
90.54000 0.941
90.56000 3.042
90.58000 5.800
90.60000 2.718
90.62000 -1.829
90.64000 -1.296
90.66000 1.003
90.68000 3.933
90.70000 3.396
90.72000 4.151
90.74000 0.549
90.76000 2.640
90.78000 2.865
90.80000 -0.279
90.82000 0.001
90.84000 0.939
90.86000 0.552
90.88000 1.218
90.90000 1.941
90.92000 1.264
90.94000 1.817
90.96000 1.137
90.98000 -0.905
91.00000 0.436
91.02000 1.440
91.04000 2.040
91.06000 2.279
91.08000 0.827
91.10000 1.284
91.12000 1.471
91.14000 0.192
91.16000 -0.502
91.18000 1.615
91.20000 1.281
91.22000 5.861
91.24000 5.482
91.26000 -0.319
91.28000 0.171
91.30000 3.106
91.32000 4.078
91.34000 4.135
91.36000 3.616
91.38000 3.819
91.40000 3.600
91.42000 1.575
91.44000 0.738
91.46000 -1.309
91.48000 3.328
91.50000 3.335
91.52000 3.553
91.54000 5.119
91.56000 3.732
91.58000 1.674
91.60000 1.350
91.62000 1.300
91.64000 1.780
91.66000 2.225
91.68000 1.896
91.70000 0.001
91.72000 2.206
91.74000 0.049
91.76000 0.330
91.78000 0.427
91.80000 -0.330
91.82000 -1.855
91.84000 0.492
91.86000 1.196
91.88000 2.160
91.90000 3.437
91.92000 2.471
91.94000 0.350
91.96000 0.029
91.98000 3.073
92.00000 2.561
92.02000 0.464
92.04000 3.844
92.06000 7.328
92.08000 5.186
92.10000 1.399
92.12000 -0.884
92.14000 -0.262
92.16000 2.262
92.18000 1.937
92.20000 2.898
92.22000 2.762
92.24000 4.432
92.26000 2.649
92.28000 0.394
92.30000 0.080
92.32000 1.747
92.34000 2.786
92.36000 0.857
92.38000 1.147
92.40000 2.881
92.42000 2.017
92.44000 5.777
92.46000 3.902
92.48000 2.794
92.50000 0.551
92.52000 3.443
92.54000 4.143
92.56000 3.235
92.58000 1.062
92.60000 -0.235
92.62000 0.668
92.64000 0.430
92.66000 2.984
92.68000 2.600
92.70000 3.345
92.72000 3.195
92.74000 1.624
92.76000 1.311
92.78000 2.528
92.80000 7.252
92.82000 5.027
92.84000 3.999
92.86000 0.445
92.88000 1.390
92.90000 4.710
92.92000 3.028
92.94000 3.119
92.96000 -0.014
92.98000 -1.840
93.00000 5.009
93.02000 4.359
93.04000 3.027
93.06000 3.505
93.08000 5.532
93.10000 3.149
93.12000 3.331
93.14000 5.239
93.16000 3.624
93.18000 4.314
93.20000 1.619
93.22000 0.416
93.24000 0.021
93.26000 4.569
93.28000 7.019
93.30000 6.425
93.32000 2.674
93.34000 0.206
93.36000 0.872
93.38000 0.861
93.40000 0.935
93.42000 -0.626
93.44000 0.796
93.46000 2.282
93.48000 3.566
93.50000 3.604
93.52000 2.630
93.54000 2.399
93.56000 3.556
93.58000 0.654
93.60000 -1.558
93.62000 -1.856
93.64000 2.572
93.66000 1.510
93.68000 0.696
93.70000 2.645
93.72000 2.951
93.74000 1.404
93.76000 2.336
93.78000 2.147
93.80000 0.317
93.82000 0.989
93.84000 3.073
93.86000 2.512
93.88000 3.817
93.90000 2.345
93.92000 3.918
93.94000 4.218
93.96000 5.790
93.98000 6.747
94.00000 4.131
94.02000 0.565
94.04000 0.332
94.06000 2.616
94.08000 4.175
94.10000 3.450
94.12000 3.518
94.14000 0.255
94.16000 3.687
94.18000 7.220
94.20000 5.244
94.22000 4.669
94.24000 0.496
94.26000 3.422
94.28000 4.784
94.30000 0.972
94.32000 -1.863
94.34000 0.974
94.36000 2.978
94.38000 3.969
94.40000 1.457
94.42000 4.960
94.44000 5.752
94.46000 3.030
94.48000 3.030
94.50000 3.042
94.52000 3.842
94.54000 4.358
94.56000 1.384
94.58000 3.312
94.60000 4.632
94.62000 3.034
94.64000 3.526
94.66000 1.968
94.68000 -1.286
94.70000 -0.230
94.72000 2.655
94.74000 2.781
94.76000 3.138
94.78000 1.684
94.80000 2.545
94.82000 4.222
94.84000 5.052
94.86000 3.565
94.88000 1.372
94.90000 -1.855
94.92000 -0.360
94.94000 0.978
94.96000 2.715
94.98000 4.723
95.00000 1.695
95.02000 -0.005
95.04000 4.052
95.06000 5.668
95.08000 2.935
95.10000 3.212
95.12000 5.381
95.14000 5.870
95.16000 -0.204
95.18000 2.855
95.20000 4.885
95.22000 3.567
95.24000 0.265
95.26000 1.878
95.28000 3.257
95.30000 0.689
95.32000 -1.493
95.34000 0.308
95.36000 0.377
95.38000 -1.150
95.40000 -1.274
95.42000 0.725
95.44000 3.501
95.46000 3.751
95.48000 5.021
95.50000 5.646
95.52000 7.162
95.54000 1.486
95.56000 -0.375
95.58000 -0.983
95.60000 1.857
95.62000 1.102
95.64000 -0.888
95.66000 -1.339
95.68000 0.906
95.70000 0.556
95.72000 2.228
95.74000 1.666
95.76000 1.604
95.78000 -0.089
95.80000 2.066
95.82000 1.478
95.84000 0.603
95.86000 2.159
95.88000 5.338
95.90000 -0.957
95.92000 -1.122
95.94000 0.824
95.96000 1.457
95.98000 0.189
96.00000 -1.215
96.02000 1.942
96.04000 2.283
96.06000 -0.799
96.08000 -1.901
96.10000 2.312
96.12000 0.630
96.14000 1.017
96.16000 0.717
96.18000 4.217
96.20000 7.452
96.22000 4.588
96.24000 2.020
96.26000 -0.195
96.28000 -0.892
96.30000 -1.293
96.32000 -1.282
96.34000 0.654
96.36000 2.665
96.38000 3.037
96.40000 8.630
96.42000 6.019
96.44000 1.452
96.46000 0.200
96.48000 1.687
96.50000 1.820
96.52000 0.439
96.54000 2.016
96.56000 0.061
96.58000 3.398
96.60000 4.666
96.62000 0.714
96.64000 0.968
96.66000 -0.737
96.68000 2.976
96.70000 -0.159
96.72000 -0.405
96.74000 1.798
96.76000 4.036
96.78000 2.193
96.80000 2.306
96.82000 0.329
96.84000 2.761
96.86000 4.290
96.88000 2.788
96.90000 3.396
96.92000 2.479
96.94000 4.019
96.96000 -1.310
96.98000 -0.433
97.00000 0.922
97.02000 -1.700
97.04000 2.467
97.06000 6.243
97.08000 7.221
97.10000 3.951
97.12000 0.049
97.14000 -1.736
97.16000 6.173
97.18000 7.049
97.20000 1.942
97.22000 3.313
97.24000 4.177
97.26000 2.803
97.28000 0.047
97.30000 -0.425
97.32000 -1.862
97.34000 2.996
97.36000 2.723
97.38000 3.186
97.40000 3.240
97.42000 6.083
97.44000 5.370
97.46000 5.316
97.48000 5.356
97.50000 0.632
97.52000 2.799
97.54000 4.057
97.56000 3.049
97.58000 2.250
97.60000 3.800
97.62000 7.372
97.64000 5.378
97.66000 8.729
97.68000 10.250
97.70000 5.610
97.72000 3.067
97.74000 -1.350
97.76000 1.408
97.78000 4.148
97.80000 5.400
97.82000 4.268
97.84000 4.114
97.86000 4.714
97.88000 3.549
97.90000 5.052
97.92000 7.624
97.94000 4.958
97.96000 2.479
97.98000 0.964
98.00000 3.737
98.02000 -1.831
98.04000 3.916
98.06000 4.269
98.08000 2.823
98.10000 0.972
98.12000 2.957
98.14000 3.430
98.16000 -0.488
98.18000 3.917
98.20000 9.254
98.22000 1.813
98.24000 2.272
98.26000 4.027
98.28000 3.798
98.30000 3.151
98.32000 2.697
98.34000 6.658
98.36000 2.251
98.38000 5.015
98.40000 3.993
98.42000 4.587
98.44000 8.174
98.46000 4.318
98.48000 -0.553
98.50000 1.343
98.52000 3.013
98.54000 0.647
98.56000 0.265
98.58000 -0.231
98.60000 2.363
98.62000 7.966
98.64000 6.734
98.66000 5.731
98.68000 9.154
98.70000 7.342
98.72000 8.954
98.74000 7.708
98.76000 4.266
98.78000 7.146
98.80000 2.037
98.82000 10.881
98.84000 12.252
98.86000 1.556
98.88000 7.018
98.90000 1.956
98.92000 0.089
98.94000 3.104
98.96000 7.176
98.98000 7.216
99.00000 7.352
99.02000 10.104
99.04000 3.571
99.06000 -1.246
99.08000 4.883
99.10000 -0.185
99.12000 -0.294
99.14000 -1.812
99.16000 0.356
99.18000 8.256
99.20000 4.983
99.22000 1.912
99.24000 -0.015
99.26000 1.969
99.28000 6.823
99.30000 7.227
99.32000 10.545
99.34000 7.297
99.36000 9.542
99.38000 0.229
99.40000 1.723
99.42000 6.334
99.44000 5.845
99.46000 5.366
99.48000 9.750
99.50000 1.185
99.52000 4.413
99.54000 3.590
99.56000 0.518
99.58000 4.185
99.60000 4.859
99.62000 8.256
99.64000 7.380
99.66000 4.575
99.68000 -0.296
99.70000 3.370
99.72000 1.788
99.74000 2.101
99.76000 7.826
99.78000 10.862
99.80000 9.032
99.82000 14.745
99.84000 6.818
99.86000 1.457
99.88000 -1.097
99.90000 -1.840
99.92000 6.355
99.94000 2.038
99.96000 -1.980
99.98000 0.000
