'Id: "0011389" Comment: "Integrate frame 0011389_Au-Ir-Rh_Au-Rich_XRD_Mapping-155-0000.gfrmwith cursor Wedge Cursor #5" Operator: "B?rgel" Anode: "Cu" Wavelength: "1.5406" Scantype: "2Theta (TwoTheta)" TimePerStep: "1" X: "40.5" Y: "-4.5" Z: "5.95" 
10.00000 0.000
10.02000 3.462
10.04000 2.538
10.06000 2.301
10.08000 8.674
10.10000 12.633
10.12000 14.778
10.14000 10.932
10.16000 2.875
10.18000 5.495
10.20000 12.403
10.22000 6.872
10.24000 3.524
10.26000 14.933
10.28000 18.219
10.30000 8.282
10.32000 21.330
10.34000 16.840
10.36000 18.553
10.38000 18.476
10.40000 26.025
10.42000 16.314
10.44000 15.784
10.46000 18.898
10.48000 21.343
10.50000 11.277
10.52000 9.826
10.54000 13.636
10.56000 8.785
10.58000 13.203
10.60000 24.974
10.62000 31.070
10.64000 27.519
10.66000 30.001
10.68000 27.181
10.70000 16.312
10.72000 27.796
10.74000 30.030
10.76000 30.338
10.78000 32.998
10.80000 20.111
10.82000 16.631
10.84000 22.089
10.86000 16.237
10.88000 24.030
10.90000 34.864
10.92000 31.258
10.94000 20.312
10.96000 34.042
10.98000 30.061
11.00000 27.637
11.02000 40.326
11.04000 33.936
11.06000 25.854
11.08000 17.427
11.10000 23.153
11.12000 30.287
11.14000 28.555
11.16000 28.061
11.18000 28.389
11.20000 31.501
11.22000 33.323
11.24000 32.480
11.26000 33.941
11.28000 48.959
11.30000 45.544
11.32000 35.442
11.34000 41.835
11.36000 45.435
11.38000 41.252
11.40000 48.418
11.42000 41.047
11.44000 37.310
11.46000 33.469
11.48000 37.844
11.50000 42.195
11.52000 39.873
11.54000 32.971
11.56000 30.033
11.58000 39.935
11.60000 43.114
11.62000 41.210
11.64000 31.757
11.66000 37.071
11.68000 48.409
11.70000 59.269
11.72000 48.940
11.74000 40.844
11.76000 32.112
11.78000 36.461
11.80000 42.969
11.82000 48.004
11.84000 48.125
11.86000 51.673
11.88000 50.544
11.90000 47.887
11.92000 44.363
11.94000 39.160
11.96000 41.840
11.98000 34.198
12.00000 37.465
12.02000 42.703
12.04000 49.256
12.06000 44.768
12.08000 48.638
12.10000 39.917
12.12000 43.315
12.14000 49.558
12.16000 46.543
12.18000 49.878
12.20000 49.948
12.22000 49.474
12.24000 41.732
12.26000 50.514
12.28000 58.191
12.30000 47.436
12.32000 47.131
12.34000 56.129
12.36000 47.821
12.38000 49.121
12.40000 59.418
12.42000 54.482
12.44000 57.718
12.46000 64.103
12.48000 58.452
12.50000 42.846
12.52000 40.956
12.54000 36.854
12.56000 43.295
12.58000 50.520
12.60000 54.401
12.62000 59.569
12.64000 56.379
12.66000 62.272
12.68000 53.352
12.70000 57.218
12.72000 60.335
12.74000 56.675
12.76000 48.695
12.78000 49.467
12.80000 58.755
12.82000 56.489
12.84000 55.683
12.86000 64.588
12.88000 59.650
12.90000 52.670
12.92000 50.422
12.94000 50.106
12.96000 55.581
12.98000 44.501
13.00000 52.029
13.02000 58.865
13.04000 50.834
13.06000 48.476
13.08000 47.101
13.10000 46.518
13.12000 49.152
13.14000 61.504
13.16000 49.678
13.18000 54.191
13.20000 54.283
13.22000 55.246
13.24000 54.446
13.26000 63.613
13.28000 54.708
13.30000 48.794
13.32000 46.606
13.34000 54.884
13.36000 56.759
13.38000 50.904
13.40000 50.772
13.42000 49.002
13.44000 48.462
13.46000 42.471
13.48000 47.626
13.50000 51.075
13.52000 49.158
13.54000 46.343
13.56000 50.664
13.58000 57.257
13.60000 55.125
13.62000 53.598
13.64000 51.781
13.66000 46.090
13.68000 55.029
13.70000 51.112
13.72000 37.844
13.74000 55.022
13.76000 54.811
13.78000 42.771
13.80000 40.062
13.82000 37.633
13.84000 37.421
13.86000 39.445
13.88000 38.839
13.90000 42.759
13.92000 47.352
13.94000 47.222
13.96000 42.546
13.98000 39.896
14.00000 35.138
14.02000 44.738
14.04000 50.551
14.06000 48.183
14.08000 49.591
14.10000 51.966
14.12000 47.070
14.14000 46.887
14.16000 38.283
14.18000 35.843
14.20000 40.836
14.22000 47.426
14.24000 52.890
14.26000 55.570
14.28000 52.034
14.30000 44.901
14.32000 35.220
14.34000 31.581
14.36000 37.743
14.38000 38.633
14.40000 44.551
14.42000 41.673
14.44000 32.583
14.46000 38.445
14.48000 41.945
14.50000 36.530
14.52000 44.375
14.54000 36.581
14.56000 42.361
14.58000 44.557
14.60000 37.074
14.62000 39.866
14.64000 32.114
14.66000 29.394
14.68000 40.628
14.70000 37.641
14.72000 32.780
14.74000 37.290
14.76000 38.601
14.78000 35.877
14.80000 32.967
14.82000 28.010
14.84000 41.301
14.86000 33.709
14.88000 32.977
14.90000 39.982
14.92000 37.069
14.94000 38.220
14.96000 42.332
14.98000 30.937
15.00000 31.622
15.02000 34.753
15.04000 32.130
15.06000 38.577
15.08000 41.706
15.10000 33.815
15.12000 36.843
15.14000 34.513
15.16000 17.724
15.18000 23.381
15.20000 28.628
15.22000 29.844
15.24000 27.788
15.26000 31.557
15.28000 24.424
15.30000 26.003
15.32000 28.033
15.34000 28.349
15.36000 22.445
15.38000 23.536
15.40000 28.016
15.42000 33.151
15.44000 35.871
15.46000 28.258
15.48000 32.691
15.50000 32.665
15.52000 25.636
15.54000 27.215
15.56000 36.325
15.58000 30.581
15.60000 24.997
15.62000 20.375
15.64000 29.750
15.66000 24.891
15.68000 23.385
15.70000 26.048
15.72000 25.917
15.74000 27.054
15.76000 23.951
15.78000 24.818
15.80000 28.778
15.82000 31.335
15.84000 28.670
15.86000 25.691
15.88000 28.295
15.90000 34.776
15.92000 27.780
15.94000 25.322
15.96000 24.105
15.98000 19.363
16.00000 18.646
16.02000 18.614
16.04000 25.608
16.06000 26.535
16.08000 13.612
16.10000 19.721
16.12000 22.667
16.14000 29.855
16.16000 27.743
16.18000 17.675
16.20000 15.492
16.22000 13.671
16.24000 17.574
16.26000 20.726
16.28000 17.255
16.30000 9.430
16.32000 22.774
16.34000 24.245
16.36000 19.672
16.38000 24.631
16.40000 19.904
16.42000 20.360
16.44000 12.779
16.46000 12.188
16.48000 15.053
16.50000 16.323
16.52000 19.208
16.54000 16.449
16.56000 18.235
16.58000 25.497
16.60000 22.032
16.62000 18.251
16.64000 14.668
16.66000 15.514
16.68000 11.755
16.70000 10.107
16.72000 11.635
16.74000 19.064
16.76000 17.033
16.78000 10.166
16.80000 9.817
16.82000 17.962
16.84000 13.526
16.86000 21.533
16.88000 14.687
16.90000 5.695
16.92000 17.019
16.94000 19.617
16.96000 7.925
16.98000 11.608
17.00000 15.414
17.02000 17.364
17.04000 8.763
17.06000 10.391
17.08000 18.754
17.10000 16.635
17.12000 13.853
17.14000 18.797
17.16000 17.682
17.18000 12.261
17.20000 12.780
17.22000 11.932
17.24000 8.679
17.26000 7.116
17.28000 10.007
17.30000 10.423
17.32000 6.494
17.34000 10.150
17.36000 15.663
17.38000 10.456
17.40000 9.924
17.42000 8.646
17.44000 12.342
17.46000 17.688
17.48000 18.161
17.50000 12.280
17.52000 11.047
17.54000 8.737
17.56000 7.797
17.58000 7.442
17.60000 7.025
17.62000 4.773
17.64000 6.034
17.66000 15.100
17.68000 11.968
17.70000 6.172
17.72000 9.692
17.74000 7.032
17.76000 10.602
17.78000 6.864
17.80000 6.114
17.82000 9.781
17.84000 14.211
17.86000 17.219
17.88000 18.925
17.90000 14.310
17.92000 6.935
17.94000 5.869
17.96000 7.189
17.98000 10.658
18.00000 10.642
18.02000 4.864
18.04000 12.280
18.06000 13.361
18.08000 4.017
18.10000 6.807
18.12000 7.412
18.14000 14.600
18.16000 16.523
18.18000 8.507
18.20000 9.421
18.22000 7.525
18.24000 6.604
18.26000 5.255
18.28000 4.053
18.30000 4.485
18.32000 6.527
18.34000 10.867
18.36000 7.145
18.38000 0.616
18.40000 1.439
18.42000 4.573
18.44000 9.234
18.46000 5.676
18.48000 11.576
18.50000 7.249
18.52000 8.156
18.54000 7.887
18.56000 6.033
18.58000 12.935
18.60000 11.880
18.62000 8.560
18.64000 3.650
18.66000 4.179
18.68000 -1.703
18.70000 3.015
18.72000 6.149
18.74000 6.945
18.76000 4.827
18.78000 7.989
18.80000 10.130
18.82000 7.214
18.84000 -0.677
18.86000 -1.600
18.88000 -2.630
18.90000 -0.006
18.92000 9.839
18.94000 7.333
18.96000 4.272
18.98000 1.766
19.00000 7.802
19.02000 5.601
19.04000 4.612
19.06000 11.533
19.08000 14.160
19.10000 9.319
19.12000 3.570
19.14000 6.791
19.16000 14.176
19.18000 8.919
19.20000 11.060
19.22000 9.425
19.24000 5.676
19.26000 4.539
19.28000 8.323
19.30000 15.252
19.32000 15.412
19.34000 7.803
19.36000 6.906
19.38000 6.277
19.40000 4.783
19.42000 10.161
19.44000 5.031
19.46000 -0.645
19.48000 7.778
19.50000 13.182
19.52000 11.947
19.54000 9.304
19.56000 8.757
19.58000 6.237
19.60000 2.413
19.62000 -4.234
19.64000 2.514
19.66000 1.082
19.68000 2.945
19.70000 2.852
19.72000 1.442
19.74000 1.674
19.76000 5.812
19.78000 7.055
19.80000 14.138
19.82000 17.529
19.84000 5.789
19.86000 4.760
19.88000 0.887
19.90000 3.464
19.92000 9.988
19.94000 12.696
19.96000 13.480
19.98000 11.237
20.00000 9.462
20.02000 11.761
20.04000 3.981
20.06000 4.512
20.08000 9.390
20.10000 10.190
20.12000 2.035
20.14000 -0.470
20.16000 2.421
20.18000 5.425
20.20000 21.943
20.22000 21.422
20.24000 11.702
20.26000 4.447
20.28000 -0.008
20.30000 0.837
20.32000 -0.489
20.34000 2.129
20.36000 11.919
20.38000 5.571
20.40000 0.163
20.42000 8.933
20.44000 5.852
20.46000 4.871
20.48000 8.572
20.50000 11.029
20.52000 8.669
20.54000 8.533
20.56000 8.508
20.58000 6.759
20.60000 5.993
20.62000 4.525
20.64000 9.412
20.66000 8.343
20.68000 9.362
20.70000 9.269
20.72000 9.666
20.74000 14.895
20.76000 14.676
20.78000 16.112
20.80000 12.661
20.82000 9.483
20.84000 1.080
20.86000 3.882
20.88000 8.562
20.90000 7.894
20.92000 14.860
20.94000 15.412
20.96000 9.749
20.98000 13.249
21.00000 8.096
21.02000 -1.962
21.04000 -4.134
21.06000 4.471
21.08000 12.240
21.10000 15.922
21.12000 9.486
21.14000 10.151
21.16000 13.808
21.18000 13.298
21.20000 11.538
21.22000 3.562
21.24000 0.134
21.26000 -2.365
21.28000 3.148
21.30000 5.771
21.32000 4.563
21.34000 8.196
21.36000 10.643
21.38000 3.759
21.40000 8.782
21.42000 6.621
21.44000 1.331
21.46000 2.105
21.48000 4.935
21.50000 10.883
21.52000 5.176
21.54000 11.009
21.56000 5.094
21.58000 5.182
21.60000 5.597
21.62000 8.544
21.64000 7.247
21.66000 11.896
21.68000 12.914
21.70000 7.640
21.72000 5.264
21.74000 4.958
21.76000 7.478
21.78000 5.465
21.80000 9.770
21.82000 7.209
21.84000 3.212
21.86000 -0.054
21.88000 3.347
21.90000 6.702
21.92000 7.089
21.94000 6.180
21.96000 13.007
21.98000 16.586
22.00000 12.496
22.02000 6.668
22.04000 5.650
22.06000 8.205
22.08000 6.601
22.10000 4.610
22.12000 11.714
22.14000 2.299
22.16000 4.070
22.18000 4.188
22.20000 1.600
22.22000 2.668
22.24000 0.152
22.26000 2.056
22.28000 1.545
22.30000 6.202
22.32000 5.859
22.34000 2.455
22.36000 -0.424
22.38000 4.413
22.40000 7.499
22.42000 8.065
22.44000 1.428
22.46000 3.042
22.48000 7.239
22.50000 3.695
22.52000 6.031
22.54000 6.705
22.56000 11.087
22.58000 6.158
22.60000 2.754
22.62000 1.950
22.64000 -0.965
22.66000 3.908
22.68000 0.352
22.70000 0.419
22.72000 0.747
22.74000 -4.078
22.76000 -1.256
22.78000 2.441
22.80000 1.833
22.82000 5.263
22.84000 5.841
22.86000 4.509
22.88000 6.922
22.90000 8.363
22.92000 7.530
22.94000 3.152
22.96000 -2.198
22.98000 -2.545
23.00000 5.348
23.02000 3.468
23.04000 7.149
23.06000 12.917
23.08000 12.231
23.10000 11.409
23.12000 10.426
23.14000 8.578
23.16000 9.205
23.18000 11.588
23.20000 9.824
23.22000 10.197
23.24000 7.789
23.26000 6.530
23.28000 7.505
23.30000 2.018
23.32000 1.236
23.34000 -0.115
23.36000 6.326
23.38000 8.684
23.40000 1.814
23.42000 -0.041
23.44000 1.212
23.46000 2.058
23.48000 2.562
23.50000 -1.402
23.52000 4.955
23.54000 2.758
23.56000 3.945
23.58000 1.452
23.60000 2.526
23.62000 6.763
23.64000 3.638
23.66000 -2.394
23.68000 -1.400
23.70000 3.002
23.72000 -2.034
23.74000 0.746
23.76000 5.809
23.78000 11.477
23.80000 7.137
23.82000 3.575
23.84000 -2.862
23.86000 -4.017
23.88000 6.621
23.90000 6.614
23.92000 0.986
23.94000 -1.362
23.96000 -1.277
23.98000 0.985
24.00000 4.859
24.02000 1.532
24.04000 6.905
24.06000 1.730
24.08000 0.004
24.10000 -0.834
24.12000 0.613
24.14000 6.886
24.16000 4.204
24.18000 -0.655
24.20000 3.221
24.22000 1.844
24.24000 4.213
24.26000 7.999
24.28000 1.524
24.30000 -0.264
24.32000 6.814
24.34000 4.103
24.36000 1.294
24.38000 2.823
24.40000 2.765
24.42000 3.436
24.44000 1.411
24.46000 3.927
24.48000 6.266
24.50000 -1.011
24.52000 -0.809
24.54000 -0.371
24.56000 2.102
24.58000 2.418
24.60000 2.578
24.62000 0.499
24.64000 0.682
24.66000 1.284
24.68000 5.529
24.70000 0.553
24.72000 5.533
24.74000 -1.686
24.76000 1.597
24.78000 4.298
24.80000 -3.239
24.82000 -2.225
24.84000 -0.470
24.86000 0.760
24.88000 5.688
24.90000 10.860
24.92000 6.151
24.94000 2.873
24.96000 2.663
24.98000 1.937
25.00000 0.014
25.02000 -1.841
25.04000 1.105
25.06000 0.887
25.08000 0.688
25.10000 4.296
25.12000 0.250
25.14000 -1.929
25.16000 0.519
25.18000 3.663
25.20000 -0.144
25.22000 -2.590
25.24000 -3.651
25.26000 -1.932
25.28000 0.188
25.30000 1.319
25.32000 1.122
25.34000 6.465
25.36000 4.413
25.38000 -1.306
25.40000 4.622
25.42000 6.673
25.44000 3.901
25.46000 -1.958
25.48000 5.086
25.50000 4.525
25.52000 3.326
25.54000 8.742
25.56000 7.992
25.58000 2.338
25.60000 3.852
25.62000 4.310
25.64000 3.355
25.66000 4.558
25.68000 0.071
25.70000 3.642
25.72000 5.214
25.74000 -3.933
25.76000 -3.247
25.78000 -2.113
25.80000 0.653
25.82000 7.211
25.84000 4.057
25.86000 -0.753
25.88000 -1.725
25.90000 4.548
25.92000 1.176
25.94000 -0.135
25.96000 0.856
25.98000 4.742
26.00000 5.426
26.02000 2.927
26.04000 0.644
26.06000 4.348
26.08000 9.828
26.10000 8.363
26.12000 7.255
26.14000 8.698
26.16000 9.664
26.18000 5.971
26.20000 2.631
26.22000 2.938
26.24000 2.468
26.26000 2.111
26.28000 3.538
26.30000 3.102
26.32000 0.310
26.34000 2.502
26.36000 2.835
26.38000 6.867
26.40000 8.520
26.42000 8.618
26.44000 1.616
26.46000 -2.092
26.48000 3.217
26.50000 8.285
26.52000 6.275
26.54000 2.297
26.56000 2.438
26.58000 -3.874
26.60000 -3.526
26.62000 2.077
26.64000 6.626
26.66000 10.412
26.68000 6.279
26.70000 0.078
26.72000 0.193
26.74000 10.964
26.76000 6.452
26.78000 5.206
26.80000 10.393
26.82000 6.757
26.84000 6.609
26.86000 6.460
26.88000 6.438
26.90000 2.143
26.92000 -0.217
26.94000 0.046
26.96000 4.225
26.98000 8.350
27.00000 2.785
27.02000 -3.837
27.04000 3.055
27.06000 6.177
27.08000 6.413
27.10000 4.413
27.12000 1.843
27.14000 5.884
27.16000 6.596
27.18000 7.600
27.20000 6.165
27.22000 6.261
27.24000 3.411
27.26000 1.263
27.28000 0.419
27.30000 2.318
27.32000 5.090
27.34000 10.844
27.36000 5.417
27.38000 6.308
27.40000 7.713
27.42000 4.515
27.44000 3.191
27.46000 1.681
27.48000 2.131
27.50000 8.970
27.52000 2.773
27.54000 -1.520
27.56000 3.507
27.58000 2.660
27.60000 7.830
27.62000 6.177
27.64000 7.321
27.66000 8.210
27.68000 5.849
27.70000 2.305
27.72000 3.703
27.74000 -0.924
27.76000 1.417
27.78000 4.639
27.80000 6.996
27.82000 4.329
27.84000 3.389
27.86000 2.295
27.88000 -0.022
27.90000 -0.461
27.92000 0.565
27.94000 -0.179
27.96000 -1.465
27.98000 0.822
28.00000 -1.188
28.02000 -1.081
28.04000 0.699
28.06000 -1.504
28.08000 -3.070
28.10000 3.913
28.12000 8.333
28.14000 8.151
28.16000 -1.498
28.18000 2.088
28.20000 4.376
28.22000 8.047
28.24000 4.504
28.26000 -0.356
28.28000 -1.972
28.30000 -1.085
28.32000 2.904
28.34000 4.751
28.36000 4.710
28.38000 3.617
28.40000 1.052
28.42000 5.873
28.44000 5.130
28.46000 4.068
28.48000 2.931
28.50000 2.382
28.52000 0.169
28.54000 7.175
28.56000 8.949
28.58000 6.293
28.60000 1.183
28.62000 3.946
28.64000 5.698
28.66000 4.648
28.68000 5.676
28.70000 4.485
28.72000 4.579
28.74000 3.664
28.76000 1.322
28.78000 6.517
28.80000 5.552
28.82000 4.270
28.84000 3.529
28.86000 5.230
28.88000 4.620
28.90000 -0.151
28.92000 3.139
28.94000 -3.557
28.96000 1.361
28.98000 2.194
29.00000 5.375
29.02000 3.850
29.04000 1.182
29.06000 5.156
29.08000 9.889
29.10000 11.715
29.12000 6.656
29.14000 3.947
29.16000 -3.737
29.18000 -0.297
29.20000 9.735
29.22000 9.402
29.24000 5.285
29.26000 5.026
29.28000 4.615
29.30000 7.126
29.32000 5.675
29.34000 3.225
29.36000 0.680
29.38000 2.598
29.40000 0.812
29.42000 3.214
29.44000 2.749
29.46000 3.595
29.48000 -1.206
29.50000 0.178
29.52000 2.869
29.54000 1.576
29.56000 1.999
29.58000 4.929
29.60000 3.960
29.62000 -0.875
29.64000 -1.230
29.66000 -0.127
29.68000 7.078
29.70000 7.115
29.72000 0.578
29.74000 1.343
29.76000 4.553
29.78000 2.759
29.80000 5.696
29.82000 8.466
29.84000 5.167
29.86000 0.663
29.88000 0.078
29.90000 -1.261
29.92000 -2.469
29.94000 -0.629
29.96000 4.261
29.98000 4.847
30.00000 9.234
30.02000 4.626
30.04000 4.625
30.06000 -3.711
30.08000 -3.260
30.10000 -3.206
30.12000 4.497
30.14000 5.370
30.16000 6.875
30.18000 1.258
30.20000 -0.018
30.22000 3.478
30.24000 -1.107
30.26000 0.202
30.28000 4.541
30.30000 2.685
30.32000 1.484
30.34000 -1.360
30.36000 -1.100
30.38000 3.294
30.40000 0.966
30.42000 0.324
30.44000 4.364
30.46000 1.987
30.48000 2.229
30.50000 0.399
30.52000 -0.161
30.54000 -3.698
30.56000 -1.012
30.58000 -2.549
30.60000 -3.015
30.62000 2.469
30.64000 2.625
30.66000 0.324
30.68000 1.393
30.70000 4.189
30.72000 2.946
30.74000 1.559
30.76000 3.587
30.78000 6.550
30.80000 1.626
30.82000 1.113
30.84000 3.205
30.86000 0.046
30.88000 1.709
30.90000 0.610
30.92000 3.911
30.94000 3.595
30.96000 -3.140
30.98000 0.397
31.00000 2.530
31.02000 1.045
31.04000 1.211
31.06000 6.469
31.08000 4.096
31.10000 1.492
31.12000 4.970
31.14000 7.349
31.16000 5.673
31.18000 5.421
31.20000 3.698
31.22000 -0.069
31.24000 -1.343
31.26000 1.511
31.28000 0.070
31.30000 -1.097
31.32000 -1.664
31.34000 4.177
31.36000 5.527
31.38000 3.945
31.40000 -0.032
31.42000 2.583
31.44000 4.612
31.46000 3.149
31.48000 5.236
31.50000 8.244
31.52000 7.027
31.54000 6.221
31.56000 3.887
31.58000 0.384
31.60000 3.047
31.62000 3.991
31.64000 4.002
31.66000 2.173
31.68000 1.684
31.70000 3.612
31.72000 0.588
31.74000 -1.612
31.76000 -3.226
31.78000 0.415
31.80000 2.906
31.82000 3.877
31.84000 -2.810
31.86000 -3.656
31.88000 -1.676
31.90000 1.652
31.92000 2.120
31.94000 1.632
31.96000 0.945
31.98000 2.919
32.00000 2.844
32.02000 3.332
32.04000 4.214
32.06000 1.905
32.08000 1.161
32.10000 0.215
32.12000 3.462
32.14000 2.261
32.16000 0.459
32.18000 4.479
32.20000 -0.930
32.22000 4.016
32.24000 1.509
32.26000 -1.235
32.28000 -2.791
32.30000 -3.110
32.32000 2.229
32.34000 3.437
32.36000 1.302
32.38000 0.137
32.40000 5.140
32.42000 5.060
32.44000 -0.820
32.46000 -3.078
32.48000 0.162
32.50000 -0.166
32.52000 3.714
32.54000 2.049
32.56000 0.581
32.58000 2.284
32.60000 -0.407
32.62000 -0.074
32.64000 3.324
32.66000 4.513
32.68000 -3.654
32.70000 -0.749
32.72000 -0.847
32.74000 0.553
32.76000 4.186
32.78000 1.565
32.80000 0.630
32.82000 -1.236
32.84000 0.955
32.86000 4.843
32.88000 2.097
32.90000 -1.004
32.92000 -1.859
32.94000 -3.399
32.96000 1.034
32.98000 0.203
33.00000 2.236
33.02000 2.310
33.04000 0.467
33.06000 -0.884
33.08000 -0.419
33.10000 3.563
33.12000 6.989
33.14000 4.646
33.16000 1.977
33.18000 0.270
33.20000 1.988
33.22000 1.582
33.24000 3.213
33.26000 0.762
33.28000 2.277
33.30000 2.139
33.32000 5.188
33.34000 9.034
33.36000 7.698
33.38000 1.786
33.40000 2.390
33.42000 2.668
33.44000 2.534
33.46000 3.391
33.48000 0.313
33.50000 1.958
33.52000 3.591
33.54000 2.363
33.56000 1.865
33.58000 1.410
33.60000 1.060
33.62000 4.140
33.64000 7.309
33.66000 4.603
33.68000 4.348
33.70000 5.218
33.72000 7.040
33.74000 5.122
33.76000 1.898
33.78000 1.408
33.80000 2.264
33.82000 2.024
33.84000 1.181
33.86000 4.772
33.88000 3.105
33.90000 -2.211
33.92000 -2.463
33.94000 -0.259
33.96000 0.040
33.98000 1.734
34.00000 2.696
34.02000 -1.531
34.04000 0.709
34.06000 2.520
34.08000 4.845
34.10000 9.320
34.12000 5.458
34.14000 0.615
34.16000 -3.597
34.18000 5.303
34.20000 8.311
34.22000 4.254
34.24000 3.037
34.26000 3.204
34.28000 4.134
34.30000 6.342
34.32000 5.883
34.34000 6.983
34.36000 -2.243
34.38000 -3.040
34.40000 3.954
34.42000 8.938
34.44000 8.622
34.46000 4.069
34.48000 -0.766
34.50000 0.579
34.52000 1.241
34.54000 2.364
34.56000 0.560
34.58000 0.593
34.60000 -2.476
34.62000 4.039
34.64000 1.568
34.66000 1.857
34.68000 3.774
34.70000 4.030
34.72000 6.861
34.74000 3.235
34.76000 2.307
34.78000 4.042
34.80000 2.328
34.82000 -3.587
34.84000 -0.683
34.86000 0.506
34.88000 -0.088
34.90000 2.772
34.92000 3.194
34.94000 0.531
34.96000 0.991
34.98000 0.926
35.00000 2.785
35.02000 1.878
35.04000 -1.122
35.06000 2.613
35.08000 0.281
35.10000 3.786
35.12000 0.709
35.14000 1.772
35.16000 1.665
35.18000 -1.923
35.20000 -1.418
35.22000 3.233
35.24000 6.939
35.26000 7.855
35.28000 2.635
35.30000 -1.958
35.32000 -3.562
35.34000 -2.956
35.36000 -0.711
35.38000 5.189
35.40000 4.006
35.42000 0.023
35.44000 -3.589
35.46000 -2.705
35.48000 -1.378
35.50000 5.199
35.52000 2.790
35.54000 5.288
35.56000 3.400
35.58000 2.076
35.60000 2.767
35.62000 1.358
35.64000 -1.957
35.66000 -3.591
35.68000 -3.103
35.70000 2.160
35.72000 3.980
35.74000 4.709
35.76000 1.735
35.78000 2.064
35.80000 3.740
35.82000 9.632
35.84000 7.378
35.86000 -1.290
35.88000 -2.704
35.90000 2.229
35.92000 5.436
35.94000 5.822
35.96000 2.923
35.98000 0.654
36.00000 1.019
36.02000 0.052
36.04000 3.411
36.06000 1.061
36.08000 -2.455
36.10000 4.375
36.12000 2.432
36.14000 -1.709
36.16000 -3.618
36.18000 -0.341
36.20000 3.221
36.22000 2.334
36.24000 1.723
36.26000 4.005
36.28000 2.963
36.30000 0.130
36.32000 -0.758
36.34000 -2.714
36.36000 -2.302
36.38000 0.003
36.40000 -1.229
36.42000 0.518
36.44000 3.072
36.46000 1.926
36.48000 4.374
36.50000 7.904
36.52000 7.070
36.54000 2.747
36.56000 -1.432
36.58000 1.655
36.60000 7.499
36.62000 7.730
36.64000 4.891
36.66000 4.847
36.68000 2.745
36.70000 -0.049
36.72000 1.015
36.74000 2.283
36.76000 -3.017
36.78000 -1.267
36.80000 1.231
36.82000 3.908
36.84000 4.642
36.86000 5.692
36.88000 6.909
36.90000 2.916
36.92000 -1.210
36.94000 -3.653
36.96000 2.542
36.98000 4.185
37.00000 8.117
37.02000 7.035
37.04000 4.473
37.06000 4.368
37.08000 5.885
37.10000 5.939
37.12000 3.737
37.14000 6.490
37.16000 6.334
37.18000 2.642
37.20000 2.069
37.22000 2.489
37.24000 4.969
37.26000 2.873
37.28000 4.824
37.30000 1.187
37.32000 3.555
37.34000 4.579
37.36000 1.366
37.38000 5.726
37.40000 11.284
37.42000 11.897
37.44000 12.495
37.46000 11.623
37.48000 5.275
37.50000 2.332
37.52000 5.354
37.54000 6.281
37.56000 7.288
37.58000 3.215
37.60000 1.231
37.62000 3.587
37.64000 7.431
37.66000 1.005
37.68000 4.418
37.70000 8.133
37.72000 10.237
37.74000 12.472
37.76000 18.042
37.78000 17.585
37.80000 17.112
37.82000 11.796
37.84000 14.864
37.86000 15.602
37.88000 10.313
37.90000 17.130
37.92000 15.819
37.94000 15.291
37.96000 16.424
37.98000 17.482
38.00000 16.780
38.02000 19.009
38.04000 17.351
38.06000 15.766
38.08000 21.293
38.10000 25.442
38.12000 27.293
38.14000 19.911
38.16000 23.508
38.18000 29.992
38.20000 28.631
38.22000 32.096
38.24000 31.677
38.26000 28.341
38.28000 27.885
38.30000 24.270
38.32000 32.740
38.34000 37.556
38.36000 33.140
38.38000 29.223
38.40000 34.897
38.42000 39.384
38.44000 38.631
38.46000 40.374
38.48000 44.342
38.50000 42.670
38.52000 44.676
38.54000 47.271
38.56000 46.551
38.58000 52.033
38.60000 57.276
38.62000 55.787
38.64000 56.293
38.66000 59.102
38.68000 67.421
38.70000 66.341
38.72000 67.505
38.74000 70.737
38.76000 71.071
38.78000 70.936
38.80000 79.198
38.82000 80.291
38.84000 83.638
38.86000 92.052
38.88000 98.720
38.90000 97.473
38.92000 101.562
38.94000 105.966
38.96000 114.350
38.98000 119.818
39.00000 120.182
39.02000 128.205
39.04000 141.817
39.06000 147.751
39.08000 150.702
39.10000 153.625
39.12000 169.094
39.14000 172.970
39.16000 184.573
39.18000 195.848
39.20000 205.341
39.22000 216.780
39.24000 228.665
39.26000 240.649
39.28000 251.824
39.30000 263.169
39.32000 282.320
39.34000 304.933
39.36000 313.660
39.38000 328.112
39.40000 349.396
39.42000 371.706
39.44000 387.646
39.46000 403.915
39.48000 426.325
39.50000 448.112
39.52000 471.204
39.54000 484.038
39.56000 511.694
39.58000 530.212
39.60000 544.291
39.62000 557.270
39.64000 573.903
39.66000 595.139
39.68000 607.301
39.70000 632.633
39.72000 652.441
39.74000 654.879
39.76000 657.530
39.78000 659.827
39.80000 676.292
39.82000 669.339
39.84000 664.185
39.86000 679.130
39.88000 671.080
39.90000 674.030
39.92000 656.007
39.94000 630.356
39.96000 622.095
39.98000 615.826
40.00000 596.384
40.02000 589.280
40.04000 564.853
40.06000 545.525
40.08000 532.044
40.10000 515.096
40.12000 489.138
40.14000 464.950
40.16000 446.274
40.18000 416.814
40.20000 403.150
40.22000 389.020
40.24000 370.237
40.26000 350.386
40.28000 328.605
40.30000 309.269
40.32000 291.579
40.34000 272.866
40.36000 261.142
40.38000 243.328
40.40000 222.050
40.42000 212.955
40.44000 204.412
40.46000 192.128
40.48000 182.244
40.50000 164.401
40.52000 158.112
40.54000 150.355
40.56000 139.631
40.58000 128.304
40.60000 126.230
40.62000 115.706
40.64000 108.311
40.66000 103.699
40.68000 92.885
40.70000 84.564
40.72000 78.879
40.74000 74.988
40.76000 75.411
40.78000 74.827
40.80000 69.785
40.82000 65.955
40.84000 61.698
40.86000 56.537
40.88000 55.505
40.90000 52.589
40.92000 50.676
40.94000 44.850
40.96000 42.941
40.98000 45.826
41.00000 41.801
41.02000 32.551
41.04000 32.815
41.06000 34.948
41.08000 30.707
41.10000 29.686
41.12000 30.109
41.14000 32.439
41.16000 28.090
41.18000 27.448
41.20000 23.449
41.22000 16.883
41.24000 17.670
41.26000 21.905
41.28000 17.665
41.30000 16.099
41.32000 15.115
41.34000 14.747
41.36000 14.384
41.38000 15.067
41.40000 16.507
41.42000 16.230
41.44000 15.131
41.46000 9.985
41.48000 9.238
41.50000 9.850
41.52000 11.523
41.54000 9.795
41.56000 10.399
41.58000 6.888
41.60000 5.014
41.62000 8.104
41.64000 6.448
41.66000 5.008
41.68000 3.216
41.70000 5.222
41.72000 6.778
41.74000 5.933
41.76000 7.209
41.78000 4.596
41.80000 0.923
41.82000 1.406
41.84000 3.663
41.86000 4.307
41.88000 7.750
41.90000 6.883
41.92000 4.456
41.94000 1.665
41.96000 1.736
41.98000 3.376
42.00000 3.535
42.02000 3.960
42.04000 7.396
42.06000 3.322
42.08000 -0.362
42.10000 -1.497
42.12000 0.241
42.14000 -0.523
42.16000 0.484
42.18000 -0.447
42.20000 3.043
42.22000 3.471
42.24000 0.249
42.26000 0.217
42.28000 1.703
42.30000 -0.794
42.32000 1.891
42.34000 4.716
42.36000 -0.276
42.38000 -1.947
42.40000 -0.857
42.42000 5.594
42.44000 8.007
42.46000 2.021
42.48000 0.054
42.50000 0.093
42.52000 3.210
42.54000 2.095
42.56000 -0.529
42.58000 1.412
42.60000 0.963
42.62000 -3.112
42.64000 -3.353
42.66000 0.710
42.68000 -1.329
42.70000 -0.269
42.72000 3.062
42.74000 7.924
42.76000 7.743
42.78000 2.241
42.80000 0.161
42.82000 -0.584
42.84000 0.021
42.86000 1.551
42.88000 -0.509
42.90000 2.025
42.92000 0.042
42.94000 1.262
42.96000 -1.857
42.98000 -0.251
43.00000 1.471
43.02000 2.372
43.04000 1.339
43.06000 0.202
43.08000 0.248
43.10000 4.705
43.12000 3.156
43.14000 0.159
43.16000 -1.924
43.18000 -1.916
43.20000 -0.804
43.22000 -2.832
43.24000 0.822
43.26000 5.490
43.28000 0.055
43.30000 -0.484
43.32000 -2.163
43.34000 -0.638
43.36000 1.087
43.38000 1.403
43.40000 0.949
43.42000 -0.716
43.44000 -2.688
43.46000 1.333
43.48000 2.156
43.50000 0.928
43.52000 1.025
43.54000 2.985
43.56000 1.678
43.58000 -3.283
43.60000 -2.619
43.62000 -0.847
43.64000 -1.485
43.66000 -1.117
43.68000 -1.673
43.70000 2.038
43.72000 1.592
43.74000 1.605
43.76000 -0.527
43.78000 -1.464
43.80000 -0.927
43.82000 0.247
43.84000 1.243
43.86000 -0.074
43.88000 -2.717
43.90000 -1.766
43.92000 -1.809
43.94000 -0.096
43.96000 3.344
43.98000 3.136
44.00000 0.232
44.02000 0.961
44.04000 3.005
44.06000 1.372
44.08000 2.062
44.10000 -2.930
44.12000 -3.253
44.14000 -2.116
44.16000 -1.467
44.18000 2.115
44.20000 3.060
44.22000 3.692
44.24000 4.418
44.26000 2.998
44.28000 1.851
44.30000 -1.171
44.32000 -1.419
44.34000 -2.794
44.36000 -2.477
44.38000 -2.218
44.40000 -0.388
44.42000 0.479
44.44000 1.012
44.46000 -0.531
44.48000 1.742
44.50000 2.303
44.52000 -0.158
44.54000 -1.861
44.56000 -2.087
44.58000 -0.494
44.60000 0.683
44.62000 -2.030
44.64000 -0.324
44.66000 4.370
44.68000 0.198
44.70000 -3.212
44.72000 1.149
44.74000 2.795
44.76000 2.580
44.78000 1.630
44.80000 3.272
44.82000 1.460
44.84000 7.759
44.86000 6.137
44.88000 1.877
44.90000 4.440
44.92000 3.209
44.94000 2.609
44.96000 5.006
44.98000 8.146
45.00000 7.640
45.02000 7.756
45.04000 6.862
45.06000 8.511
45.08000 8.338
45.10000 7.909
45.12000 7.750
45.14000 5.514
45.16000 7.583
45.18000 7.573
45.20000 9.065
45.22000 12.303
45.24000 11.966
45.26000 10.875
45.28000 8.095
45.30000 14.947
45.32000 14.312
45.34000 13.689
45.36000 14.037
45.38000 13.301
45.40000 15.242
45.42000 12.837
45.44000 19.099
45.46000 16.506
45.48000 15.906
45.50000 15.976
45.52000 15.485
45.54000 17.007
45.56000 23.537
45.58000 23.239
45.60000 21.719
45.62000 22.106
45.64000 22.760
45.66000 21.807
45.68000 21.861
45.70000 25.535
45.72000 29.583
45.74000 28.045
45.76000 30.842
45.78000 33.057
45.80000 32.819
45.82000 32.684
45.84000 31.323
45.86000 31.893
45.88000 38.704
45.90000 38.448
45.92000 37.502
45.94000 37.167
45.96000 39.760
45.98000 43.721
46.00000 49.459
46.02000 51.210
46.04000 53.380
46.06000 52.094
46.08000 53.615
46.10000 50.158
46.12000 53.257
46.14000 57.105
46.16000 53.327
46.18000 57.575
46.20000 59.314
46.22000 60.803
46.24000 62.280
46.26000 63.526
46.28000 59.457
46.30000 63.657
46.32000 62.083
46.34000 60.947
46.36000 65.597
46.38000 71.969
46.40000 74.866
46.42000 66.153
46.44000 67.914
46.46000 69.020
46.48000 68.060
46.50000 72.999
46.52000 66.769
46.54000 65.577
46.56000 65.875
46.58000 65.100
46.60000 65.524
46.62000 67.425
46.64000 68.967
46.66000 63.051
46.68000 62.280
46.70000 61.363
46.72000 63.039
46.74000 59.854
46.76000 52.267
46.78000 49.407
46.80000 52.183
46.82000 53.629
46.84000 56.146
46.86000 59.287
46.88000 53.826
46.90000 50.007
46.92000 47.938
46.94000 44.804
46.96000 39.822
46.98000 41.411
47.00000 34.761
47.02000 35.270
47.04000 32.177
47.06000 34.981
47.08000 30.588
47.10000 30.947
47.12000 25.474
47.14000 25.674
47.16000 23.345
47.18000 26.559
47.20000 23.929
47.22000 21.800
47.24000 21.678
47.26000 19.815
47.28000 17.721
47.30000 22.256
47.32000 18.771
47.34000 15.887
47.36000 13.240
47.38000 11.421
47.40000 7.521
47.42000 6.044
47.44000 11.955
47.46000 8.883
47.48000 11.208
47.50000 10.532
47.52000 8.813
47.54000 4.986
47.56000 4.687
47.58000 7.828
47.60000 6.599
47.62000 7.758
47.64000 8.824
47.66000 6.755
47.68000 6.883
47.70000 6.299
47.72000 4.564
47.74000 7.942
47.76000 7.867
47.78000 5.675
47.80000 4.015
47.82000 0.844
47.84000 3.181
47.86000 3.398
47.88000 3.272
47.90000 2.518
47.92000 0.127
47.94000 3.035
47.96000 -1.505
47.98000 -2.237
48.00000 4.947
48.02000 8.149
48.04000 8.333
48.06000 4.418
48.08000 6.905
48.10000 6.497
48.12000 9.122
48.14000 2.807
48.16000 1.203
48.18000 1.662
48.20000 3.593
48.22000 2.983
48.24000 -0.348
48.26000 -2.875
48.28000 -1.305
48.30000 1.080
48.32000 0.159
48.34000 2.365
48.36000 2.830
48.38000 4.497
48.40000 5.475
48.42000 2.802
48.44000 0.326
48.46000 -0.072
48.48000 0.012
48.50000 1.291
48.52000 1.625
48.54000 2.916
48.56000 4.192
48.58000 1.462
48.60000 4.281
48.62000 1.133
48.64000 -2.823
48.66000 2.401
48.68000 3.202
48.70000 4.234
48.72000 4.704
48.74000 0.633
48.76000 1.651
48.78000 0.463
48.80000 -1.063
48.82000 -2.814
48.84000 0.233
48.86000 2.321
48.88000 5.089
48.90000 2.774
48.92000 -2.459
48.94000 0.409
48.96000 6.751
48.98000 3.282
49.00000 2.761
49.02000 -0.980
49.04000 0.695
49.06000 2.974
49.08000 4.963
49.10000 5.808
49.12000 -0.403
49.14000 -1.105
49.16000 -0.072
49.18000 -2.121
49.20000 -0.525
49.22000 3.293
49.24000 3.132
49.26000 0.274
49.28000 2.976
49.30000 7.510
49.32000 5.059
49.34000 5.097
49.36000 1.345
49.38000 -0.322
49.40000 -2.788
49.42000 -2.706
49.44000 -1.905
49.46000 2.088
49.48000 1.426
49.50000 3.075
49.52000 0.743
49.54000 2.117
49.56000 1.172
49.58000 -0.422
49.60000 -0.556
49.62000 0.691
49.64000 0.807
49.66000 0.639
49.68000 1.120
49.70000 -0.877
49.72000 1.971
49.74000 3.899
49.76000 1.973
49.78000 0.704
49.80000 2.483
49.82000 1.141
49.84000 -0.393
49.86000 0.677
49.88000 1.513
49.90000 3.639
49.92000 3.754
49.94000 3.897
49.96000 -2.514
49.98000 -0.862
50.00000 3.320
50.02000 3.080
50.04000 -0.755
50.06000 3.899
50.08000 4.410
50.10000 3.404
50.12000 1.026
50.14000 1.834
50.16000 1.312
50.18000 2.085
50.20000 2.181
50.22000 -0.110
50.24000 -2.727
50.26000 1.762
50.28000 5.426
50.30000 4.252
50.32000 4.633
50.34000 4.338
50.36000 3.004
50.38000 6.414
50.40000 5.569
50.42000 2.014
50.44000 0.434
50.46000 -0.218
50.48000 4.194
50.50000 2.603
50.52000 0.160
50.54000 0.530
50.56000 0.362
50.58000 6.267
50.60000 1.093
50.62000 2.106
50.64000 3.255
50.66000 2.922
50.68000 0.333
50.70000 1.925
50.72000 1.066
50.74000 0.008
50.76000 0.199
50.78000 2.135
50.80000 4.665
50.82000 2.520
50.84000 4.009
50.86000 5.388
50.88000 1.337
50.90000 0.641
50.92000 2.617
50.94000 4.412
50.96000 3.093
50.98000 2.226
51.00000 1.984
51.02000 0.242
51.04000 -2.464
51.06000 -0.207
51.08000 3.620
51.10000 2.076
51.12000 -0.700
51.14000 3.042
51.16000 3.347
51.18000 5.717
51.20000 1.033
51.22000 4.066
51.24000 3.732
51.26000 3.782
51.28000 2.837
51.30000 2.095
51.32000 5.233
51.34000 3.514
51.36000 1.754
51.38000 1.314
51.40000 2.381
51.42000 2.103
51.44000 -0.045
51.46000 -0.934
51.48000 0.796
51.50000 0.812
51.52000 1.606
51.54000 0.035
51.56000 0.778
51.58000 1.344
51.60000 -1.779
51.62000 -1.751
51.64000 -2.662
51.66000 0.593
51.68000 2.546
51.70000 7.410
51.72000 3.361
51.74000 4.927
51.76000 3.615
51.78000 1.961
51.80000 1.343
51.82000 -1.389
51.84000 0.677
51.86000 4.646
51.88000 6.002
51.90000 4.453
51.92000 4.100
51.94000 2.123
51.96000 2.274
51.98000 5.062
52.00000 6.998
52.02000 3.338
52.04000 1.111
52.06000 1.342
52.08000 3.219
52.10000 2.330
52.12000 0.066
52.14000 2.499
52.16000 1.356
52.18000 -2.645
52.20000 -0.924
52.22000 -1.117
52.24000 4.122
52.26000 4.359
52.28000 2.033
52.30000 4.725
52.32000 3.193
52.34000 3.552
52.36000 -1.508
52.38000 -1.760
52.40000 0.551
52.42000 3.019
52.44000 3.097
52.46000 3.748
52.48000 2.430
52.50000 3.216
52.52000 -1.330
52.54000 -1.618
52.56000 1.829
52.58000 -1.560
52.60000 1.712
52.62000 -0.724
52.64000 -1.200
52.66000 2.912
52.68000 -0.667
52.70000 -0.594
52.72000 1.322
52.74000 4.583
52.76000 5.540
52.78000 4.451
52.80000 6.936
52.82000 6.738
52.84000 -0.267
52.86000 -0.585
52.88000 0.391
52.90000 3.364
52.92000 2.772
52.94000 -0.777
52.96000 -1.478
52.98000 4.693
53.00000 4.451
53.02000 1.806
53.04000 -0.536
53.06000 -1.922
53.08000 -2.625
53.10000 2.445
53.12000 3.395
53.14000 4.535
53.16000 4.764
53.18000 7.466
53.20000 7.436
53.22000 5.380
53.24000 -0.679
53.26000 1.307
53.28000 2.454
53.30000 3.414
53.32000 -0.046
53.34000 4.098
53.36000 4.224
53.38000 2.069
53.40000 0.061
53.42000 -2.604
53.44000 -1.581
53.46000 -0.011
53.48000 2.439
53.50000 3.958
53.52000 3.212
53.54000 2.985
53.56000 -2.309
53.58000 -0.596
53.60000 3.354
53.62000 2.573
53.64000 1.895
53.66000 2.841
53.68000 -0.680
53.70000 -0.969
53.72000 4.695
53.74000 3.909
53.76000 0.303
53.78000 -0.537
53.80000 -0.425
53.82000 -0.274
53.84000 5.557
53.86000 4.246
53.88000 4.472
53.90000 0.579
53.92000 2.322
53.94000 1.649
53.96000 -0.711
53.98000 0.864
54.00000 -0.393
54.02000 2.397
54.04000 3.814
54.06000 4.484
54.08000 3.815
54.10000 1.073
54.12000 3.471
54.14000 -0.216
54.16000 4.617
54.18000 0.294
54.20000 -2.031
54.22000 -0.032
54.24000 0.947
54.26000 2.593
54.28000 4.852
54.30000 2.261
54.32000 4.840
54.34000 3.231
54.36000 3.441
54.38000 4.461
54.40000 4.224
54.42000 2.336
54.44000 3.394
54.46000 1.628
54.48000 -1.282
54.50000 0.516
54.52000 -2.597
54.54000 0.988
54.56000 -1.802
54.58000 0.926
54.60000 6.518
54.62000 4.520
54.64000 -0.915
54.66000 4.674
54.68000 7.196
54.70000 4.165
54.72000 0.780
54.74000 -0.093
54.76000 1.881
54.78000 3.890
54.80000 3.210
54.82000 2.130
54.84000 5.362
54.86000 5.721
54.88000 0.649
54.90000 -1.513
54.92000 0.797
54.94000 1.268
54.96000 0.465
54.98000 2.234
55.00000 3.806
55.02000 -0.377
55.04000 -0.012
55.06000 -1.755
55.08000 0.520
55.10000 1.695
55.12000 6.937
55.14000 4.460
55.16000 1.914
55.18000 3.744
55.20000 0.155
55.22000 3.101
55.24000 3.257
55.26000 1.796
55.28000 0.690
55.30000 -0.804
55.32000 -1.642
55.34000 0.640
55.36000 1.199
55.38000 4.009
55.40000 2.785
55.42000 4.680
55.44000 2.004
55.46000 2.061
55.48000 4.178
55.50000 1.022
55.52000 2.953
55.54000 2.031
55.56000 2.824
55.58000 2.566
55.60000 4.516
55.62000 0.582
55.64000 0.158
55.66000 2.352
55.68000 0.263
55.70000 1.281
55.72000 4.940
55.74000 4.651
55.76000 2.698
55.78000 1.386
55.80000 -2.559
55.82000 0.081
55.84000 3.392
55.86000 8.433
55.88000 2.319
55.90000 1.257
55.92000 1.356
55.94000 0.350
55.96000 -2.028
55.98000 1.124
56.00000 5.553
56.02000 6.631
56.04000 2.487
56.06000 1.212
56.08000 -0.126
56.10000 -0.720
56.12000 4.751
56.14000 5.116
56.16000 6.234
56.18000 5.307
56.20000 1.798
56.22000 2.750
56.24000 6.399
56.26000 2.396
56.28000 2.344
56.30000 4.017
56.32000 1.202
56.34000 2.993
56.36000 4.851
56.38000 4.817
56.40000 0.251
56.42000 -0.078
56.44000 -2.040
56.46000 -0.208
56.48000 1.365
56.50000 3.199
56.52000 1.646
56.54000 1.580
56.56000 3.337
56.58000 4.503
56.60000 3.516
56.62000 5.117
56.64000 0.395
56.66000 3.218
56.68000 3.541
56.70000 -0.083
56.72000 4.187
56.74000 3.820
56.76000 3.741
56.78000 2.564
56.80000 0.004
56.82000 2.252
56.84000 4.793
56.86000 1.844
56.88000 3.590
56.90000 2.191
56.92000 1.711
56.94000 1.386
56.96000 4.020
56.98000 1.472
57.00000 -0.660
57.02000 1.403
57.04000 2.959
57.06000 5.009
57.08000 8.124
57.10000 5.141
57.12000 3.564
57.14000 2.303
57.16000 1.838
57.18000 4.160
57.20000 3.986
57.22000 3.393
57.24000 3.158
57.26000 2.654
57.28000 -2.513
57.30000 0.602
57.32000 -0.485
57.34000 1.978
57.36000 4.538
57.38000 3.932
57.40000 6.669
57.42000 8.592
57.44000 4.569
57.46000 3.396
57.48000 1.416
57.50000 2.272
57.52000 0.680
57.54000 0.236
57.56000 1.264
57.58000 0.633
57.60000 -0.492
57.62000 4.634
57.64000 6.667
57.66000 2.534
57.68000 4.796
57.70000 2.981
57.72000 -0.983
57.74000 1.662
57.76000 4.087
57.78000 3.915
57.80000 5.887
57.82000 3.001
57.84000 -0.897
57.86000 -1.395
57.88000 -0.774
57.90000 1.971
57.92000 2.372
57.94000 4.359
57.96000 1.944
57.98000 2.072
58.00000 0.316
58.02000 1.014
58.04000 2.808
58.06000 -1.138
58.08000 -2.502
58.10000 -0.690
58.12000 -0.075
58.14000 5.100
58.16000 5.128
58.18000 3.136
58.20000 1.065
58.22000 0.861
58.24000 -2.246
58.26000 1.110
58.28000 -0.254
58.30000 2.575
58.32000 2.767
58.34000 1.877
58.36000 2.081
58.38000 4.783
58.40000 4.372
58.42000 3.240
58.44000 6.010
58.46000 2.832
58.48000 4.598
58.50000 7.122
58.52000 8.478
58.54000 4.062
58.56000 5.240
58.58000 -1.782
58.60000 -1.709
58.62000 2.945
58.64000 4.141
58.66000 -1.047
58.68000 -2.486
58.70000 0.007
58.72000 2.826
58.74000 1.989
58.76000 1.320
58.78000 1.083
58.80000 -0.939
58.82000 2.264
58.84000 3.717
58.86000 -0.055
58.88000 -1.648
58.90000 -0.043
58.92000 -2.481
58.94000 -1.452
58.96000 -0.674
58.98000 1.614
59.00000 2.372
59.02000 2.079
59.04000 3.140
59.06000 5.311
59.08000 4.462
59.10000 5.269
59.12000 4.467
59.14000 3.092
59.16000 1.395
59.18000 4.085
59.20000 4.615
59.22000 1.416
59.24000 1.663
59.26000 0.658
59.28000 3.143
59.30000 3.890
59.32000 0.962
59.34000 1.259
59.36000 1.988
59.38000 3.004
59.40000 4.019
59.42000 4.981
59.44000 1.643
59.46000 1.301
59.48000 1.191
59.50000 0.570
59.52000 3.290
59.54000 -1.253
59.56000 -2.455
59.58000 -0.261
59.60000 2.826
59.62000 3.472
59.64000 0.651
59.66000 -0.709
59.68000 4.032
59.70000 3.255
59.72000 2.004
59.74000 5.654
59.76000 2.862
59.78000 3.673
59.80000 2.288
59.82000 2.194
59.84000 1.698
59.86000 3.495
59.88000 3.373
59.90000 2.396
59.92000 -0.399
59.94000 2.592
59.96000 2.346
59.98000 0.589
60.00000 0.504
60.02000 3.322
60.04000 1.905
60.06000 2.372
60.08000 2.067
60.10000 1.320
60.12000 0.553
60.14000 -2.406
60.16000 0.916
60.18000 3.661
60.20000 3.330
60.22000 5.268
60.24000 6.198
60.26000 4.615
60.28000 1.441
60.30000 1.913
60.32000 3.719
60.34000 4.551
60.36000 2.631
60.38000 1.968
60.40000 5.062
60.42000 7.198
60.44000 5.593
60.46000 6.396
60.48000 5.521
60.50000 -1.326
60.52000 0.419
60.54000 3.832
60.56000 2.260
60.58000 5.653
60.60000 4.812
60.62000 6.093
60.64000 2.419
60.66000 2.542
60.68000 3.439
60.70000 5.079
60.72000 2.309
60.74000 2.370
60.76000 4.046
60.78000 2.555
60.80000 1.975
60.82000 0.110
60.84000 -2.426
60.86000 -0.538
60.88000 2.574
60.90000 4.191
60.92000 5.368
60.94000 2.397
60.96000 2.460
60.98000 2.276
61.00000 4.210
61.02000 -0.748
61.04000 -1.154
61.06000 -1.228
61.08000 0.009
61.10000 4.142
61.12000 2.532
61.14000 -1.388
61.16000 -1.231
61.18000 2.567
61.20000 -1.349
61.22000 -2.090
61.24000 2.848
61.26000 3.945
61.28000 4.886
61.30000 3.322
61.32000 1.622
61.34000 1.938
61.36000 2.156
61.38000 4.977
61.40000 5.199
61.42000 3.627
61.44000 3.661
61.46000 0.601
61.48000 1.741
61.50000 1.177
61.52000 -1.363
61.54000 0.285
61.56000 2.374
61.58000 0.295
61.60000 4.293
61.62000 3.673
61.64000 1.653
61.66000 2.610
61.68000 0.951
61.70000 2.260
61.72000 3.209
61.74000 0.965
61.76000 2.352
61.78000 1.714
61.80000 1.606
61.82000 -0.914
61.84000 -0.091
61.86000 -0.412
61.88000 -2.391
61.90000 -1.457
61.92000 2.114
61.94000 3.038
61.96000 1.918
61.98000 3.157
62.00000 6.047
62.02000 2.134
62.04000 -2.381
62.06000 1.696
62.08000 5.021
62.10000 5.346
62.12000 5.450
62.14000 2.968
62.16000 2.239
62.18000 2.824
62.20000 0.586
62.22000 4.088
62.24000 4.972
62.26000 5.506
62.28000 2.956
62.30000 1.229
62.32000 1.416
62.34000 1.915
62.36000 1.098
62.38000 3.297
62.40000 2.248
62.42000 0.523
62.44000 3.251
62.46000 5.293
62.48000 3.450
62.50000 3.599
62.52000 0.712
62.54000 1.990
62.56000 3.847
62.58000 3.702
62.60000 6.425
62.62000 5.153
62.64000 2.931
62.66000 2.096
62.68000 0.337
62.70000 -1.593
62.72000 -1.501
62.74000 -0.645
62.76000 2.249
62.78000 4.892
62.80000 2.843
62.82000 2.427
62.84000 4.391
62.86000 5.981
62.88000 3.397
62.90000 -0.500
62.92000 2.589
62.94000 4.534
62.96000 5.724
62.98000 5.405
63.00000 4.796
63.02000 3.692
63.04000 1.597
63.06000 3.660
63.08000 1.654
63.10000 1.957
63.12000 0.968
63.14000 -1.767
63.16000 -2.364
63.18000 -2.066
63.20000 -0.202
63.22000 2.969
63.24000 3.460
63.26000 1.488
63.28000 -0.109
63.30000 1.440
63.32000 1.353
63.34000 0.411
63.36000 -0.671
63.38000 -1.442
63.40000 0.995
63.42000 1.964
63.44000 6.436
63.46000 1.882
63.48000 2.742
63.50000 4.293
63.52000 2.125
63.54000 2.558
63.56000 1.812
63.58000 1.286
63.60000 1.622
63.62000 1.703
63.64000 1.098
63.66000 -1.531
63.68000 -0.199
63.70000 1.369
63.72000 -2.355
63.74000 -2.387
63.76000 1.540
63.78000 2.474
63.80000 3.455
63.82000 2.024
63.84000 1.586
63.86000 2.132
63.88000 2.338
63.90000 6.870
63.92000 4.481
63.94000 1.255
63.96000 2.515
63.98000 2.313
64.00000 -0.224
64.02000 0.242
64.04000 0.286
64.06000 2.512
64.08000 1.481
64.10000 1.281
64.12000 2.973
64.14000 3.153
64.16000 0.939
64.18000 -0.064
64.20000 0.316
64.22000 1.944
64.24000 1.471
64.26000 1.565
64.28000 -2.405
64.30000 -0.187
64.32000 0.049
64.34000 0.418
64.36000 -1.824
64.38000 0.553
64.40000 1.107
64.42000 1.794
64.44000 0.241
64.46000 4.108
64.48000 2.361
64.50000 -1.492
64.52000 0.275
64.54000 0.649
64.56000 2.999
64.58000 0.009
64.60000 0.396
64.62000 1.128
64.64000 1.397
64.66000 2.218
64.68000 1.237
64.70000 0.744
64.72000 -1.482
64.74000 0.978
64.76000 0.945
64.78000 -1.665
64.80000 -0.252
64.82000 1.371
64.84000 -0.437
64.86000 -1.778
64.88000 -0.731
64.90000 -0.094
64.92000 1.158
64.94000 0.485
64.96000 -0.611
64.98000 -2.310
65.00000 0.170
65.02000 1.858
65.04000 2.957
65.06000 2.989
65.08000 1.704
65.10000 0.843
65.12000 -2.435
65.14000 -1.189
65.16000 1.329
65.18000 1.295
65.20000 1.459
65.22000 0.554
65.24000 0.131
65.26000 3.549
65.28000 3.927
65.30000 -0.685
65.32000 -1.218
65.34000 -1.456
65.36000 -1.958
65.38000 -2.284
65.40000 0.206
65.42000 -2.447
65.44000 -0.411
65.46000 1.889
65.48000 2.827
65.50000 -1.888
65.52000 -2.451
65.54000 -1.714
65.56000 -1.441
65.58000 0.760
65.60000 1.344
65.62000 0.390
65.64000 1.631
65.66000 1.454
65.68000 1.897
65.70000 3.126
65.72000 1.887
65.74000 -2.422
65.76000 -0.977
65.78000 1.277
65.80000 1.651
65.82000 4.289
65.84000 2.637
65.86000 3.726
65.88000 3.643
65.90000 -2.222
65.92000 -1.197
65.94000 -1.336
65.96000 -1.102
65.98000 -0.076
66.00000 -1.305
66.02000 -2.468
66.04000 0.294
66.06000 -1.686
66.08000 -2.473
66.10000 0.550
66.12000 1.306
66.14000 4.079
66.16000 4.147
66.18000 2.520
66.20000 -0.106
66.22000 0.014
66.24000 2.005
66.26000 2.668
66.28000 1.225
66.30000 2.211
66.32000 3.338
66.34000 4.546
66.36000 4.293
66.38000 1.928
66.40000 2.713
66.42000 2.319
66.44000 -0.115
66.46000 2.320
66.48000 0.474
66.50000 -0.501
66.52000 -0.680
66.54000 1.495
66.56000 2.241
66.58000 3.005
66.60000 1.317
66.62000 1.076
66.64000 5.691
66.66000 4.506
66.68000 3.990
66.70000 2.202
66.72000 3.282
66.74000 5.991
66.76000 7.260
66.78000 4.724
66.80000 4.181
66.82000 8.222
66.84000 3.157
66.86000 3.732
66.88000 6.189
66.90000 5.089
66.92000 7.934
66.94000 9.872
66.96000 3.749
66.98000 6.144
67.00000 7.424
67.02000 8.369
67.04000 9.676
67.06000 7.950
67.08000 8.125
67.10000 8.938
67.12000 8.790
67.14000 8.648
67.16000 9.470
67.18000 10.281
67.20000 8.966
67.22000 12.015
67.24000 11.882
67.26000 12.317
67.28000 11.950
67.30000 15.322
67.32000 12.743
67.34000 13.765
67.36000 15.024
67.38000 14.246
67.40000 12.720
67.42000 15.342
67.44000 15.594
67.46000 14.845
67.48000 13.447
67.50000 15.879
67.52000 18.467
67.54000 17.399
67.56000 16.430
67.58000 17.280
67.60000 18.055
67.62000 18.127
67.64000 18.919
67.66000 15.632
67.68000 17.813
67.70000 19.253
67.72000 17.626
67.74000 17.164
67.76000 17.255
67.78000 15.833
67.80000 18.862
67.82000 19.821
67.84000 18.817
67.86000 19.717
67.88000 18.569
67.90000 17.135
67.92000 16.896
67.94000 13.617
67.96000 14.300
67.98000 15.093
68.00000 16.539
68.02000 13.092
68.04000 10.754
68.06000 13.020
68.08000 13.735
68.10000 14.787
68.12000 13.405
68.14000 15.812
68.16000 16.526
68.18000 13.004
68.20000 11.916
68.22000 11.897
68.24000 11.668
68.26000 8.536
68.28000 8.081
68.30000 6.805
68.32000 8.644
68.34000 6.104
68.36000 6.406
68.38000 7.579
68.40000 6.237
68.42000 5.230
68.44000 5.766
68.46000 5.665
68.48000 8.035
68.50000 8.844
68.52000 5.596
68.54000 4.123
68.56000 4.653
68.58000 3.886
68.60000 1.825
68.62000 4.612
68.64000 6.888
68.66000 3.316
68.68000 4.716
68.70000 3.736
68.72000 4.617
68.74000 3.492
68.76000 0.687
68.78000 2.936
68.80000 5.536
68.82000 5.375
68.84000 2.726
68.86000 0.459
68.88000 4.318
68.90000 4.231
68.92000 1.666
68.94000 -0.206
68.96000 2.239
68.98000 5.271
69.00000 3.162
69.02000 3.699
69.04000 4.025
69.06000 3.448
69.08000 1.919
69.10000 2.892
69.12000 1.914
69.14000 -0.899
69.16000 0.933
69.18000 2.389
69.20000 3.140
69.22000 0.532
69.24000 -1.108
69.26000 -1.316
69.28000 -1.189
69.30000 -2.369
69.32000 -1.951
69.34000 0.131
69.36000 -2.227
69.38000 2.340
69.40000 1.208
69.42000 1.880
69.44000 1.093
69.46000 -1.434
69.48000 0.740
69.50000 -0.808
69.52000 2.704
69.54000 3.126
69.56000 1.562
69.58000 2.166
69.60000 1.075
69.62000 -0.662
69.64000 0.514
69.66000 2.184
69.68000 2.582
69.70000 -2.048
69.72000 -0.015
69.74000 3.226
69.76000 4.974
69.78000 -0.238
69.80000 -0.927
69.82000 1.470
69.84000 3.723
69.86000 2.208
69.88000 5.342
69.90000 2.616
69.92000 2.344
69.94000 1.388
69.96000 0.916
69.98000 1.479
70.00000 -0.743
70.02000 -0.323
70.04000 5.274
70.06000 4.730
70.08000 -0.022
70.10000 -2.329
70.12000 -0.070
70.14000 -1.733
70.16000 -2.199
70.18000 -2.152
70.20000 0.448
70.22000 -0.006
70.24000 -0.320
70.26000 0.655
70.28000 2.426
70.30000 1.422
70.32000 -0.020
70.34000 -1.581
70.36000 -1.887
70.38000 1.206
70.40000 0.675
70.42000 -2.323
70.44000 -0.020
70.46000 -1.181
70.48000 -2.321
70.50000 0.911
70.52000 -0.726
70.54000 3.131
70.56000 1.527
70.58000 1.598
70.60000 -2.133
70.62000 -1.226
70.64000 1.241
70.66000 -1.430
70.68000 1.201
70.70000 -1.204
70.72000 -1.110
70.74000 3.379
70.76000 -0.507
70.78000 0.634
70.80000 1.061
70.82000 2.253
70.84000 0.544
70.86000 2.424
70.88000 1.692
70.90000 0.678
70.92000 0.693
70.94000 2.495
70.96000 1.444
70.98000 3.573
71.00000 1.198
71.02000 1.852
71.04000 2.670
71.06000 1.403
71.08000 1.592
71.10000 4.331
71.12000 4.628
71.14000 -1.162
71.16000 1.528
71.18000 0.635
71.20000 4.515
71.22000 4.117
71.24000 1.731
71.26000 -0.333
71.28000 0.730
71.30000 2.339
71.32000 4.665
71.34000 1.436
71.36000 1.710
71.38000 1.229
71.40000 -0.092
71.42000 -2.257
71.44000 4.020
71.46000 2.963
71.48000 4.031
71.50000 1.842
71.52000 2.861
71.54000 4.694
71.56000 5.056
71.58000 1.871
71.60000 -0.759
71.62000 2.294
71.64000 3.708
71.66000 5.496
71.68000 2.675
71.70000 6.578
71.72000 5.413
71.74000 5.248
71.76000 4.882
71.78000 4.501
71.80000 3.742
71.82000 2.965
71.84000 2.988
71.86000 1.574
71.88000 1.584
71.90000 -1.569
71.92000 -0.415
71.94000 -1.365
71.96000 2.318
71.98000 2.142
72.00000 1.037
72.02000 -1.591
72.04000 0.212
72.06000 4.397
72.08000 3.711
72.10000 2.863
72.12000 3.505
72.14000 2.073
72.16000 2.987
72.18000 5.289
72.20000 4.190
72.22000 0.066
72.24000 2.745
72.26000 1.791
72.28000 -0.346
72.30000 0.420
72.32000 -2.250
72.34000 -1.499
72.36000 1.427
72.38000 2.729
72.40000 4.711
72.42000 6.473
72.44000 1.622
72.46000 1.122
72.48000 0.901
72.50000 -2.014
72.52000 -0.865
72.54000 -1.209
72.56000 1.753
72.58000 0.949
72.60000 2.211
72.62000 2.987
72.64000 0.554
72.66000 -1.026
72.68000 -0.816
72.70000 -0.299
72.72000 0.404
72.74000 -2.066
72.76000 2.298
72.78000 5.741
72.80000 0.443
72.82000 0.387
72.84000 -0.680
72.86000 3.685
72.88000 3.982
72.90000 0.734
72.92000 2.379
72.94000 1.170
72.96000 1.669
72.98000 5.074
73.00000 4.284
73.02000 2.284
73.04000 1.141
73.06000 0.928
73.08000 4.274
73.10000 4.085
73.12000 2.995
73.14000 0.881
73.16000 1.111
73.18000 -1.918
73.20000 -2.208
73.22000 1.120
73.24000 0.427
73.26000 4.428
73.28000 6.480
73.30000 6.159
73.32000 1.877
73.34000 -0.198
73.36000 1.581
73.38000 4.142
73.40000 3.309
73.42000 1.932
73.44000 2.390
73.46000 4.457
73.48000 0.151
73.50000 -0.457
73.52000 -0.177
73.54000 3.182
73.56000 2.571
73.58000 -0.314
73.60000 0.423
73.62000 2.711
73.64000 2.987
73.66000 -0.376
73.68000 -1.836
73.70000 -0.313
73.72000 2.532
73.74000 1.859
73.76000 0.871
73.78000 1.578
73.80000 3.077
73.82000 2.601
73.84000 1.678
73.86000 -0.113
73.88000 1.142
73.90000 1.928
73.92000 0.950
73.94000 1.500
73.96000 1.887
73.98000 1.206
74.00000 3.310
74.02000 5.746
74.04000 2.449
74.06000 2.734
74.08000 2.576
74.10000 6.173
74.12000 1.295
74.14000 -0.019
74.16000 -0.608
74.18000 0.516
74.20000 2.272
74.22000 7.091
74.24000 4.619
74.26000 2.350
74.28000 0.330
74.30000 3.082
74.32000 2.382
74.34000 3.991
74.36000 0.283
74.38000 -2.196
74.40000 -1.076
74.42000 -0.422
74.44000 2.363
74.46000 3.761
74.48000 6.007
74.50000 6.686
74.52000 4.637
74.54000 2.421
74.56000 5.252
74.58000 7.208
74.60000 5.243
74.62000 -0.127
74.64000 0.536
74.66000 3.520
74.68000 1.771
74.70000 1.525
74.72000 1.025
74.74000 5.115
74.76000 4.017
74.78000 -0.013
74.80000 -1.358
74.82000 -1.664
74.84000 -2.206
74.86000 1.791
74.88000 -0.936
74.90000 1.743
74.92000 2.546
74.94000 1.783
74.96000 4.182
74.98000 5.410
75.00000 5.860
75.02000 4.548
75.04000 6.134
75.06000 4.085
75.08000 1.849
75.10000 1.443
75.12000 1.480
75.14000 2.743
75.16000 1.396
75.18000 4.201
75.20000 5.745
75.22000 2.939
75.24000 3.852
75.26000 3.701
75.28000 6.169
75.30000 3.655
75.32000 -0.580
75.34000 -2.205
75.36000 2.177
75.38000 2.300
75.40000 2.280
75.42000 -0.620
75.44000 0.372
75.46000 -1.954
75.48000 0.737
75.50000 -0.783
75.52000 -2.203
75.54000 2.974
75.56000 1.373
75.58000 1.143
75.60000 2.715
75.62000 1.090
75.64000 3.359
75.66000 0.979
75.68000 1.779
75.70000 1.637
75.72000 -0.053
75.74000 0.925
75.76000 7.298
75.78000 5.898
75.80000 3.899
75.82000 1.308
75.84000 4.410
75.86000 2.329
75.88000 4.725
75.90000 1.796
75.92000 3.222
75.94000 2.611
75.96000 3.058
75.98000 -1.101
76.00000 -2.237
76.02000 -0.260
76.04000 2.103
76.06000 3.253
76.08000 2.927
76.10000 1.113
76.12000 -0.097
76.14000 -1.154
76.16000 0.172
76.18000 3.896
76.20000 4.442
76.22000 3.009
76.24000 3.811
76.26000 2.536
76.28000 4.017
76.30000 4.648
76.32000 0.056
76.34000 -0.040
76.36000 -0.202
76.38000 2.174
76.40000 -0.771
76.42000 0.293
76.44000 -1.076
76.46000 1.799
76.48000 3.072
76.50000 0.665
76.52000 -1.697
76.54000 4.218
76.56000 4.336
76.58000 5.084
76.60000 1.816
76.62000 1.352
76.64000 2.751
76.66000 3.878
76.68000 0.753
76.70000 0.632
76.72000 -0.058
76.74000 1.037
76.76000 -0.883
76.78000 -0.368
76.80000 -0.317
76.82000 3.301
76.84000 2.549
76.86000 0.066
76.88000 1.686
76.90000 -1.859
76.92000 -1.737
76.94000 0.491
76.96000 1.917
76.98000 -0.149
77.00000 4.175
77.02000 2.738
77.04000 1.656
77.06000 3.278
77.08000 5.965
77.10000 4.628
77.12000 2.771
77.14000 0.054
77.16000 -1.806
77.18000 2.328
77.20000 -0.378
77.22000 4.706
77.24000 4.040
77.26000 2.853
77.28000 2.790
77.30000 2.700
77.32000 -2.256
77.34000 -1.340
77.36000 0.198
77.38000 3.453
77.40000 -0.138
77.42000 3.598
77.44000 5.432
77.46000 3.719
77.48000 4.094
77.50000 3.316
77.52000 0.388
77.54000 0.990
77.56000 1.593
77.58000 -0.418
77.60000 0.956
77.62000 6.410
77.64000 -0.456
77.66000 -2.257
77.68000 0.871
77.70000 1.661
77.72000 3.885
77.74000 3.047
77.76000 5.095
77.78000 3.843
77.80000 2.310
77.82000 0.981
77.84000 3.083
77.86000 0.982
77.88000 1.972
77.90000 4.381
77.92000 5.114
77.94000 3.798
77.96000 1.492
77.98000 -0.719
78.00000 1.854
78.02000 7.304
78.04000 7.020
78.06000 4.266
78.08000 1.205
78.10000 4.983
78.12000 3.785
78.14000 -0.287
78.16000 -0.898
78.18000 1.196
78.20000 1.246
78.22000 2.956
78.24000 2.367
78.26000 -0.248
78.28000 -1.436
78.30000 0.163
78.32000 1.840
78.34000 1.734
78.36000 0.211
78.38000 1.067
78.40000 2.734
78.42000 1.847
78.44000 0.512
78.46000 4.796
78.48000 2.876
78.50000 1.826
78.52000 5.770
78.54000 3.873
78.56000 5.560
78.58000 3.570
78.60000 -0.612
78.62000 2.309
78.64000 3.258
78.66000 4.770
78.68000 6.169
78.70000 2.743
78.72000 0.460
78.74000 0.351
78.76000 -2.263
78.78000 5.233
78.80000 7.937
78.82000 3.430
78.84000 4.654
78.86000 6.090
78.88000 6.950
78.90000 5.598
78.92000 2.739
78.94000 2.276
78.96000 0.108
78.98000 3.367
79.00000 3.010
79.02000 2.104
79.04000 5.459
79.06000 3.265
79.08000 3.577
79.10000 1.537
79.12000 4.041
79.14000 4.236
79.16000 5.767
79.18000 4.420
79.20000 0.338
79.22000 1.057
79.24000 -0.241
79.26000 1.224
79.28000 4.100
79.30000 3.177
79.32000 2.635
79.34000 3.833
79.36000 1.554
79.38000 3.978
79.40000 7.456
79.42000 6.807
79.44000 4.966
79.46000 3.795
79.48000 1.148
79.50000 0.255
79.52000 0.966
79.54000 2.370
79.56000 6.675
79.58000 5.683
79.60000 2.070
79.62000 3.965
79.64000 4.223
79.66000 -0.636
79.68000 2.307
79.70000 2.306
79.72000 3.165
79.74000 0.920
79.76000 3.046
79.78000 1.837
79.80000 1.973
79.82000 4.521
79.84000 2.418
79.86000 -0.817
79.88000 -1.745
79.90000 -2.369
79.92000 -0.497
79.94000 2.897
79.96000 2.635
79.98000 2.690
80.00000 2.914
80.02000 6.184
80.04000 2.625
80.06000 1.029
80.08000 2.506
80.10000 2.046
80.12000 0.490
80.14000 3.719
80.16000 -0.364
80.18000 -1.189
80.20000 -1.622
80.22000 0.137
80.24000 0.086
80.26000 6.997
80.28000 3.781
80.30000 5.560
80.32000 4.117
80.34000 2.272
80.36000 1.232
80.38000 3.415
80.40000 4.385
80.42000 8.366
80.44000 6.352
80.46000 7.098
80.48000 7.186
80.50000 9.693
80.52000 9.423
80.54000 4.563
80.56000 9.818
80.58000 7.982
80.60000 9.214
80.62000 12.040
80.64000 8.289
80.66000 6.849
80.68000 6.501
80.70000 4.746
80.72000 9.282
80.74000 7.840
80.76000 3.782
80.78000 2.928
80.80000 9.025
80.82000 7.939
80.84000 9.593
80.86000 5.982
80.88000 7.701
80.90000 8.913
80.92000 17.471
80.94000 13.681
80.96000 15.444
80.98000 11.052
81.00000 10.289
81.02000 14.022
81.04000 7.953
81.06000 15.247
81.08000 13.200
81.10000 8.490
81.12000 11.745
81.14000 16.120
81.16000 15.416
81.18000 16.742
81.20000 17.643
81.22000 18.636
81.24000 21.875
81.26000 18.707
81.28000 18.901
81.30000 17.961
81.32000 15.029
81.34000 21.531
81.36000 19.823
81.38000 18.822
81.40000 15.620
81.42000 18.562
81.44000 19.499
81.46000 22.068
81.48000 21.096
81.50000 22.823
81.52000 23.995
81.54000 27.176
81.56000 25.993
81.58000 23.824
81.60000 19.592
81.62000 16.436
81.64000 16.612
81.66000 18.464
81.68000 25.312
81.70000 24.276
81.72000 21.760
81.74000 21.811
81.76000 23.188
81.78000 22.426
81.80000 21.705
81.82000 25.121
81.84000 22.696
81.86000 20.078
81.88000 20.671
81.90000 18.189
81.92000 20.886
81.94000 21.022
81.96000 24.691
81.98000 20.623
82.00000 20.457
82.02000 26.956
82.04000 30.587
82.06000 26.016
82.08000 21.288
82.10000 17.522
82.12000 17.341
82.14000 19.061
82.16000 17.298
82.18000 19.595
82.20000 19.206
82.22000 16.443
82.24000 16.889
82.26000 12.297
82.28000 13.446
82.30000 18.097
82.32000 16.995
82.34000 16.108
82.36000 16.973
82.38000 12.176
82.40000 14.038
82.42000 9.924
82.44000 8.745
82.46000 13.130
82.48000 13.480
82.50000 11.434
82.52000 10.371
82.54000 10.565
82.56000 8.439
82.58000 11.135
82.60000 10.506
82.62000 10.092
82.64000 8.390
82.66000 5.590
82.68000 2.566
82.70000 6.340
82.72000 7.298
82.74000 7.475
82.76000 9.782
82.78000 5.086
82.80000 4.322
82.82000 5.915
82.84000 6.047
82.86000 1.658
82.88000 2.751
82.90000 2.502
82.92000 5.415
82.94000 5.434
82.96000 4.969
82.98000 6.214
83.00000 2.241
83.02000 0.566
83.04000 4.007
83.06000 5.952
83.08000 3.899
83.10000 3.749
83.12000 4.385
83.14000 3.783
83.16000 4.649
83.18000 3.262
83.20000 3.239
83.22000 1.370
83.24000 -0.712
83.26000 4.454
83.28000 4.828
83.30000 2.751
83.32000 5.177
83.34000 6.263
83.36000 5.361
83.38000 0.475
83.40000 2.922
83.42000 0.033
83.44000 -1.449
83.46000 6.327
83.48000 2.523
83.50000 0.604
83.52000 -0.059
83.54000 -0.187
83.56000 0.664
83.58000 1.434
83.60000 3.217
83.62000 4.439
83.64000 5.849
83.66000 1.480
83.68000 -0.207
83.70000 -2.350
83.72000 -2.062
83.74000 -0.343
83.76000 2.813
83.78000 3.845
83.80000 2.159
83.82000 4.690
83.84000 3.106
83.86000 2.044
83.88000 0.499
83.90000 2.447
83.92000 4.583
83.94000 7.041
83.96000 1.752
83.98000 0.378
84.00000 1.860
84.02000 -0.588
84.04000 2.520
84.06000 -0.140
84.08000 2.059
84.10000 5.076
84.12000 3.435
84.14000 -0.497
84.16000 0.887
84.18000 1.015
84.20000 -0.049
84.22000 5.746
84.24000 6.036
84.26000 3.456
84.28000 0.732
84.30000 -0.116
84.32000 1.095
84.34000 -1.649
84.36000 5.497
84.38000 3.875
84.40000 4.461
84.42000 6.936
84.44000 1.406
84.46000 2.395
84.48000 3.088
84.50000 1.346
84.52000 -2.367
84.54000 1.766
84.56000 5.049
84.58000 1.436
84.60000 3.518
84.62000 8.579
84.64000 7.108
84.66000 7.524
84.68000 8.035
84.70000 7.562
84.72000 7.281
84.74000 8.223
84.76000 8.659
84.78000 9.393
84.80000 8.830
84.82000 9.409
84.84000 6.798
84.86000 2.210
84.88000 3.952
84.90000 6.844
84.92000 7.497
84.94000 4.869
84.96000 2.726
84.98000 5.611
85.00000 4.157
85.02000 7.067
85.04000 6.010
85.06000 4.606
85.08000 3.624
85.10000 8.198
85.12000 9.979
85.14000 10.903
85.16000 6.771
85.18000 5.144
85.20000 11.579
85.22000 12.714
85.24000 12.809
85.26000 7.169
85.28000 8.318
85.30000 13.270
85.32000 16.708
85.34000 15.139
85.36000 17.207
85.38000 17.686
85.40000 17.424
85.42000 16.231
85.44000 16.253
85.46000 12.393
85.48000 7.012
85.50000 11.609
85.52000 16.567
85.54000 18.814
85.56000 19.163
85.58000 20.077
85.60000 19.683
85.62000 18.558
85.64000 19.058
85.66000 19.157
85.68000 21.857
85.70000 21.319
85.72000 19.212
85.74000 18.727
85.76000 20.979
85.78000 25.473
85.80000 26.496
85.82000 22.084
85.84000 26.454
85.86000 25.068
85.88000 24.410
85.90000 23.040
85.92000 22.381
85.94000 20.484
85.96000 19.450
85.98000 25.741
86.00000 29.116
86.02000 26.714
86.04000 27.082
86.06000 25.082
86.08000 19.265
86.10000 25.079
86.12000 23.810
86.14000 20.414
86.16000 17.464
86.18000 11.562
86.20000 16.684
86.22000 18.438
86.24000 16.482
86.26000 19.074
86.28000 19.037
86.30000 17.845
86.32000 19.992
86.34000 20.245
86.36000 16.725
86.38000 18.879
86.40000 11.834
86.42000 12.750
86.44000 13.885
86.46000 14.433
86.48000 16.298
86.50000 17.523
86.52000 12.123
86.54000 11.358
86.56000 12.991
86.58000 13.240
86.60000 15.799
86.62000 15.081
86.64000 12.165
86.66000 11.043
86.68000 12.759
86.70000 14.970
86.72000 10.989
86.74000 5.814
86.76000 8.876
86.78000 7.926
86.80000 7.260
86.82000 6.435
86.84000 4.434
86.86000 0.595
86.88000 2.842
86.90000 4.924
86.92000 10.695
86.94000 10.948
86.96000 8.362
86.98000 9.874
87.00000 5.842
87.02000 3.446
87.04000 3.472
87.06000 3.031
87.08000 4.178
87.10000 6.164
87.12000 7.494
87.14000 6.859
87.16000 4.878
87.18000 5.710
87.20000 3.418
87.22000 5.667
87.24000 2.432
87.26000 -2.205
87.28000 -1.331
87.30000 -0.289
87.32000 0.530
87.34000 2.935
87.36000 6.587
87.38000 2.900
87.40000 1.090
87.42000 -1.158
87.44000 3.266
87.46000 6.581
87.48000 1.067
87.50000 0.243
87.52000 1.464
87.54000 0.281
87.56000 3.133
87.58000 7.706
87.60000 3.500
87.62000 -0.282
87.64000 1.002
87.66000 3.252
87.68000 5.763
87.70000 5.114
87.72000 3.457
87.74000 4.068
87.76000 7.720
87.78000 9.181
87.80000 8.266
87.82000 8.222
87.84000 5.200
87.86000 5.147
87.88000 4.085
87.90000 2.158
87.92000 4.168
87.94000 4.317
87.96000 -2.070
87.98000 1.793
88.00000 8.599
88.02000 10.285
88.04000 9.709
88.06000 5.313
88.08000 6.210
88.10000 3.616
88.12000 4.364
88.14000 4.375
88.16000 6.778
88.18000 7.975
88.20000 3.715
88.22000 4.079
88.24000 5.082
88.26000 5.270
88.28000 4.944
88.30000 0.864
88.32000 2.963
88.34000 1.013
88.36000 3.601
88.38000 3.839
88.40000 1.804
88.42000 1.183
88.44000 -0.012
88.46000 1.037
88.48000 1.684
88.50000 4.627
88.52000 0.849
88.54000 0.138
88.56000 6.149
88.58000 0.575
88.60000 1.142
88.62000 3.192
88.64000 1.067
88.66000 -0.548
88.68000 0.905
88.70000 0.802
88.72000 0.056
88.74000 1.230
88.76000 2.066
88.78000 3.950
88.80000 1.698
88.82000 1.717
88.84000 4.905
88.86000 1.190
88.88000 0.878
88.90000 2.839
88.92000 1.431
88.94000 0.817
88.96000 1.564
88.98000 2.703
89.00000 0.230
89.02000 1.573
89.04000 3.321
89.06000 3.792
89.08000 -1.238
89.10000 0.558
89.12000 4.416
89.14000 -0.277
89.16000 2.333
89.18000 4.833
89.20000 1.370
89.22000 -2.073
89.24000 -0.386
89.26000 -0.640
89.28000 1.807
89.30000 3.825
89.32000 5.257
89.34000 4.019
89.36000 4.665
89.38000 4.685
89.40000 3.262
89.42000 1.557
89.44000 3.485
89.46000 3.475
89.48000 2.234
89.50000 1.735
89.52000 -0.543
89.54000 0.071
89.56000 4.663
89.58000 7.849
89.60000 4.350
89.62000 3.884
89.64000 2.202
89.66000 3.022
89.68000 3.759
89.70000 5.467
89.72000 3.755
89.74000 6.921
89.76000 4.056
89.78000 0.271
89.80000 2.508
89.82000 0.571
89.84000 1.612
89.86000 5.415
89.88000 4.270
89.90000 5.944
89.92000 5.342
89.94000 5.214
89.96000 5.312
89.98000 3.979
90.00000 1.280
90.02000 1.160
90.04000 3.330
90.06000 1.094
90.08000 -2.058
90.10000 -0.854
90.12000 0.519
90.14000 3.644
90.16000 1.634
90.18000 4.217
90.20000 3.533
90.22000 4.418
90.24000 5.246
90.26000 2.834
90.28000 -0.670
90.30000 1.172
90.32000 3.982
90.34000 3.498
90.36000 -1.650
90.38000 -0.021
90.40000 -1.033
90.42000 1.302
90.44000 2.892
90.46000 2.979
90.48000 2.585
90.50000 5.637
90.52000 1.145
90.54000 0.758
90.56000 5.982
90.58000 2.808
90.60000 3.089
90.62000 -0.432
90.64000 0.523
90.66000 3.534
90.68000 3.097
90.70000 2.075
90.72000 -1.630
90.74000 2.233
90.76000 4.508
90.78000 3.742
90.80000 -1.401
90.82000 1.145
90.84000 1.413
90.86000 3.072
90.88000 3.587
90.90000 8.597
90.92000 3.817
90.94000 1.594
90.96000 3.547
90.98000 4.432
91.00000 -0.103
91.02000 -0.149
91.04000 1.901
91.06000 5.020
91.08000 4.987
91.10000 0.975
91.12000 1.195
91.14000 2.604
91.16000 2.600
91.18000 1.724
91.20000 1.695
91.22000 1.748
91.24000 1.691
91.26000 0.014
91.28000 0.851
91.30000 6.447
91.32000 2.811
91.34000 1.994
91.36000 7.707
91.38000 5.309
91.40000 3.272
91.42000 4.188
91.44000 5.555
91.46000 4.330
91.48000 6.114
91.50000 9.326
91.52000 8.305
91.54000 0.777
91.56000 -1.219
91.58000 0.802
91.60000 -2.058
91.62000 -1.948
91.64000 0.826
91.66000 4.062
91.68000 3.188
91.70000 1.812
91.72000 6.755
91.74000 5.913
91.76000 1.458
91.78000 3.689
91.80000 6.628
91.82000 4.046
91.84000 9.483
91.86000 5.098
91.88000 6.490
91.90000 7.017
91.92000 8.750
91.94000 2.640
91.96000 2.588
91.98000 4.560
92.00000 1.115
92.02000 2.767
92.04000 7.551
92.06000 7.751
92.08000 3.167
92.10000 2.388
92.12000 1.114
92.14000 5.506
92.16000 2.742
92.18000 -2.071
92.20000 0.185
92.22000 0.638
92.24000 1.272
92.26000 2.872
92.28000 1.883
92.30000 2.040
92.32000 6.192
92.34000 5.424
92.36000 4.364
92.38000 6.433
92.40000 1.071
92.42000 -2.068
92.44000 8.061
92.46000 7.251
92.48000 1.878
92.50000 2.306
92.52000 4.827
92.54000 5.179
92.56000 2.131
92.58000 1.354
92.60000 2.186
92.62000 2.081
92.64000 3.466
92.66000 4.693
92.68000 7.205
92.70000 5.686
92.72000 3.362
92.74000 -0.720
92.76000 -0.920
92.78000 2.635
92.80000 2.163
92.82000 6.088
92.84000 6.745
92.86000 5.243
92.88000 1.423
92.90000 -0.580
92.92000 0.726
92.94000 -1.763
92.96000 -1.583
92.98000 -0.604
93.00000 2.448
93.02000 8.586
93.04000 3.099
93.06000 -0.514
93.08000 4.288
93.10000 6.255
93.12000 6.787
93.14000 3.709
93.16000 6.199
93.18000 9.567
93.20000 9.570
93.22000 5.981
93.24000 6.459
93.26000 0.744
93.28000 1.746
93.30000 7.381
93.32000 7.500
93.34000 6.073
93.36000 4.811
93.38000 7.062
93.40000 3.559
93.42000 0.093
93.44000 0.930
93.46000 3.252
93.48000 6.132
93.50000 2.503
93.52000 5.648
93.54000 1.830
93.56000 4.824
93.58000 4.320
93.60000 3.432
93.62000 5.736
93.64000 7.510
93.66000 8.334
93.68000 4.506
93.70000 -2.098
93.72000 -1.173
93.74000 2.618
93.76000 2.842
93.78000 5.544
93.80000 6.291
93.82000 5.007
93.84000 8.000
93.86000 3.257
93.88000 3.120
93.90000 -1.107
93.92000 1.605
93.94000 -0.640
93.96000 3.760
93.98000 4.286
94.00000 4.660
94.02000 2.246
94.04000 2.489
94.06000 -0.081
94.08000 0.381
94.10000 2.336
94.12000 0.586
94.14000 -0.318
94.16000 -1.422
94.18000 -2.116
94.20000 -0.588
94.22000 0.740
94.24000 5.994
94.26000 3.583
94.28000 1.436
94.30000 4.211
94.32000 5.388
94.34000 3.833
94.36000 6.283
94.38000 1.486
94.40000 1.285
94.42000 7.026
94.44000 10.283
94.46000 6.869
94.48000 4.956
94.50000 4.255
94.52000 6.976
94.54000 5.280
94.56000 3.181
94.58000 1.176
94.60000 -1.003
94.62000 -2.139
94.64000 -0.836
94.66000 2.858
94.68000 0.510
94.70000 0.381
94.72000 3.319
94.74000 8.031
94.76000 2.955
94.78000 0.505
94.80000 1.338
94.82000 2.540
94.84000 -0.476
94.86000 1.655
94.88000 3.626
94.90000 1.886
94.92000 4.880
94.94000 3.403
94.96000 0.593
94.98000 -0.683
95.00000 -1.584
95.02000 1.716
95.04000 3.120
95.06000 3.532
95.08000 1.121
95.10000 5.203
95.12000 3.836
95.14000 2.584
95.16000 1.368
95.18000 3.330
95.20000 -0.434
95.22000 -1.167
95.24000 -0.723
95.26000 1.521
95.28000 3.998
95.30000 2.472
95.32000 3.468
95.34000 4.450
95.36000 5.654
95.38000 4.200
95.40000 5.543
95.42000 2.841
95.44000 -0.158
95.46000 0.683
95.48000 5.468
95.50000 4.148
95.52000 4.286
95.54000 6.721
95.56000 7.562
95.58000 2.856
95.60000 5.349
95.62000 5.758
95.64000 1.509
95.66000 2.479
95.68000 7.122
95.70000 2.385
95.72000 0.219
95.74000 -2.154
95.76000 -0.960
95.78000 4.913
95.80000 2.913
95.82000 2.092
95.84000 5.340
95.86000 4.049
95.88000 -1.009
95.90000 -1.554
95.92000 2.908
95.94000 3.187
95.96000 0.612
95.98000 -1.532
96.00000 1.034
96.02000 -1.270
96.04000 -1.528
96.06000 -1.074
96.08000 1.265
96.10000 1.611
96.12000 2.912
96.14000 3.854
96.16000 -2.137
96.18000 -0.692
96.20000 0.395
96.22000 4.026
96.24000 0.590
96.26000 2.510
96.28000 4.087
96.30000 3.574
96.32000 3.323
96.34000 6.277
96.36000 6.747
96.38000 2.741
96.40000 2.037
96.42000 4.624
96.44000 5.007
96.46000 0.188
96.48000 5.662
96.50000 5.723
96.52000 6.075
96.54000 4.992
96.56000 0.043
96.58000 0.768
96.60000 1.967
96.62000 3.212
96.64000 5.383
96.66000 3.713
96.68000 4.004
96.70000 5.394
96.72000 5.053
96.74000 6.060
96.76000 8.664
96.78000 8.173
96.80000 0.806
96.82000 0.637
96.84000 2.864
96.86000 2.168
96.88000 6.952
96.90000 4.401
96.92000 7.966
96.94000 7.180
96.96000 6.276
96.98000 -2.074
97.00000 -0.211
97.02000 1.700
97.04000 0.935
97.06000 6.896
97.08000 5.118
97.10000 6.505
97.12000 3.364
97.14000 -1.297
97.16000 -1.068
97.18000 3.801
97.20000 -2.062
97.22000 -0.433
97.24000 0.722
97.26000 3.267
97.28000 9.795
97.30000 7.519
97.32000 6.659
97.34000 4.846
97.36000 2.691
97.38000 3.744
97.40000 4.609
97.42000 5.856
97.44000 2.507
97.46000 1.107
97.48000 -0.332
97.50000 1.213
97.52000 3.027
97.54000 3.035
97.56000 6.907
97.58000 7.649
97.60000 3.769
97.62000 6.546
97.64000 7.655
97.66000 7.214
97.68000 6.294
97.70000 5.948
97.72000 8.286
97.74000 11.186
97.76000 8.022
97.78000 4.162
97.80000 6.000
97.82000 7.561
97.84000 8.694
97.86000 9.271
97.88000 14.061
97.90000 6.993
97.92000 5.674
97.94000 7.745
97.96000 2.561
97.98000 2.500
98.00000 -3.150
98.02000 7.954
98.04000 3.619
98.06000 3.340
98.08000 -0.157
98.10000 0.480
98.12000 2.526
98.14000 2.426
98.16000 5.688
98.18000 4.752
98.20000 5.314
98.22000 5.875
98.24000 -1.931
98.26000 -1.875
98.28000 0.029
98.30000 3.430
98.32000 9.937
98.34000 9.528
98.36000 12.786
98.38000 6.776
98.40000 3.793
98.42000 5.380
98.44000 10.022
98.46000 6.407
98.48000 9.759
98.50000 7.697
98.52000 1.839
98.54000 3.891
98.56000 9.803
98.58000 10.304
98.60000 8.002
98.62000 2.908
98.64000 10.926
98.66000 8.489
98.68000 8.033
98.70000 5.655
98.72000 6.236
98.74000 7.539
98.76000 8.274
98.78000 8.025
98.80000 2.928
98.82000 7.263
98.84000 0.354
98.86000 4.744
98.88000 8.470
98.90000 8.718
98.92000 7.142
98.94000 3.425
98.96000 6.723
98.98000 5.320
99.00000 13.020
99.02000 6.418
99.04000 -3.311
99.06000 4.109
99.08000 5.315
99.10000 6.710
99.12000 5.299
99.14000 9.479
99.16000 5.812
99.18000 5.968
99.20000 -1.981
99.22000 2.638
99.24000 7.351
99.26000 5.092
99.28000 2.427
99.30000 6.934
99.32000 13.967
99.34000 15.233
99.36000 6.181
99.38000 2.833
99.40000 5.766
99.42000 8.893
99.44000 17.224
99.46000 5.923
99.48000 2.763
99.50000 6.512
99.52000 8.393
99.54000 4.405
99.56000 4.045
99.58000 4.927
99.60000 7.497
99.62000 5.899
99.64000 11.737
99.66000 4.743
99.68000 3.143
99.70000 12.054
99.72000 12.192
99.74000 1.879
99.76000 -2.082
99.78000 -1.174
99.80000 5.528
99.82000 8.822
99.84000 3.585
99.86000 7.944
99.88000 -2.105
99.90000 -2.164
99.92000 4.103
99.94000 -2.307
99.96000 4.912
99.98000 0.000
