'Id: "0011389" Comment: "Integrate frame 0011389_Au-Ir-Rh_Au-Rich_XRD_Mapping-130-0000.gfrmwith cursor Wedge Cursor #5" Operator: "B?rgel" Anode: "Cu" Wavelength: "1.5406" Scantype: "2Theta (TwoTheta)" TimePerStep: "1" X: "22.5" Y: "-9" Z: "5.95" 
10.00000 0.000
10.02000 5.229
10.04000 6.118
10.06000 2.229
10.08000 7.869
10.10000 1.498
10.12000 6.578
10.14000 14.461
10.16000 11.459
10.18000 4.336
10.20000 -3.674
10.22000 3.937
10.24000 1.447
10.26000 6.627
10.28000 13.195
10.30000 11.180
10.32000 16.692
10.34000 9.486
10.36000 10.089
10.38000 17.769
10.40000 25.153
10.42000 -1.923
10.44000 16.518
10.46000 18.301
10.48000 15.873
10.50000 8.194
10.52000 17.248
10.54000 19.044
10.56000 17.244
10.58000 20.278
10.60000 4.097
10.62000 12.296
10.64000 13.712
10.66000 10.718
10.68000 12.368
10.70000 20.858
10.72000 20.066
10.74000 8.197
10.76000 14.111
10.78000 25.818
10.80000 11.552
10.82000 18.852
10.84000 9.701
10.86000 14.084
10.88000 27.929
10.90000 34.883
10.92000 21.503
10.94000 16.986
10.96000 13.335
10.98000 26.998
11.00000 32.002
11.02000 24.049
11.04000 15.302
11.06000 18.851
11.08000 19.838
11.10000 3.373
11.12000 11.654
11.14000 20.567
11.16000 23.862
11.18000 26.927
11.20000 21.621
11.22000 28.561
11.24000 25.619
11.26000 17.719
11.28000 13.908
11.30000 17.900
11.32000 14.573
11.34000 11.627
11.36000 18.083
11.38000 25.838
11.40000 21.522
11.42000 19.075
11.44000 27.279
11.46000 30.235
11.48000 22.864
11.50000 28.026
11.52000 29.941
11.54000 31.282
11.56000 25.808
11.58000 21.802
11.60000 34.028
11.62000 38.086
11.64000 29.709
11.66000 23.877
11.68000 27.168
11.70000 13.873
11.72000 19.297
11.74000 29.842
11.76000 35.433
11.78000 39.599
11.80000 26.066
11.82000 12.329
11.84000 14.922
11.86000 27.691
11.88000 26.678
11.90000 32.559
11.92000 40.091
11.94000 40.925
11.96000 30.759
11.98000 28.226
12.00000 23.408
12.02000 24.211
12.04000 29.910
12.06000 21.025
12.08000 15.224
12.10000 19.982
12.12000 26.662
12.14000 16.115
12.16000 21.310
12.18000 20.710
12.20000 28.127
12.22000 23.306
12.24000 27.496
12.26000 35.643
12.28000 40.709
12.30000 36.640
12.32000 22.665
12.34000 32.699
12.36000 21.141
12.38000 30.021
12.40000 27.109
12.42000 25.183
12.44000 22.447
12.46000 22.798
12.48000 21.971
12.50000 26.972
12.52000 40.588
12.54000 36.071
12.56000 35.693
12.58000 27.275
12.60000 24.036
12.62000 24.205
12.64000 26.246
12.66000 35.631
12.68000 33.744
12.70000 30.642
12.72000 19.616
12.74000 25.296
12.76000 32.378
12.78000 41.995
12.80000 29.668
12.82000 36.050
12.84000 33.913
12.86000 30.578
12.88000 28.104
12.90000 24.183
12.92000 27.961
12.94000 23.795
12.96000 12.274
12.98000 21.282
13.00000 26.630
13.02000 19.243
13.04000 27.530
13.06000 37.458
13.08000 31.664
13.10000 25.063
13.12000 20.172
13.14000 21.843
13.16000 30.362
13.18000 22.111
13.20000 25.853
13.22000 25.191
13.24000 24.065
13.26000 18.784
13.28000 24.265
13.30000 30.341
13.32000 21.282
13.34000 22.847
13.36000 21.557
13.38000 32.438
13.40000 31.661
13.42000 26.504
13.44000 23.977
13.46000 24.135
13.48000 22.015
13.50000 26.849
13.52000 26.127
13.54000 25.225
13.56000 19.334
13.58000 23.104
13.60000 18.208
13.62000 9.206
13.64000 18.388
13.66000 24.530
13.68000 23.081
13.70000 28.669
13.72000 23.040
13.74000 24.647
13.76000 29.181
13.78000 23.098
13.80000 22.861
13.82000 24.499
13.84000 28.626
13.86000 28.056
13.88000 22.962
13.90000 14.500
13.92000 22.857
13.94000 22.388
13.96000 26.517
13.98000 28.766
14.00000 20.286
14.02000 15.594
14.04000 27.291
14.06000 25.129
14.08000 26.518
14.10000 22.667
14.12000 20.488
14.14000 25.571
14.16000 13.460
14.18000 7.786
14.20000 16.510
14.22000 27.062
14.24000 34.098
14.26000 27.072
14.28000 23.850
14.30000 25.383
14.32000 18.455
14.34000 12.892
14.36000 16.742
14.38000 18.798
14.40000 9.531
14.42000 10.129
14.44000 15.225
14.46000 10.435
14.48000 11.824
14.50000 15.229
14.52000 14.513
14.54000 14.593
14.56000 21.499
14.58000 19.194
14.60000 23.088
14.62000 16.177
14.64000 21.106
14.66000 17.024
14.68000 13.125
14.70000 15.382
14.72000 12.049
14.74000 11.685
14.76000 24.067
14.78000 31.766
14.80000 18.523
14.82000 12.446
14.84000 21.698
14.86000 17.344
14.88000 13.503
14.90000 11.913
14.92000 18.479
14.94000 17.594
14.96000 12.672
14.98000 11.736
15.00000 14.226
15.02000 19.736
15.04000 17.608
15.06000 19.855
15.08000 20.888
15.10000 13.049
15.12000 16.695
15.14000 13.269
15.16000 5.798
15.18000 14.271
15.20000 16.683
15.22000 10.972
15.24000 7.371
15.26000 18.416
15.28000 24.391
15.30000 19.642
15.32000 19.949
15.34000 11.747
15.36000 10.297
15.38000 11.297
15.40000 11.566
15.42000 11.888
15.44000 8.729
15.46000 14.609
15.48000 16.230
15.50000 16.925
15.52000 8.769
15.54000 15.010
15.56000 10.062
15.58000 7.330
15.60000 4.518
15.62000 10.428
15.64000 12.016
15.66000 16.982
15.68000 16.473
15.70000 21.273
15.72000 17.037
15.74000 9.170
15.76000 16.092
15.78000 15.258
15.80000 14.078
15.82000 19.120
15.84000 19.318
15.86000 6.124
15.88000 13.892
15.90000 12.472
15.92000 8.649
15.94000 11.111
15.96000 15.071
15.98000 14.396
16.00000 11.778
16.02000 9.630
16.04000 13.993
16.06000 13.596
16.08000 9.395
16.10000 11.898
16.12000 5.222
16.14000 2.000
16.16000 5.393
16.18000 0.945
16.20000 10.335
16.22000 15.989
16.24000 3.190
16.26000 -3.247
16.28000 3.130
16.30000 7.541
16.32000 10.982
16.34000 13.038
16.36000 11.288
16.38000 18.088
16.40000 12.176
16.42000 10.948
16.44000 11.061
16.46000 0.470
16.48000 0.791
16.50000 6.613
16.52000 15.633
16.54000 19.968
16.56000 10.599
16.58000 -1.558
16.60000 -2.458
16.62000 -1.259
16.64000 -4.390
16.66000 5.381
16.68000 2.602
16.70000 2.612
16.72000 5.932
16.74000 11.830
16.76000 17.284
16.78000 19.062
16.80000 11.810
16.82000 12.618
16.84000 10.698
16.86000 7.026
16.88000 2.442
16.90000 -0.061
16.92000 6.924
16.94000 0.946
16.96000 0.891
16.98000 0.282
17.00000 6.654
17.02000 14.786
17.04000 13.412
17.06000 5.954
17.08000 5.008
17.10000 7.329
17.12000 10.150
17.14000 9.862
17.16000 3.270
17.18000 0.672
17.20000 4.142
17.22000 8.569
17.24000 4.787
17.26000 4.816
17.28000 7.173
17.30000 5.813
17.32000 5.053
17.34000 2.059
17.36000 10.983
17.38000 19.871
17.40000 8.907
17.42000 1.688
17.44000 8.942
17.46000 7.155
17.48000 9.276
17.50000 3.936
17.52000 6.269
17.54000 3.093
17.56000 -0.576
17.58000 -4.366
17.60000 1.791
17.62000 2.877
17.64000 7.553
17.66000 9.713
17.68000 1.793
17.70000 1.559
17.72000 11.917
17.74000 4.235
17.76000 -0.523
17.78000 6.164
17.80000 12.842
17.82000 6.005
17.84000 -0.983
17.86000 3.727
17.88000 1.881
17.90000 -1.242
17.92000 3.316
17.94000 4.200
17.96000 2.236
17.98000 4.140
18.00000 1.705
18.02000 2.878
18.04000 8.930
18.06000 7.433
18.08000 5.325
18.10000 6.201
18.12000 -1.805
18.14000 1.211
18.16000 3.920
18.18000 5.737
18.20000 5.537
18.22000 2.017
18.24000 1.809
18.26000 7.508
18.28000 9.488
18.30000 2.235
18.32000 3.397
18.34000 -1.345
18.36000 1.513
18.38000 9.468
18.40000 8.193
18.42000 1.643
18.44000 8.177
18.46000 3.691
18.48000 -0.481
18.50000 12.383
18.52000 16.114
18.54000 9.288
18.56000 3.763
18.58000 1.422
18.60000 -4.307
18.62000 1.011
18.64000 3.974
18.66000 10.215
18.68000 -0.366
18.70000 -2.113
18.72000 4.775
18.74000 6.064
18.76000 6.406
18.78000 9.328
18.80000 7.750
18.82000 0.637
18.84000 8.132
18.86000 12.926
18.88000 7.598
18.90000 -2.113
18.92000 -2.112
18.94000 0.991
18.96000 7.842
18.98000 9.669
19.00000 9.076
19.02000 1.892
19.04000 -4.280
19.06000 -0.530
19.08000 4.873
19.10000 2.900
19.12000 3.100
19.14000 9.699
19.16000 8.358
19.18000 5.361
19.20000 4.828
19.22000 3.493
19.24000 2.297
19.26000 9.561
19.28000 9.721
19.30000 0.608
19.32000 0.464
19.34000 6.359
19.36000 4.699
19.38000 0.559
19.40000 3.677
19.42000 9.656
19.44000 9.974
19.46000 9.994
19.48000 11.217
19.50000 8.127
19.52000 1.087
19.54000 3.800
19.56000 5.938
19.58000 4.367
19.60000 2.184
19.62000 4.606
19.64000 -0.537
19.66000 -4.247
19.68000 4.656
19.70000 6.624
19.72000 7.582
19.74000 14.007
19.76000 2.856
19.78000 0.774
19.80000 2.864
19.82000 1.676
19.84000 3.691
19.86000 2.731
19.88000 5.429
19.90000 7.482
19.92000 8.245
19.94000 8.891
19.96000 10.140
19.98000 6.964
20.00000 3.059
20.02000 2.071
20.04000 3.252
20.06000 3.083
20.08000 4.796
20.10000 5.567
20.12000 4.149
20.14000 6.087
20.16000 6.152
20.18000 4.388
20.20000 4.892
20.22000 4.145
20.24000 6.489
20.26000 9.313
20.28000 7.528
20.30000 6.824
20.32000 8.416
20.34000 5.256
20.36000 8.435
20.38000 -0.850
20.40000 1.484
20.42000 5.801
20.44000 5.162
20.46000 9.229
20.48000 7.740
20.50000 -2.676
20.52000 0.320
20.54000 3.674
20.56000 3.699
20.58000 7.802
20.60000 4.180
20.62000 -3.122
20.64000 -1.118
20.66000 2.431
20.68000 -0.261
20.70000 -1.265
20.72000 2.027
20.74000 -1.059
20.76000 -4.193
20.78000 7.829
20.80000 6.885
20.82000 5.989
20.84000 8.317
20.86000 10.541
20.88000 6.457
20.90000 7.078
20.92000 10.716
20.94000 7.831
20.96000 1.222
20.98000 9.364
21.00000 10.696
21.02000 7.606
21.04000 -0.986
21.06000 -1.554
21.08000 1.332
21.10000 2.112
21.12000 -2.102
21.14000 0.392
21.16000 0.344
21.18000 -1.801
21.20000 -0.923
21.22000 6.565
21.24000 5.050
21.26000 2.525
21.28000 7.217
21.30000 5.714
21.32000 11.713
21.34000 8.282
21.36000 13.142
21.38000 5.399
21.40000 -0.606
21.42000 3.686
21.44000 0.480
21.46000 10.950
21.48000 5.532
21.50000 -0.364
21.52000 1.761
21.54000 2.539
21.56000 -4.163
21.58000 -0.809
21.60000 -1.656
21.62000 0.298
21.64000 0.362
21.66000 -3.311
21.68000 3.370
21.70000 10.401
21.72000 6.523
21.74000 1.313
21.76000 7.441
21.78000 8.152
21.80000 5.176
21.82000 0.490
21.84000 -1.254
21.86000 -1.346
21.88000 3.757
21.90000 -1.089
21.92000 0.485
21.94000 -1.361
21.96000 1.128
21.98000 -4.138
22.00000 0.351
22.02000 -0.757
22.04000 -1.523
22.06000 0.283
22.08000 -3.407
22.10000 -2.154
22.12000 5.222
22.14000 6.421
22.16000 2.574
22.18000 0.484
22.20000 -2.593
22.22000 0.171
22.24000 3.077
22.26000 1.279
22.28000 2.432
22.30000 1.999
22.32000 5.875
22.34000 6.927
22.36000 7.813
22.38000 3.693
22.40000 1.080
22.42000 2.227
22.44000 -0.404
22.46000 4.891
22.48000 6.827
22.50000 -1.846
22.52000 1.023
22.54000 3.554
22.56000 3.953
22.58000 5.139
22.60000 4.016
22.62000 1.156
22.64000 3.478
22.66000 5.897
22.68000 6.118
22.70000 4.260
22.72000 1.586
22.74000 4.569
22.76000 7.837
22.78000 6.767
22.80000 7.452
22.82000 12.061
22.84000 4.618
22.86000 3.598
22.88000 4.521
22.90000 5.382
22.92000 5.137
22.94000 11.112
22.96000 3.871
22.98000 3.751
23.00000 3.261
23.02000 6.421
23.04000 4.424
23.06000 3.842
23.08000 4.209
23.10000 5.866
23.12000 3.967
23.14000 3.766
23.16000 1.462
23.18000 5.133
23.20000 5.291
23.22000 0.404
23.24000 -4.022
23.26000 3.452
23.28000 6.292
23.30000 1.567
23.32000 9.930
23.34000 11.892
23.36000 3.878
23.38000 2.263
23.40000 -3.061
23.42000 2.950
23.44000 6.832
23.46000 -0.461
23.48000 3.016
23.50000 6.615
23.52000 3.369
23.54000 4.815
23.56000 10.466
23.58000 7.692
23.60000 5.741
23.62000 7.996
23.64000 3.576
23.66000 2.879
23.68000 2.565
23.70000 4.886
23.72000 2.846
23.74000 2.062
23.76000 1.671
23.78000 9.147
23.80000 8.274
23.82000 9.134
23.84000 9.324
23.86000 5.239
23.88000 -1.706
23.90000 -3.991
23.92000 4.555
23.94000 8.959
23.96000 10.032
23.98000 14.613
24.00000 12.815
24.02000 5.329
24.04000 9.616
24.06000 8.056
24.08000 4.785
24.10000 3.332
24.12000 3.984
24.14000 3.632
24.16000 3.814
24.18000 5.687
24.20000 5.133
24.22000 1.322
24.24000 1.648
24.26000 6.483
24.28000 5.628
24.30000 5.485
24.32000 8.745
24.34000 5.107
24.36000 4.950
24.38000 2.046
24.40000 0.715
24.42000 2.064
24.44000 0.134
24.46000 -0.383
24.48000 -1.843
24.50000 2.302
24.52000 5.784
24.54000 6.305
24.56000 6.737
24.58000 3.866
24.60000 1.203
24.62000 5.464
24.64000 0.810
24.66000 3.204
24.68000 6.187
24.70000 0.766
24.72000 2.199
24.74000 10.174
24.76000 9.102
24.78000 9.624
24.80000 0.558
24.82000 -3.957
24.84000 1.004
24.86000 3.931
24.88000 -1.850
24.90000 2.453
24.92000 5.105
24.94000 1.529
24.96000 6.986
24.98000 5.203
25.00000 -1.231
25.02000 -0.660
25.04000 6.507
25.06000 0.909
25.08000 2.178
25.10000 5.070
25.12000 1.640
25.14000 0.784
25.16000 3.386
25.18000 2.682
25.20000 3.842
25.22000 3.993
25.24000 6.044
25.26000 4.965
25.28000 0.307
25.30000 0.478
25.32000 -2.834
25.34000 -2.843
25.36000 -0.096
25.38000 1.817
25.40000 0.211
25.42000 -2.991
25.44000 -1.903
25.46000 1.924
25.48000 6.119
25.50000 5.144
25.52000 3.621
25.54000 4.999
25.56000 2.685
25.58000 -1.011
25.60000 3.642
25.62000 2.153
25.64000 2.846
25.66000 -0.184
25.68000 3.174
25.70000 7.865
25.72000 7.869
25.74000 4.221
25.76000 3.929
25.78000 -0.497
25.80000 -0.736
25.82000 4.023
25.84000 4.612
25.86000 1.623
25.88000 4.601
25.90000 8.447
25.92000 -3.904
25.94000 -3.849
25.96000 0.742
25.98000 1.029
26.00000 -1.588
26.02000 -2.126
26.04000 0.348
26.06000 3.425
26.08000 4.270
26.10000 7.967
26.12000 9.051
26.14000 5.147
26.16000 0.857
26.18000 2.336
26.20000 3.182
26.22000 3.841
26.24000 6.768
26.26000 9.470
26.28000 8.321
26.30000 7.620
26.32000 2.337
26.34000 5.799
26.36000 6.176
26.38000 1.648
26.40000 2.386
26.42000 3.813
26.44000 0.806
26.46000 4.918
26.48000 1.487
26.50000 -0.114
26.52000 1.068
26.54000 3.170
26.56000 9.819
26.58000 6.619
26.60000 5.356
26.62000 3.640
26.64000 2.724
26.66000 0.857
26.68000 7.291
26.70000 6.300
26.72000 2.122
26.74000 2.023
26.76000 5.212
26.78000 8.483
26.80000 3.082
26.82000 7.595
26.84000 2.902
26.86000 1.249
26.88000 -0.638
26.90000 4.241
26.92000 10.675
26.94000 5.670
26.96000 3.081
26.98000 1.440
27.00000 10.899
27.02000 8.274
27.04000 7.653
27.06000 2.603
27.08000 2.937
27.10000 7.940
27.12000 8.433
27.14000 4.393
27.16000 5.774
27.18000 10.545
27.20000 5.720
27.22000 4.546
27.24000 0.300
27.26000 2.804
27.28000 0.531
27.30000 2.822
27.32000 6.999
27.34000 8.575
27.36000 8.993
27.38000 5.894
27.40000 4.519
27.42000 3.328
27.44000 -0.085
27.46000 2.176
27.48000 9.395
27.50000 11.631
27.52000 4.728
27.54000 0.418
27.56000 2.110
27.58000 8.795
27.60000 10.396
27.62000 3.564
27.64000 0.105
27.66000 -2.586
27.68000 4.012
27.70000 8.725
27.72000 7.604
27.74000 4.674
27.76000 5.140
27.78000 5.409
27.80000 2.905
27.82000 6.135
27.84000 12.784
27.86000 0.757
27.88000 -3.751
27.90000 3.336
27.92000 5.821
27.94000 5.027
27.96000 5.341
27.98000 6.528
28.00000 6.246
28.02000 6.365
28.04000 8.097
28.06000 9.017
28.08000 13.856
28.10000 11.682
28.12000 7.159
28.14000 6.314
28.16000 4.827
28.18000 6.650
28.20000 2.700
28.22000 0.305
28.24000 3.169
28.26000 8.641
28.28000 13.627
28.30000 9.509
28.32000 8.677
28.34000 8.812
28.36000 4.577
28.38000 8.640
28.40000 10.905
28.42000 7.382
28.44000 3.762
28.46000 3.811
28.48000 6.316
28.50000 7.083
28.52000 1.892
28.54000 1.361
28.56000 -0.125
28.58000 6.122
28.60000 5.863
28.62000 6.993
28.64000 7.900
28.66000 9.748
28.68000 8.917
28.70000 5.413
28.72000 7.405
28.74000 3.799
28.76000 3.973
28.78000 12.918
28.80000 14.229
28.82000 7.950
28.84000 6.886
28.86000 7.239
28.88000 3.117
28.90000 3.278
28.92000 2.687
28.94000 -3.710
28.96000 -0.270
28.98000 8.456
29.00000 8.198
29.02000 8.970
29.04000 3.724
29.06000 8.007
29.08000 8.091
29.10000 2.532
29.12000 -3.705
29.14000 2.788
29.16000 4.184
29.18000 4.433
29.20000 5.772
29.22000 4.628
29.24000 3.819
29.26000 6.817
29.28000 2.788
29.30000 3.007
29.32000 3.704
29.34000 9.942
29.36000 8.364
29.38000 4.030
29.40000 0.221
29.42000 -0.506
29.44000 1.371
29.46000 1.261
29.48000 -1.205
29.50000 -0.328
29.52000 6.774
29.54000 5.453
29.56000 4.048
29.58000 -0.304
29.60000 5.307
29.62000 7.881
29.64000 4.447
29.66000 2.897
29.68000 -0.079
29.70000 -0.311
29.72000 3.785
29.74000 7.215
29.76000 9.213
29.78000 5.886
29.80000 1.896
29.82000 1.786
29.84000 3.069
29.86000 3.065
29.88000 5.296
29.90000 4.197
29.92000 4.695
29.94000 12.943
29.96000 12.830
29.98000 7.154
30.00000 9.706
30.02000 7.749
30.04000 6.955
30.06000 4.043
30.08000 5.582
30.10000 6.594
30.12000 7.278
30.14000 1.087
30.16000 -2.672
30.18000 -0.144
30.20000 3.642
30.22000 0.287
30.24000 -1.746
30.26000 -3.679
30.28000 1.208
30.30000 1.218
30.32000 -0.135
30.34000 -0.754
30.36000 3.943
30.38000 7.888
30.40000 3.162
30.42000 0.242
30.44000 3.986
30.46000 5.750
30.48000 3.179
30.50000 1.253
30.52000 -0.437
30.54000 -0.229
30.56000 -2.266
30.58000 0.963
30.60000 3.858
30.62000 6.342
30.64000 2.111
30.66000 3.414
30.68000 5.251
30.70000 5.832
30.72000 3.627
30.74000 1.449
30.76000 -3.675
30.78000 -2.163
30.80000 1.458
30.82000 4.494
30.84000 3.932
30.86000 -1.657
30.88000 -1.934
30.90000 3.901
30.92000 -1.558
30.94000 -0.363
30.96000 6.571
30.98000 5.424
31.00000 3.012
31.02000 3.244
31.04000 1.391
31.06000 -0.417
31.08000 1.459
31.10000 4.238
31.12000 3.081
31.14000 5.413
31.16000 2.550
31.18000 -0.634
31.20000 3.138
31.22000 2.427
31.24000 -2.781
31.26000 -1.873
31.28000 0.032
31.30000 3.378
31.32000 4.244
31.34000 7.773
31.36000 6.617
31.38000 1.265
31.40000 -2.497
31.42000 0.170
31.44000 3.610
31.46000 2.002
31.48000 0.490
31.50000 2.196
31.52000 0.907
31.54000 0.298
31.56000 2.252
31.58000 5.635
31.60000 5.754
31.62000 3.473
31.64000 -0.318
31.66000 -1.969
31.68000 -0.842
31.70000 -2.712
31.72000 2.328
31.74000 3.428
31.76000 -0.100
31.78000 1.622
31.80000 4.017
31.82000 2.729
31.84000 2.605
31.86000 2.447
31.88000 -0.105
31.90000 2.345
31.92000 0.463
31.94000 2.860
31.96000 5.076
31.98000 6.599
32.00000 3.788
32.02000 5.279
32.04000 0.879
32.06000 0.939
32.08000 2.631
32.10000 1.245
32.12000 6.365
32.14000 4.507
32.16000 1.516
32.18000 2.438
32.20000 -0.491
32.22000 -3.602
32.24000 0.218
32.26000 2.082
32.28000 9.533
32.30000 10.213
32.32000 7.916
32.34000 0.091
32.36000 10.852
32.38000 11.968
32.40000 3.597
32.42000 5.482
32.44000 6.972
32.46000 3.818
32.48000 0.609
32.50000 2.617
32.52000 4.740
32.54000 4.608
32.56000 8.818
32.58000 5.958
32.60000 2.337
32.62000 -0.427
32.64000 4.437
32.66000 6.490
32.68000 2.619
32.70000 3.823
32.72000 11.890
32.74000 14.723
32.76000 12.188
32.78000 10.154
32.80000 9.300
32.82000 3.660
32.84000 4.555
32.86000 2.875
32.88000 3.316
32.90000 8.153
32.92000 9.296
32.94000 4.849
32.96000 -1.655
32.98000 -3.574
33.00000 3.116
33.02000 8.773
33.04000 2.292
33.06000 6.333
33.08000 6.727
33.10000 6.283
33.12000 8.110
33.14000 5.262
33.16000 2.857
33.18000 1.170
33.20000 3.719
33.22000 1.716
33.24000 3.162
33.26000 0.137
33.28000 2.614
33.30000 4.691
33.32000 4.846
33.34000 2.111
33.36000 4.585
33.38000 6.021
33.40000 4.828
33.42000 4.353
33.44000 2.475
33.46000 2.815
33.48000 4.550
33.50000 5.306
33.52000 4.337
33.54000 3.757
33.56000 3.880
33.58000 3.935
33.60000 4.150
33.62000 9.118
33.64000 8.103
33.66000 5.079
33.68000 6.773
33.70000 2.794
33.72000 2.747
33.74000 1.477
33.76000 0.566
33.78000 2.306
33.80000 8.122
33.82000 4.012
33.84000 5.856
33.86000 7.473
33.88000 3.443
33.90000 8.813
33.92000 6.399
33.94000 0.994
33.96000 4.477
33.98000 7.605
34.00000 5.928
34.02000 5.270
34.04000 6.278
34.06000 6.323
34.08000 1.490
34.10000 1.481
34.12000 6.998
34.14000 4.575
34.16000 1.277
34.18000 4.378
34.20000 9.206
34.22000 6.104
34.24000 1.724
34.26000 4.529
34.28000 11.714
34.30000 4.791
34.32000 3.023
34.34000 2.026
34.36000 -3.117
34.38000 -2.290
34.40000 -3.571
34.42000 -1.394
34.44000 1.089
34.46000 4.387
34.48000 6.161
34.50000 6.374
34.52000 3.716
34.54000 1.407
34.56000 3.404
34.58000 2.168
34.60000 -1.430
34.62000 1.898
34.64000 2.444
34.66000 4.918
34.68000 4.019
34.70000 1.560
34.72000 2.561
34.74000 1.499
34.76000 4.450
34.78000 7.724
34.80000 0.758
34.82000 0.348
34.84000 1.504
34.86000 0.851
34.88000 -2.169
34.90000 -1.369
34.92000 3.125
34.94000 3.631
34.96000 2.054
34.98000 3.398
35.00000 2.579
35.02000 4.296
35.04000 -1.239
35.06000 -2.988
35.08000 3.284
35.10000 1.949
35.12000 0.418
35.14000 -1.248
35.16000 0.675
35.18000 -3.580
35.20000 -2.260
35.22000 0.606
35.24000 2.002
35.26000 0.101
35.28000 -1.335
35.30000 -1.827
35.32000 1.389
35.34000 5.862
35.36000 3.072
35.38000 0.456
35.40000 2.266
35.42000 0.587
35.44000 0.970
35.46000 0.143
35.48000 -1.451
35.50000 0.448
35.52000 4.216
35.54000 1.563
35.56000 -0.152
35.58000 -1.892
35.60000 0.955
35.62000 2.093
35.64000 2.245
35.66000 5.511
35.68000 6.465
35.70000 5.301
35.72000 5.078
35.74000 2.119
35.76000 -1.276
35.78000 -3.568
35.80000 -0.233
35.82000 -1.937
35.84000 1.756
35.86000 1.189
35.88000 1.778
35.90000 5.064
35.92000 4.031
35.94000 4.109
35.96000 4.198
35.98000 -0.224
36.00000 -0.459
36.02000 4.687
36.04000 1.127
36.06000 -0.606
36.08000 0.612
36.10000 3.207
36.12000 3.461
36.14000 3.469
36.16000 4.544
36.18000 8.361
36.20000 6.887
36.22000 3.463
36.24000 3.246
36.26000 -1.652
36.28000 -2.867
36.30000 0.309
36.32000 1.158
36.34000 -0.883
36.36000 -0.576
36.38000 -1.638
36.40000 -3.613
36.42000 -1.556
36.44000 1.548
36.46000 4.312
36.48000 4.458
36.50000 4.936
36.52000 1.859
36.54000 1.761
36.56000 1.377
36.58000 1.355
36.60000 2.454
36.62000 4.861
36.64000 1.401
36.66000 2.323
36.68000 4.186
36.70000 0.466
36.72000 -2.422
36.74000 0.296
36.76000 -0.410
36.78000 -3.468
36.80000 -0.340
36.82000 2.018
36.84000 3.611
36.86000 0.522
36.88000 -1.656
36.90000 3.555
36.92000 0.978
36.94000 0.354
36.96000 -0.802
36.98000 -1.668
37.00000 -0.660
37.02000 -0.559
37.04000 -1.156
37.06000 -2.980
37.08000 -0.519
37.10000 -0.616
37.12000 1.823
37.14000 1.822
37.16000 7.512
37.18000 6.142
37.20000 6.998
37.22000 1.274
37.24000 -1.573
37.26000 3.008
37.28000 4.053
37.30000 8.656
37.32000 10.501
37.34000 10.189
37.36000 7.160
37.38000 8.978
37.40000 4.686
37.42000 4.718
37.44000 6.598
37.46000 5.352
37.48000 2.931
37.50000 5.467
37.52000 6.160
37.54000 3.192
37.56000 5.592
37.58000 9.623
37.60000 8.571
37.62000 7.171
37.64000 9.794
37.66000 9.653
37.68000 13.291
37.70000 12.500
37.72000 7.477
37.74000 8.093
37.76000 8.506
37.78000 12.584
37.80000 13.011
37.82000 15.097
37.84000 15.634
37.86000 15.510
37.88000 15.603
37.90000 12.994
37.92000 15.399
37.94000 17.265
37.96000 22.696
37.98000 24.134
38.00000 19.448
38.02000 21.665
38.04000 22.577
38.06000 21.367
38.08000 14.634
38.10000 13.873
38.12000 22.304
38.14000 27.258
38.16000 22.394
38.18000 26.955
38.20000 25.675
38.22000 29.034
38.24000 30.679
38.26000 29.074
38.28000 32.903
38.30000 36.095
38.32000 38.282
38.34000 34.945
38.36000 36.659
38.38000 41.220
38.40000 40.086
38.42000 36.403
38.44000 41.024
38.46000 43.791
38.48000 47.319
38.50000 44.404
38.52000 47.614
38.54000 52.166
38.56000 55.147
38.58000 60.321
38.60000 64.680
38.62000 62.765
38.64000 64.619
38.66000 64.691
38.68000 66.078
38.70000 72.812
38.72000 75.293
38.74000 81.092
38.76000 81.862
38.78000 77.837
38.80000 86.797
38.82000 98.614
38.84000 99.432
38.86000 100.255
38.88000 111.214
38.90000 113.736
38.92000 119.174
38.94000 129.280
38.96000 132.552
38.98000 140.720
39.00000 152.163
39.02000 155.363
39.04000 164.608
39.06000 176.462
39.08000 184.602
39.10000 187.738
39.12000 200.732
39.14000 215.213
39.16000 230.488
39.18000 241.228
39.20000 256.812
39.22000 275.250
39.24000 299.566
39.26000 308.809
39.28000 324.750
39.30000 343.649
39.32000 363.599
39.34000 384.270
39.36000 399.452
39.38000 418.033
39.40000 444.088
39.42000 454.473
39.44000 472.407
39.46000 491.864
39.48000 515.771
39.50000 543.684
39.52000 559.044
39.54000 567.062
39.56000 581.570
39.58000 598.500
39.60000 613.346
39.62000 615.282
39.64000 636.669
39.66000 639.370
39.68000 642.496
39.70000 640.166
39.72000 638.472
39.74000 640.470
39.76000 635.152
39.78000 620.668
39.80000 614.049
39.82000 604.673
39.84000 584.236
39.86000 576.195
39.88000 561.530
39.90000 548.848
39.92000 533.081
39.94000 521.134
39.96000 493.234
39.98000 470.336
40.00000 452.346
40.02000 425.400
40.04000 404.885
40.06000 382.800
40.08000 372.318
40.10000 358.503
40.12000 332.774
40.14000 307.618
40.16000 290.218
40.18000 270.364
40.20000 255.477
40.22000 241.034
40.24000 230.103
40.26000 218.344
40.28000 205.482
40.30000 194.017
40.32000 178.446
40.34000 159.879
40.36000 151.415
40.38000 142.451
40.40000 132.543
40.42000 127.477
40.44000 118.389
40.46000 111.134
40.48000 111.190
40.50000 99.335
40.52000 92.308
40.54000 81.649
40.56000 78.614
40.58000 74.362
40.60000 67.036
40.62000 66.645
40.64000 66.913
40.66000 60.329
40.68000 60.747
40.70000 55.190
40.72000 49.548
40.74000 48.218
40.76000 44.679
40.78000 39.655
40.80000 36.102
40.82000 39.887
40.84000 37.660
40.86000 36.542
40.88000 31.496
40.90000 30.507
40.92000 33.547
40.94000 33.028
40.96000 32.175
40.98000 28.273
41.00000 28.553
41.02000 20.769
41.04000 17.953
41.06000 19.173
41.08000 16.778
41.10000 17.293
41.12000 17.044
41.14000 14.705
41.16000 15.610
41.18000 15.198
41.20000 13.376
41.22000 9.033
41.24000 8.632
41.26000 16.637
41.28000 15.028
41.30000 12.324
41.32000 13.605
41.34000 11.880
41.36000 10.818
41.38000 8.007
41.40000 7.585
41.42000 12.544
41.44000 4.556
41.46000 2.628
41.48000 5.731
41.50000 2.852
41.52000 1.215
41.54000 0.353
41.56000 6.642
41.58000 4.299
41.60000 3.125
41.62000 2.104
41.64000 1.248
41.66000 1.475
41.68000 -1.954
41.70000 -1.911
41.72000 1.017
41.74000 3.041
41.76000 6.028
41.78000 6.487
41.80000 5.829
41.82000 6.490
41.84000 4.910
41.86000 4.004
41.88000 3.652
41.90000 3.665
41.92000 4.950
41.94000 5.915
41.96000 -1.168
41.98000 -3.396
42.00000 -3.120
42.02000 0.509
42.04000 2.376
42.06000 1.622
42.08000 0.132
42.10000 1.854
42.12000 1.327
42.14000 0.493
42.16000 0.949
42.18000 1.787
42.20000 4.313
42.22000 4.421
42.24000 1.837
42.26000 3.062
42.28000 0.357
42.30000 1.037
42.32000 -0.383
42.34000 1.608
42.36000 0.460
42.38000 2.924
42.40000 4.417
42.42000 5.435
42.44000 2.933
42.46000 0.457
42.48000 -3.309
42.50000 -1.077
42.52000 -0.501
42.54000 0.355
42.56000 0.521
42.58000 -0.851
42.60000 1.699
42.62000 4.325
42.64000 2.106
42.66000 -0.924
42.68000 -0.458
42.70000 -1.112
42.72000 -1.301
42.74000 0.406
42.76000 -1.598
42.78000 0.374
42.80000 4.752
42.82000 2.934
42.84000 1.041
42.86000 0.082
42.88000 -1.213
42.90000 0.255
42.92000 2.590
42.94000 4.500
42.96000 -0.621
42.98000 -1.624
43.00000 -3.249
43.02000 -0.896
43.04000 0.964
43.06000 1.670
43.08000 0.194
43.10000 -0.370
43.12000 -2.013
43.14000 1.108
43.16000 3.174
43.18000 2.183
43.20000 0.591
43.22000 -2.166
43.24000 -1.451
43.26000 -0.739
43.28000 -0.235
43.30000 2.860
43.32000 3.807
43.34000 0.950
43.36000 1.295
43.38000 -0.097
43.40000 1.043
43.42000 1.984
43.44000 1.929
43.46000 0.144
43.48000 -1.977
43.50000 -0.419
43.52000 3.776
43.54000 0.066
43.56000 -1.347
43.58000 1.710
43.60000 2.842
43.62000 2.155
43.64000 -1.141
43.66000 -0.988
43.68000 -3.173
43.70000 -2.992
43.72000 1.445
43.74000 3.641
43.76000 0.412
43.78000 0.451
43.80000 3.369
43.82000 1.949
43.84000 -0.858
43.86000 0.482
43.88000 0.079
43.90000 1.491
43.92000 2.573
43.94000 1.774
43.96000 3.192
43.98000 5.368
44.00000 0.536
44.02000 -0.716
44.04000 -2.338
44.06000 1.783
44.08000 2.181
44.10000 -0.681
44.12000 1.040
44.14000 0.153
44.16000 0.908
44.18000 1.474
44.20000 -0.937
44.22000 -3.132
44.24000 -0.418
44.26000 1.087
44.28000 0.851
44.30000 -0.090
44.32000 -1.246
44.34000 -0.610
44.36000 0.302
44.38000 2.841
44.40000 1.080
44.42000 4.994
44.44000 4.505
44.46000 2.251
44.48000 -1.882
44.50000 -0.198
44.52000 2.572
44.54000 2.864
44.56000 3.406
44.58000 2.894
44.60000 3.626
44.62000 2.964
44.64000 2.845
44.66000 2.078
44.68000 2.412
44.70000 2.061
44.72000 0.054
44.74000 3.482
44.76000 5.882
44.78000 3.642
44.80000 5.389
44.82000 2.914
44.84000 3.929
44.86000 6.429
44.88000 7.517
44.90000 4.275
44.92000 2.153
44.94000 1.864
44.96000 4.713
44.98000 4.753
45.00000 1.881
45.02000 5.197
45.04000 4.966
45.06000 8.278
45.08000 12.025
45.10000 9.748
45.12000 8.566
45.14000 9.426
45.16000 10.879
45.18000 11.767
45.20000 8.424
45.22000 7.420
45.24000 8.086
45.26000 10.890
45.28000 11.141
45.30000 8.928
45.32000 12.930
45.34000 13.130
45.36000 13.793
45.38000 13.083
45.40000 10.295
45.42000 11.875
45.44000 11.858
45.46000 17.258
45.48000 16.540
45.50000 16.026
45.52000 15.406
45.54000 14.667
45.56000 19.807
45.58000 18.698
45.60000 18.722
45.62000 21.310
45.64000 26.265
45.66000 26.510
45.68000 31.587
45.70000 27.709
45.72000 24.589
45.74000 24.496
45.76000 29.187
45.78000 30.663
45.80000 37.028
45.82000 34.739
45.84000 31.461
45.86000 35.950
45.88000 38.545
45.90000 40.399
45.92000 38.666
45.94000 40.806
45.96000 45.573
45.98000 46.571
46.00000 47.920
46.02000 49.956
46.04000 52.267
46.06000 56.950
46.08000 51.040
46.10000 49.140
46.12000 59.217
46.14000 56.289
46.16000 61.716
46.18000 56.966
46.20000 57.127
46.22000 63.416
46.24000 62.086
46.26000 62.221
46.28000 64.261
46.30000 61.359
46.32000 61.071
46.34000 61.836
46.36000 66.534
46.38000 63.039
46.40000 62.318
46.42000 65.015
46.44000 69.501
46.46000 67.055
46.48000 65.098
46.50000 70.000
46.52000 64.000
46.54000 62.034
46.56000 58.753
46.58000 62.479
46.60000 59.085
46.62000 58.610
46.64000 58.717
46.66000 53.351
46.68000 48.554
46.70000 51.994
46.72000 53.855
46.74000 54.802
46.76000 47.943
46.78000 44.830
46.80000 41.049
46.82000 38.581
46.84000 32.568
46.86000 34.674
46.88000 33.517
46.90000 33.460
46.92000 34.266
46.94000 33.045
46.96000 32.308
46.98000 31.459
47.00000 28.374
47.02000 28.480
47.04000 26.273
47.06000 23.936
47.08000 24.353
47.10000 26.951
47.12000 22.818
47.14000 21.542
47.16000 18.117
47.18000 14.830
47.20000 17.283
47.22000 20.119
47.24000 20.814
47.26000 18.231
47.28000 16.188
47.30000 10.318
47.32000 9.722
47.34000 10.535
47.36000 8.582
47.38000 10.676
47.40000 11.430
47.42000 12.179
47.44000 10.540
47.46000 9.018
47.48000 7.190
47.50000 7.790
47.52000 7.552
47.54000 9.041
47.56000 8.449
47.58000 8.543
47.60000 7.514
47.62000 9.487
47.64000 5.324
47.66000 3.097
47.68000 2.906
47.70000 1.556
47.72000 3.542
47.74000 5.278
47.76000 5.343
47.78000 7.791
47.80000 7.461
47.82000 2.487
47.84000 -2.777
47.86000 -2.556
47.88000 6.619
47.90000 8.908
47.92000 6.761
47.94000 4.005
47.96000 4.549
47.98000 5.955
48.00000 2.317
48.02000 3.764
48.04000 3.103
48.06000 3.123
48.08000 1.096
48.10000 5.202
48.12000 5.643
48.14000 5.276
48.16000 3.445
48.18000 3.333
48.20000 2.910
48.22000 6.503
48.24000 4.916
48.26000 3.355
48.28000 5.722
48.30000 6.202
48.32000 4.302
48.34000 1.952
48.36000 -2.671
48.38000 -1.742
48.40000 4.523
48.42000 3.586
48.44000 4.295
48.46000 5.793
48.48000 6.849
48.50000 4.699
48.52000 0.439
48.54000 -2.377
48.56000 -0.639
48.58000 1.110
48.60000 2.841
48.62000 5.097
48.64000 10.102
48.66000 9.011
48.68000 5.531
48.70000 6.281
48.72000 6.980
48.74000 5.070
48.76000 5.931
48.78000 6.099
48.80000 3.820
48.82000 2.993
48.84000 3.331
48.86000 1.005
48.88000 6.089
48.90000 7.718
48.92000 2.758
48.94000 3.954
48.96000 7.036
48.98000 5.526
49.00000 3.276
49.02000 3.232
49.04000 2.438
49.06000 2.126
49.08000 3.217
49.10000 1.596
49.12000 2.368
49.14000 5.703
49.16000 -0.304
49.18000 -2.246
49.20000 0.868
49.22000 1.836
49.24000 2.920
49.26000 2.939
49.28000 2.394
49.30000 3.700
49.32000 0.840
49.34000 5.795
49.36000 3.314
49.38000 2.467
49.40000 4.544
49.42000 5.420
49.44000 5.365
49.46000 3.831
49.48000 4.754
49.50000 1.725
49.52000 1.933
49.54000 7.460
49.56000 7.499
49.58000 4.996
49.60000 2.578
49.62000 1.906
49.64000 -2.571
49.66000 3.501
49.68000 5.294
49.70000 3.161
49.72000 -0.842
49.74000 0.548
49.76000 4.061
49.78000 5.908
49.80000 8.333
49.82000 8.126
49.84000 6.073
49.86000 4.545
49.88000 1.369
49.90000 3.487
49.92000 1.554
49.94000 -2.566
49.96000 3.585
49.98000 4.901
50.00000 5.160
50.02000 5.295
50.04000 3.357
50.06000 1.960
50.08000 1.508
50.10000 3.015
50.12000 9.889
50.14000 7.003
50.16000 0.493
50.18000 -0.396
50.20000 1.235
50.22000 4.418
50.24000 5.479
50.26000 4.887
50.28000 4.445
50.30000 2.231
50.32000 -0.726
50.34000 2.325
50.36000 2.691
50.38000 3.394
50.40000 2.156
50.42000 2.801
50.44000 2.550
50.46000 2.130
50.48000 1.537
50.50000 0.957
50.52000 2.615
50.54000 1.116
50.56000 0.192
50.58000 0.416
50.60000 6.691
50.62000 4.039
50.64000 2.573
50.66000 0.959
50.68000 -1.738
50.70000 -2.566
50.72000 1.682
50.74000 4.303
50.76000 4.494
50.78000 1.708
50.80000 2.497
50.82000 1.706
50.84000 1.031
50.86000 4.458
50.88000 3.882
50.90000 1.239
50.92000 -0.634
50.94000 0.955
50.96000 1.997
50.98000 8.034
51.00000 8.430
51.02000 4.162
51.04000 3.984
51.06000 2.770
51.08000 2.728
51.10000 3.320
51.12000 4.257
51.14000 6.998
51.16000 3.818
51.18000 -1.411
51.20000 5.726
51.22000 4.797
51.24000 3.878
51.26000 5.507
51.28000 3.587
51.30000 2.502
51.32000 -1.244
51.34000 1.470
51.36000 3.875
51.38000 0.917
51.40000 1.307
51.42000 3.422
51.44000 5.219
51.46000 3.014
51.48000 2.530
51.50000 5.864
51.52000 2.543
51.54000 5.499
51.56000 3.208
51.58000 3.211
51.60000 4.158
51.62000 3.101
51.64000 0.194
51.66000 1.469
51.68000 0.006
51.70000 -2.517
51.72000 -0.626
51.74000 1.562
51.76000 1.880
51.78000 -1.669
51.80000 0.803
51.82000 7.174
51.84000 3.029
51.86000 1.586
51.88000 1.610
51.90000 0.556
51.92000 1.072
51.94000 1.769
51.96000 3.575
51.98000 4.609
52.00000 1.364
52.02000 1.247
52.04000 -2.518
52.06000 2.064
52.08000 5.553
52.10000 4.451
52.12000 6.359
52.14000 6.625
52.16000 2.582
52.18000 3.279
52.20000 2.709
52.22000 2.382
52.24000 4.468
52.26000 2.053
52.28000 1.539
52.30000 2.003
52.32000 0.520
52.34000 1.300
52.36000 3.751
52.38000 2.420
52.40000 0.870
52.42000 -0.414
52.44000 2.175
52.46000 2.921
52.48000 0.848
52.50000 1.053
52.52000 2.290
52.54000 -1.559
52.56000 -0.630
52.58000 -0.775
52.60000 -0.238
52.62000 1.045
52.64000 -2.052
52.66000 -2.527
52.68000 1.300
52.70000 3.808
52.72000 1.013
52.74000 -1.147
52.76000 3.544
52.78000 4.089
52.80000 -0.051
52.82000 -1.920
52.84000 -1.466
52.86000 -1.951
52.88000 -1.213
52.90000 -2.345
52.92000 -0.743
52.94000 -1.758
52.96000 0.830
52.98000 -1.893
53.00000 0.960
53.02000 1.860
53.04000 1.358
53.06000 0.739
53.08000 -0.804
53.10000 -1.677
53.12000 -2.516
53.14000 -1.225
53.16000 -0.893
53.18000 -2.256
53.20000 1.976
53.22000 -1.799
53.24000 -1.906
53.26000 0.473
53.28000 0.814
53.30000 4.463
53.32000 1.222
53.34000 -2.073
53.36000 -2.237
53.38000 2.760
53.40000 2.484
53.42000 2.092
53.44000 0.334
53.46000 -1.002
53.48000 0.707
53.50000 0.917
53.52000 1.999
53.54000 2.327
53.56000 -0.041
53.58000 -1.626
53.60000 4.628
53.62000 1.918
53.64000 1.789
53.66000 -0.490
53.68000 -1.061
53.70000 -0.357
53.72000 -2.478
53.74000 0.817
53.76000 0.528
53.78000 0.356
53.80000 -2.183
53.82000 -2.050
53.84000 1.566
53.86000 2.188
53.88000 1.116
53.90000 -1.487
53.92000 -2.439
53.94000 -0.818
53.96000 1.132
53.98000 2.570
54.00000 -0.736
54.02000 -2.433
54.04000 0.044
54.06000 -2.278
54.08000 -2.503
54.10000 -0.031
54.12000 -1.684
54.14000 -0.844
54.16000 2.925
54.18000 4.834
54.20000 0.326
54.22000 1.691
54.24000 2.798
54.26000 -0.238
54.28000 1.364
54.30000 -1.144
54.32000 -0.390
54.34000 2.036
54.36000 4.296
54.38000 7.231
54.40000 4.516
54.42000 2.436
54.44000 -0.359
54.46000 1.529
54.48000 2.678
54.50000 3.484
54.52000 -0.026
54.54000 0.701
54.56000 2.927
54.58000 4.564
54.60000 2.571
54.62000 3.185
54.64000 7.289
54.66000 5.786
54.68000 1.013
54.70000 2.434
54.72000 3.016
54.74000 2.536
54.76000 3.115
54.78000 2.426
54.80000 3.051
54.82000 1.649
54.84000 4.929
54.86000 3.915
54.88000 3.929
54.90000 1.487
54.92000 2.098
54.94000 -0.786
54.96000 -2.433
54.98000 0.956
55.00000 2.942
55.02000 2.341
55.04000 6.355
55.06000 5.790
55.08000 3.556
55.10000 3.041
55.12000 5.537
55.14000 3.173
55.16000 -2.416
55.18000 1.191
55.20000 2.762
55.22000 1.028
55.24000 3.722
55.26000 6.218
55.28000 1.594
55.30000 4.381
55.32000 5.370
55.34000 1.603
55.36000 4.172
55.38000 5.664
55.40000 4.278
55.42000 7.648
55.44000 6.648
55.46000 5.891
55.48000 3.389
55.50000 2.141
55.52000 1.415
55.54000 5.937
55.56000 3.228
55.58000 1.119
55.60000 3.847
55.62000 4.408
55.64000 1.464
55.66000 6.816
55.68000 4.790
55.70000 3.352
55.72000 0.857
55.74000 1.868
55.76000 4.697
55.78000 4.164
55.80000 4.421
55.82000 5.352
55.84000 3.046
55.86000 0.546
55.88000 -1.050
55.90000 1.047
55.92000 2.203
55.94000 -0.230
55.96000 1.725
55.98000 4.086
56.00000 -0.151
56.02000 3.553
56.04000 3.894
56.06000 1.591
56.08000 3.647
56.10000 -0.517
56.12000 -0.212
56.14000 1.123
56.16000 -1.726
56.18000 -0.652
56.20000 2.126
56.22000 3.316
56.24000 2.330
56.26000 0.893
56.28000 -2.427
56.30000 -2.089
56.32000 -0.249
56.34000 4.697
56.36000 0.271
56.38000 1.774
56.40000 3.410
56.42000 3.211
56.44000 2.473
56.46000 0.887
56.48000 4.558
56.50000 1.513
56.52000 3.025
56.54000 4.503
56.56000 2.959
56.58000 0.331
56.60000 0.651
56.62000 0.319
56.64000 6.192
56.66000 3.546
56.68000 0.206
56.70000 -1.255
56.72000 1.508
56.74000 0.765
56.76000 -1.675
56.78000 -1.048
56.80000 0.416
56.82000 2.489
56.84000 3.051
56.86000 -0.476
56.88000 -0.655
56.90000 5.231
56.92000 1.060
56.94000 -0.828
56.96000 -1.234
56.98000 -1.919
57.00000 1.200
57.02000 1.255
57.04000 0.670
57.06000 -0.883
57.08000 3.408
57.10000 1.751
57.12000 1.437
57.14000 0.397
57.16000 -0.330
57.18000 0.168
57.20000 1.751
57.22000 0.422
57.24000 1.816
57.26000 1.126
57.28000 -1.242
57.30000 -2.001
57.32000 -1.448
57.34000 0.963
57.36000 3.401
57.38000 1.567
57.40000 1.795
57.42000 -1.459
57.44000 -0.818
57.46000 1.743
57.48000 6.139
57.50000 2.132
57.52000 1.611
57.54000 3.285
57.56000 2.571
57.58000 -0.677
57.60000 -2.401
57.62000 0.519
57.64000 3.791
57.66000 0.568
57.68000 -2.209
57.70000 1.156
57.72000 -0.162
57.74000 -0.535
57.76000 -0.737
57.78000 -0.267
57.80000 3.155
57.82000 0.599
57.84000 -1.017
57.86000 1.348
57.88000 1.226
57.90000 -1.719
57.92000 1.365
57.94000 1.792
57.96000 0.630
57.98000 2.084
58.00000 5.116
58.02000 5.811
58.04000 -0.210
58.06000 2.627
58.08000 1.555
58.10000 0.992
58.12000 0.353
58.14000 3.216
58.16000 0.685
58.18000 0.679
58.20000 1.444
58.22000 4.598
58.24000 3.725
58.26000 1.729
58.28000 3.251
58.30000 1.245
58.32000 2.202
58.34000 2.796
58.36000 3.990
58.38000 3.702
58.40000 3.481
58.42000 3.088
58.44000 0.128
58.46000 -2.354
58.48000 2.216
58.50000 2.301
58.52000 2.280
58.54000 6.210
58.56000 6.613
58.58000 5.175
58.60000 1.955
58.62000 -1.221
58.64000 1.630
58.66000 2.849
58.68000 1.367
58.70000 1.569
58.72000 1.955
58.74000 3.572
58.76000 6.399
58.78000 5.852
58.80000 1.690
58.82000 0.842
58.84000 2.641
58.86000 2.460
58.88000 3.975
58.90000 3.162
58.92000 2.501
58.94000 0.773
58.96000 0.814
58.98000 0.283
59.00000 0.843
59.02000 0.140
59.04000 1.846
59.06000 2.253
59.08000 0.794
59.10000 -0.368
59.12000 -0.034
59.14000 0.593
59.16000 3.639
59.18000 0.809
59.20000 -1.144
59.22000 0.229
59.24000 1.000
59.26000 4.484
59.28000 4.680
59.30000 3.370
59.32000 2.760
59.34000 -2.338
59.36000 1.511
59.38000 1.492
59.40000 1.692
59.42000 1.244
59.44000 1.574
59.46000 -0.723
59.48000 0.523
59.50000 2.981
59.52000 1.181
59.54000 1.786
59.56000 1.819
59.58000 4.041
59.60000 2.725
59.62000 1.881
59.64000 -0.172
59.66000 1.082
59.68000 0.530
59.70000 -0.389
59.72000 1.831
59.74000 0.443
59.76000 3.369
59.78000 3.460
59.80000 2.097
59.82000 3.147
59.84000 1.997
59.86000 1.094
59.88000 0.783
59.90000 2.145
59.92000 1.648
59.94000 3.974
59.96000 3.182
59.98000 1.481
60.00000 4.659
60.02000 4.470
60.04000 4.730
60.06000 4.918
60.08000 2.193
60.10000 1.567
60.12000 4.325
60.14000 3.809
60.16000 1.286
60.18000 0.879
60.20000 0.035
60.22000 0.818
60.24000 0.537
60.26000 -2.315
60.28000 1.998
60.30000 4.947
60.32000 0.768
60.34000 -1.878
60.36000 0.446
60.38000 2.107
60.40000 1.633
60.42000 1.759
60.44000 -0.613
60.46000 -0.442
60.48000 3.132
60.50000 1.576
60.52000 2.369
60.54000 3.593
60.56000 2.265
60.58000 -0.349
60.60000 0.946
60.62000 2.264
60.64000 3.142
60.66000 -0.805
60.68000 2.173
60.70000 2.840
60.72000 -0.078
60.74000 -0.009
60.76000 -0.599
60.78000 1.800
60.80000 3.873
60.82000 5.140
60.84000 2.889
60.86000 1.454
60.88000 3.026
60.90000 4.389
60.92000 5.378
60.94000 1.609
60.96000 2.350
60.98000 2.495
61.00000 1.032
61.02000 3.045
61.04000 2.143
61.06000 -2.071
61.08000 -2.284
61.10000 -1.341
61.12000 -2.126
61.14000 3.246
61.16000 4.425
61.18000 3.097
61.20000 4.553
61.22000 3.000
61.24000 0.868
61.26000 1.445
61.28000 -0.029
61.30000 1.708
61.32000 2.896
61.34000 1.141
61.36000 1.252
61.38000 -0.918
61.40000 -0.194
61.42000 3.026
61.44000 3.128
61.46000 1.285
61.48000 -2.275
61.50000 0.064
61.52000 1.732
61.54000 2.522
61.56000 4.689
61.58000 1.209
61.60000 3.933
61.62000 3.678
61.64000 3.062
61.66000 6.574
61.68000 5.050
61.70000 3.081
61.72000 3.719
61.74000 2.488
61.76000 4.416
61.78000 3.058
61.80000 2.645
61.82000 -0.309
61.84000 0.378
61.86000 -0.260
61.88000 0.155
61.90000 1.358
61.92000 2.653
61.94000 0.559
61.96000 0.543
61.98000 1.899
62.00000 1.543
62.02000 1.329
62.04000 -0.168
62.06000 0.216
62.08000 -0.411
62.10000 -1.618
62.12000 1.724
62.14000 2.594
62.16000 -0.544
62.18000 0.587
62.20000 0.174
62.22000 0.218
62.24000 0.402
62.26000 2.026
62.28000 -1.770
62.30000 -2.000
62.32000 -1.904
62.34000 -2.074
62.36000 0.794
62.38000 1.772
62.40000 1.969
62.42000 3.597
62.44000 2.776
62.46000 2.385
62.48000 -0.963
62.50000 -2.154
62.52000 -0.368
62.54000 0.326
62.56000 2.533
62.58000 1.886
62.60000 0.809
62.62000 1.106
62.64000 2.694
62.66000 2.947
62.68000 1.633
62.70000 3.086
62.72000 -0.710
62.74000 -1.179
62.76000 0.292
62.78000 -2.262
62.80000 1.322
62.82000 0.990
62.84000 -0.925
62.86000 -1.102
62.88000 1.745
62.90000 3.187
62.92000 3.807
62.94000 0.900
62.96000 4.078
62.98000 5.189
63.00000 0.518
63.02000 -0.273
63.04000 2.395
63.06000 -1.094
63.08000 0.755
63.10000 1.037
63.12000 2.259
63.14000 3.720
63.16000 0.399
63.18000 0.193
63.20000 -1.036
63.22000 -0.701
63.24000 2.482
63.26000 1.220
63.28000 3.451
63.30000 5.246
63.32000 4.535
63.34000 0.978
63.36000 3.356
63.38000 3.624
63.40000 0.957
63.42000 -2.267
63.44000 -0.609
63.46000 0.419
63.48000 1.532
63.50000 0.283
63.52000 1.390
63.54000 1.789
63.56000 4.240
63.58000 3.013
63.60000 3.947
63.62000 1.942
63.64000 0.618
63.66000 0.864
63.68000 1.076
63.70000 -0.271
63.72000 -1.054
63.74000 -0.994
63.76000 1.556
63.78000 3.037
63.80000 4.435
63.82000 4.308
63.84000 1.935
63.86000 4.340
63.88000 3.593
63.90000 -1.237
63.92000 -2.272
63.94000 -0.517
63.96000 -1.073
63.98000 2.445
64.00000 4.265
64.02000 1.472
64.04000 3.048
64.06000 2.311
64.08000 0.477
64.10000 0.180
64.12000 2.201
64.14000 2.972
64.16000 3.020
64.18000 4.165
64.20000 3.059
64.22000 0.190
64.24000 -2.278
64.26000 -0.501
64.28000 -1.663
64.30000 0.247
64.32000 2.181
64.34000 1.997
64.36000 0.437
64.38000 0.801
64.40000 1.085
64.42000 1.955
64.44000 -1.427
64.46000 -1.066
64.48000 -1.186
64.50000 -0.828
64.52000 1.271
64.54000 0.209
64.56000 -0.873
64.58000 2.163
64.60000 1.840
64.62000 -0.241
64.64000 0.481
64.66000 -1.043
64.68000 -1.763
64.70000 -0.488
64.72000 2.588
64.74000 2.633
64.76000 1.702
64.78000 1.399
64.80000 3.279
64.82000 1.948
64.84000 2.068
64.86000 3.917
64.88000 1.039
64.90000 0.730
64.92000 1.277
64.94000 2.128
64.96000 2.347
64.98000 2.126
65.00000 -2.290
65.02000 0.576
65.04000 2.041
65.06000 0.939
65.08000 -1.375
65.10000 -1.875
65.12000 3.882
65.14000 2.475
65.16000 0.858
65.18000 0.323
65.20000 -1.774
65.22000 0.079
65.24000 1.775
65.26000 1.660
65.28000 3.177
65.30000 2.463
65.32000 1.292
65.34000 -1.442
65.36000 -0.089
65.38000 -1.532
65.40000 0.027
65.42000 2.924
65.44000 2.566
65.46000 -1.584
65.48000 -1.116
65.50000 1.390
65.52000 -0.389
65.54000 -0.934
65.56000 -0.121
65.58000 1.787
65.60000 0.747
65.62000 -2.326
65.64000 -0.915
65.66000 -2.049
65.68000 -0.238
65.70000 -0.260
65.72000 1.539
65.74000 1.270
65.76000 2.236
65.78000 2.934
65.80000 0.267
65.82000 1.228
65.84000 0.696
65.86000 3.426
65.88000 1.648
65.90000 -2.117
65.92000 -1.578
65.94000 0.462
65.96000 1.384
65.98000 1.114
66.00000 1.213
66.02000 -0.739
66.04000 -0.075
66.06000 1.310
66.08000 2.005
66.10000 2.143
66.12000 0.461
66.14000 -0.734
66.16000 -1.617
66.18000 -2.336
66.20000 -1.434
66.22000 -0.947
66.24000 -0.865
66.26000 -2.338
66.28000 0.595
66.30000 3.637
66.32000 3.738
66.34000 3.540
66.36000 1.744
66.38000 3.970
66.40000 1.208
66.42000 -0.829
66.44000 0.953
66.46000 2.338
66.48000 2.096
66.50000 2.641
66.52000 0.303
66.54000 0.692
66.56000 3.497
66.58000 4.956
66.60000 3.812
66.62000 3.406
66.64000 4.685
66.66000 4.481
66.68000 3.561
66.70000 3.806
66.72000 4.036
66.74000 6.412
66.76000 3.021
66.78000 3.056
66.80000 6.295
66.82000 6.549
66.84000 3.214
66.86000 5.004
66.88000 5.584
66.90000 5.550
66.92000 8.464
66.94000 5.980
66.96000 4.607
66.98000 5.985
67.00000 12.142
67.02000 8.885
67.04000 5.715
67.06000 6.793
67.08000 8.723
67.10000 8.480
67.12000 10.292
67.14000 12.188
67.16000 9.705
67.18000 11.625
67.20000 11.637
67.22000 12.969
67.24000 13.395
67.26000 10.600
67.28000 12.154
67.30000 15.026
67.32000 12.546
67.34000 13.402
67.36000 12.597
67.38000 13.306
67.40000 14.890
67.42000 16.875
67.44000 14.752
67.46000 14.907
67.48000 16.896
67.50000 15.633
67.52000 12.211
67.54000 11.600
67.56000 9.756
67.58000 15.301
67.60000 12.326
67.62000 10.107
67.64000 13.637
67.66000 13.262
67.68000 12.922
67.70000 10.735
67.72000 10.545
67.74000 9.628
67.76000 10.898
67.78000 11.886
67.80000 11.062
67.82000 8.247
67.84000 11.029
67.86000 11.707
67.88000 7.987
67.90000 7.626
67.92000 9.492
67.94000 12.576
67.96000 11.554
67.98000 11.461
68.00000 9.097
68.02000 8.752
68.04000 9.127
68.06000 4.602
68.08000 6.863
68.10000 4.268
68.12000 4.037
68.14000 4.661
68.16000 7.864
68.18000 6.071
68.20000 3.625
68.22000 2.477
68.24000 1.452
68.26000 4.660
68.28000 6.873
68.30000 7.906
68.32000 5.395
68.34000 4.279
68.36000 5.565
68.38000 3.448
68.40000 1.067
68.42000 1.421
68.44000 2.682
68.46000 2.701
68.48000 2.267
68.50000 -0.316
68.52000 2.780
68.54000 3.949
68.56000 3.281
68.58000 0.522
68.60000 -1.527
68.62000 1.163
68.64000 2.970
68.66000 0.777
68.68000 -2.286
68.70000 -0.699
68.72000 1.860
68.74000 2.684
68.76000 1.103
68.78000 -1.363
68.80000 -0.640
68.82000 -1.797
68.84000 -0.617
68.86000 0.674
68.88000 0.728
68.90000 -1.477
68.92000 2.726
68.94000 1.235
68.96000 0.714
68.98000 3.023
69.00000 3.630
69.02000 3.198
69.04000 3.807
69.06000 3.961
69.08000 1.844
69.10000 -0.525
69.12000 1.653
69.14000 0.449
69.16000 0.800
69.18000 1.339
69.20000 2.665
69.22000 2.521
69.24000 3.227
69.26000 2.225
69.28000 3.795
69.30000 3.235
69.32000 2.379
69.34000 1.099
69.36000 1.826
69.38000 0.885
69.40000 -0.406
69.42000 2.306
69.44000 3.833
69.46000 0.111
69.48000 1.410
69.50000 3.391
69.52000 2.869
69.54000 0.313
69.56000 1.214
69.58000 1.003
69.60000 0.018
69.62000 0.539
69.64000 1.238
69.66000 0.868
69.68000 1.402
69.70000 1.497
69.72000 -2.099
69.74000 -2.202
69.76000 -0.508
69.78000 0.420
69.80000 2.209
69.82000 3.012
69.84000 2.668
69.86000 1.990
69.88000 3.805
69.90000 5.605
69.92000 5.794
69.94000 4.080
69.96000 0.698
69.98000 -0.357
70.00000 1.064
70.02000 3.964
70.04000 1.105
70.06000 0.226
70.08000 -1.006
70.10000 0.742
70.12000 1.967
70.14000 -0.813
70.16000 0.085
70.18000 0.266
70.20000 1.980
70.22000 -0.878
70.24000 0.556
70.26000 4.479
70.28000 1.655
70.30000 1.302
70.32000 3.015
70.34000 3.306
70.36000 3.085
70.38000 -0.070
70.40000 -0.025
70.42000 -0.594
70.44000 -0.374
70.46000 1.641
70.48000 -1.939
70.50000 -0.759
70.52000 3.107
70.54000 -2.179
70.56000 -0.608
70.58000 0.111
70.60000 -1.665
70.62000 -0.668
70.64000 -0.843
70.66000 -0.503
70.68000 1.385
70.70000 2.835
70.72000 1.521
70.74000 2.649
70.76000 -0.431
70.78000 -0.676
70.80000 -0.052
70.82000 2.904
70.84000 1.583
70.86000 3.672
70.88000 1.888
70.90000 2.931
70.92000 2.436
70.94000 -0.198
70.96000 0.931
70.98000 0.417
71.00000 3.178
71.02000 1.469
71.04000 -1.978
71.06000 -2.175
71.08000 0.384
71.10000 6.366
71.12000 4.402
71.14000 2.392
71.16000 1.235
71.18000 -1.241
71.20000 -1.663
71.22000 0.096
71.24000 1.252
71.26000 7.580
71.28000 5.401
71.30000 1.682
71.32000 2.969
71.34000 1.202
71.36000 -0.940
71.38000 -0.723
71.40000 1.044
71.42000 0.214
71.44000 2.590
71.46000 3.497
71.48000 -0.600
71.50000 -1.134
71.52000 2.457
71.54000 1.362
71.56000 0.152
71.58000 1.469
71.60000 1.825
71.62000 1.358
71.64000 4.052
71.66000 1.459
71.68000 0.844
71.70000 0.628
71.72000 0.952
71.74000 -0.364
71.76000 1.916
71.78000 1.695
71.80000 -1.006
71.82000 2.008
71.84000 1.770
71.86000 -0.634
71.88000 -0.271
71.90000 0.949
71.92000 -1.398
71.94000 -1.729
71.96000 -0.457
71.98000 -1.807
72.00000 1.940
72.02000 -0.154
72.04000 -0.431
72.06000 0.146
72.08000 0.795
72.10000 0.794
72.12000 -1.802
72.14000 -0.179
72.16000 2.806
72.18000 0.537
72.20000 -0.840
72.22000 4.791
72.24000 1.632
72.26000 -0.795
72.28000 0.974
72.30000 1.837
72.32000 0.147
72.34000 -0.819
72.36000 1.346
72.38000 0.949
72.40000 -1.193
72.42000 -0.728
72.44000 -0.970
72.46000 3.691
72.48000 4.068
72.50000 -0.570
72.52000 3.010
72.54000 5.013
72.56000 0.220
72.58000 -0.252
72.60000 3.391
72.62000 4.006
72.64000 5.460
72.66000 2.969
72.68000 -2.114
72.70000 -0.177
72.72000 2.189
72.74000 4.768
72.76000 5.758
72.78000 3.140
72.80000 0.243
72.82000 -1.005
72.84000 1.267
72.86000 3.896
72.88000 1.981
72.90000 1.905
72.92000 5.146
72.94000 3.454
72.96000 2.860
72.98000 4.193
73.00000 3.938
73.02000 -2.090
73.04000 -0.817
73.06000 3.556
73.08000 2.875
73.10000 1.888
73.12000 3.711
73.14000 4.665
73.16000 2.499
73.18000 0.986
73.20000 4.348
73.22000 3.413
73.24000 4.127
73.26000 2.761
73.28000 1.855
73.30000 2.820
73.32000 5.399
73.34000 2.210
73.36000 3.342
73.38000 4.950
73.40000 2.510
73.42000 4.242
73.44000 6.492
73.46000 3.685
73.48000 3.402
73.50000 -0.902
73.52000 -2.097
73.54000 0.887
73.56000 5.878
73.58000 5.042
73.60000 1.775
73.62000 0.587
73.64000 1.961
73.66000 -1.763
73.68000 -2.024
73.70000 2.060
73.72000 2.329
73.74000 0.363
73.76000 -0.590
73.78000 1.142
73.80000 0.653
73.82000 2.481
73.84000 6.522
73.86000 2.019
73.88000 -0.750
73.90000 1.489
73.92000 2.378
73.94000 2.220
73.96000 4.370
73.98000 3.126
74.00000 1.838
74.02000 0.900
74.04000 -0.020
74.06000 4.816
74.08000 4.049
74.10000 5.038
74.12000 0.792
74.14000 -0.319
74.16000 -1.161
74.18000 2.221
74.20000 3.662
74.22000 -1.900
74.24000 -2.098
74.26000 4.144
74.28000 4.268
74.30000 4.279
74.32000 4.461
74.34000 2.839
74.36000 -0.873
74.38000 -1.607
74.40000 0.485
74.42000 0.728
74.44000 -0.501
74.46000 3.004
74.48000 3.725
74.50000 1.354
74.52000 1.171
74.54000 -0.335
74.56000 -2.103
74.58000 2.577
74.60000 2.949
74.62000 3.051
74.64000 2.649
74.66000 0.428
74.68000 -0.719
74.70000 -2.106
74.72000 2.739
74.74000 -0.088
74.76000 -0.422
74.78000 0.996
74.80000 1.778
74.82000 1.093
74.84000 4.066
74.86000 4.508
74.88000 2.098
74.90000 -0.031
74.92000 -0.244
74.94000 1.152
74.96000 2.641
74.98000 1.817
75.00000 3.395
75.02000 3.258
75.04000 0.890
75.06000 2.323
75.08000 0.525
75.10000 0.238
75.12000 2.092
75.14000 4.426
75.16000 4.483
75.18000 5.045
75.20000 1.643
75.22000 2.262
75.24000 2.591
75.26000 0.418
75.28000 -0.249
75.30000 0.578
75.32000 4.319
75.34000 1.726
75.36000 -0.268
75.38000 2.818
75.40000 -0.431
75.42000 -1.682
75.44000 -0.437
75.46000 2.428
75.48000 3.997
75.50000 2.925
75.52000 0.692
75.54000 0.716
75.56000 0.540
75.58000 1.321
75.60000 1.369
75.62000 3.779
75.64000 2.518
75.66000 5.472
75.68000 1.960
75.70000 2.648
75.72000 5.212
75.74000 2.584
75.76000 1.651
75.78000 -0.076
75.80000 -1.995
75.82000 1.468
75.84000 3.028
75.86000 3.727
75.88000 5.283
75.90000 4.643
75.92000 2.358
75.94000 -0.129
75.96000 1.555
75.98000 2.642
76.00000 4.599
76.02000 2.570
76.04000 1.156
76.06000 1.214
76.08000 3.288
76.10000 3.539
76.12000 5.387
76.14000 4.455
76.16000 4.476
76.18000 4.107
76.20000 1.759
76.22000 -2.099
76.24000 2.112
76.26000 0.817
76.28000 0.751
76.30000 2.565
76.32000 1.921
76.34000 0.543
76.36000 1.923
76.38000 3.018
76.40000 2.440
76.42000 2.949
76.44000 4.329
76.46000 6.455
76.48000 3.547
76.50000 3.175
76.52000 2.809
76.54000 3.692
76.56000 0.928
76.58000 5.882
76.60000 4.813
76.62000 2.919
76.64000 4.183
76.66000 4.740
76.68000 2.938
76.70000 1.495
76.72000 4.379
76.74000 4.040
76.76000 1.898
76.78000 1.884
76.80000 1.885
76.82000 0.585
76.84000 3.555
76.86000 1.978
76.88000 0.894
76.90000 -0.612
76.92000 -0.595
76.94000 0.451
76.96000 4.199
76.98000 7.878
77.00000 6.123
77.02000 2.798
77.04000 0.352
77.06000 3.412
77.08000 1.787
77.10000 0.023
77.12000 -2.107
77.14000 1.399
77.16000 3.920
77.18000 3.044
77.20000 2.451
77.22000 0.771
77.24000 0.333
77.26000 1.807
77.28000 1.384
77.30000 1.521
77.32000 1.997
77.34000 4.731
77.36000 4.393
77.38000 2.523
77.40000 6.076
77.42000 3.179
77.44000 0.614
77.46000 2.059
77.48000 7.406
77.50000 5.119
77.52000 -0.167
77.54000 0.787
77.56000 -1.594
77.58000 -0.935
77.60000 0.246
77.62000 5.382
77.64000 5.448
77.66000 1.874
77.68000 0.389
77.70000 -1.464
77.72000 0.676
77.74000 3.867
77.76000 0.633
77.78000 -0.008
77.80000 1.217
77.82000 1.215
77.84000 3.671
77.86000 4.720
77.88000 4.275
77.90000 6.488
77.92000 5.435
77.94000 1.784
77.96000 -2.169
77.98000 0.814
78.00000 0.179
78.02000 1.904
78.04000 2.267
78.06000 2.118
78.08000 4.140
78.10000 4.405
78.12000 5.249
78.14000 3.189
78.16000 4.330
78.18000 1.161
78.20000 1.198
78.22000 -1.821
78.24000 0.620
78.26000 3.630
78.28000 1.009
78.30000 -0.654
78.32000 0.468
78.34000 0.456
78.36000 1.704
78.38000 5.168
78.40000 2.608
78.42000 1.315
78.44000 2.859
78.46000 -0.011
78.48000 -2.193
78.50000 1.156
78.52000 3.084
78.54000 2.394
78.56000 2.341
78.58000 1.750
78.60000 4.739
78.62000 -0.282
78.64000 0.184
78.66000 3.015
78.68000 5.356
78.70000 1.015
78.72000 -0.876
78.74000 2.525
78.76000 1.487
78.78000 1.101
78.80000 1.238
78.82000 -2.217
78.84000 -1.138
78.86000 -0.902
78.88000 0.466
78.90000 1.041
78.92000 1.844
78.94000 -1.067
78.96000 1.559
78.98000 1.999
79.00000 -0.722
79.02000 -1.717
79.04000 -0.188
79.06000 0.240
79.08000 1.436
79.10000 1.607
79.12000 1.961
79.14000 2.601
79.16000 1.096
79.18000 -1.753
79.20000 -0.685
79.22000 4.468
79.24000 2.114
79.26000 3.878
79.28000 5.429
79.30000 -0.319
79.32000 2.235
79.34000 4.642
79.36000 0.575
79.38000 0.880
79.40000 2.560
79.42000 -0.910
79.44000 -0.870
79.46000 0.685
79.48000 1.253
79.50000 1.077
79.52000 -0.690
79.54000 -2.042
79.56000 -2.061
79.58000 1.210
79.60000 0.015
79.62000 -0.650
79.64000 -0.484
79.66000 0.866
79.68000 0.208
79.70000 0.772
79.72000 1.104
79.74000 3.218
79.76000 -1.507
79.78000 -2.296
79.80000 -1.994
79.82000 -0.737
79.84000 -0.151
79.86000 -1.267
79.88000 -0.423
79.90000 2.400
79.92000 3.795
79.94000 2.837
79.96000 -0.156
79.98000 -0.143
80.00000 -2.314
80.02000 1.885
80.04000 7.099
80.06000 7.911
80.08000 7.709
80.10000 3.932
80.12000 1.220
80.14000 0.720
80.16000 1.266
80.18000 1.994
80.20000 2.539
80.22000 2.935
80.24000 7.263
80.26000 3.683
80.28000 4.003
80.30000 4.882
80.32000 7.129
80.34000 4.364
80.36000 3.399
80.38000 4.525
80.40000 4.347
80.42000 5.727
80.44000 3.101
80.46000 1.822
80.48000 1.228
80.50000 1.272
80.52000 5.021
80.54000 10.542
80.56000 12.904
80.58000 6.128
80.60000 4.833
80.62000 8.367
80.64000 10.785
80.66000 8.279
80.68000 8.562
80.70000 12.568
80.72000 12.078
80.74000 10.881
80.76000 13.190
80.78000 10.418
80.80000 10.628
80.82000 11.827
80.84000 15.338
80.86000 16.866
80.88000 12.102
80.90000 14.817
80.92000 13.399
80.94000 16.865
80.96000 14.955
80.98000 10.755
81.00000 13.165
81.02000 13.544
81.04000 14.806
81.06000 12.411
81.08000 16.410
81.10000 18.504
81.12000 21.612
81.14000 22.685
81.16000 20.418
81.18000 20.421
81.20000 22.942
81.22000 21.159
81.24000 15.221
81.26000 16.682
81.28000 16.465
81.30000 19.712
81.32000 20.393
81.34000 21.205
81.36000 22.047
81.38000 20.601
81.40000 20.406
81.42000 20.673
81.44000 22.036
81.46000 22.531
81.48000 18.586
81.50000 19.720
81.52000 27.662
81.54000 24.790
81.56000 20.665
81.58000 22.514
81.60000 23.021
81.62000 23.154
81.64000 18.946
81.66000 20.808
81.68000 23.049
81.70000 21.364
81.72000 22.642
81.74000 22.588
81.76000 20.773
81.78000 19.392
81.80000 15.835
81.82000 14.127
81.84000 21.841
81.86000 24.408
81.88000 23.141
81.90000 16.453
81.92000 18.857
81.94000 18.300
81.96000 20.153
81.98000 21.332
82.00000 19.531
82.02000 19.489
82.04000 17.453
82.06000 17.237
82.08000 16.977
82.10000 17.251
82.12000 14.526
82.14000 13.428
82.16000 15.927
82.18000 15.611
82.20000 11.740
82.22000 12.623
82.24000 10.189
82.26000 9.083
82.28000 11.007
82.30000 8.522
82.32000 8.558
82.34000 9.851
82.36000 9.782
82.38000 7.219
82.40000 6.109
82.42000 2.128
82.44000 3.473
82.46000 6.460
82.48000 3.986
82.50000 6.750
82.52000 3.712
82.54000 2.068
82.56000 1.228
82.58000 1.483
82.60000 8.277
82.62000 6.718
82.64000 6.266
82.66000 6.591
82.68000 1.543
82.70000 0.853
82.72000 3.630
82.74000 5.091
82.76000 5.622
82.78000 5.775
82.80000 4.023
82.82000 7.361
82.84000 6.425
82.86000 5.047
82.88000 2.277
82.90000 1.760
82.92000 1.109
82.94000 0.580
82.96000 0.082
82.98000 1.024
83.00000 2.169
83.02000 1.050
83.04000 -1.717
83.06000 1.150
83.08000 2.091
83.10000 1.071
83.12000 0.240
83.14000 2.366
83.16000 5.791
83.18000 7.065
83.20000 6.574
83.22000 2.710
83.24000 4.892
83.26000 3.866
83.28000 3.201
83.30000 6.846
83.32000 5.777
83.34000 4.585
83.36000 4.811
83.38000 3.950
83.40000 -2.245
83.42000 2.506
83.44000 2.723
83.46000 1.729
83.48000 4.617
83.50000 6.504
83.52000 1.671
83.54000 4.266
83.56000 5.501
83.58000 2.312
83.60000 3.055
83.62000 3.874
83.64000 1.922
83.66000 -0.490
83.68000 2.337
83.70000 2.136
83.72000 1.557
83.74000 1.356
83.76000 2.294
83.78000 2.097
83.80000 -0.482
83.82000 1.904
83.84000 0.315
83.86000 -0.402
83.88000 1.499
83.90000 2.253
83.92000 4.530
83.94000 0.932
83.96000 2.479
83.98000 3.035
84.00000 1.951
84.02000 3.099
84.04000 5.413
84.06000 7.396
84.08000 5.245
84.10000 6.177
84.12000 3.922
84.14000 0.784
84.16000 1.506
84.18000 3.026
84.20000 3.082
84.22000 3.994
84.24000 4.108
84.26000 2.026
84.28000 2.557
84.30000 3.291
84.32000 1.363
84.34000 1.214
84.36000 2.848
84.38000 3.343
84.40000 5.900
84.42000 7.451
84.44000 8.740
84.46000 7.354
84.48000 6.245
84.50000 4.135
84.52000 7.362
84.54000 5.695
84.56000 6.296
84.58000 10.574
84.60000 10.475
84.62000 9.279
84.64000 10.128
84.66000 9.032
84.68000 5.545
84.70000 4.252
84.72000 9.868
84.74000 9.061
84.76000 9.898
84.78000 9.624
84.80000 10.288
84.82000 12.378
84.84000 12.298
84.86000 10.851
84.88000 11.103
84.90000 13.661
84.92000 16.422
84.94000 10.516
84.96000 5.056
84.98000 9.593
85.00000 9.086
85.02000 15.668
85.04000 16.642
85.06000 17.617
85.08000 15.179
85.10000 17.411
85.12000 17.057
85.14000 17.050
85.16000 20.810
85.18000 20.155
85.20000 19.660
85.22000 20.322
85.24000 20.584
85.26000 20.159
85.28000 18.391
85.30000 22.124
85.32000 22.279
85.34000 23.941
85.36000 23.032
85.38000 18.253
85.40000 20.931
85.42000 24.207
85.44000 24.651
85.46000 21.159
85.48000 20.713
85.50000 26.357
85.52000 22.335
85.54000 18.894
85.56000 17.331
85.58000 20.467
85.60000 22.643
85.62000 23.038
85.64000 20.082
85.66000 20.287
85.68000 21.891
85.70000 22.018
85.72000 20.105
85.74000 17.215
85.76000 20.271
85.78000 18.360
85.80000 22.983
85.82000 18.836
85.84000 17.142
85.86000 20.123
85.88000 19.274
85.90000 21.411
85.92000 20.694
85.94000 17.789
85.96000 18.543
85.98000 18.611
86.00000 16.617
86.02000 18.997
86.04000 18.694
86.06000 14.117
86.08000 14.839
86.10000 14.643
86.12000 14.368
86.14000 17.521
86.16000 13.208
86.18000 8.990
86.20000 7.226
86.22000 10.498
86.24000 12.138
86.26000 12.885
86.28000 12.468
86.30000 9.201
86.32000 12.036
86.34000 10.895
86.36000 9.075
86.38000 7.851
86.40000 8.485
86.42000 7.159
86.44000 10.103
86.46000 9.079
86.48000 4.964
86.50000 2.950
86.52000 5.390
86.54000 6.239
86.56000 4.822
86.58000 3.991
86.60000 10.456
86.62000 9.422
86.64000 6.229
86.66000 4.932
86.68000 3.448
86.70000 3.084
86.72000 2.398
86.74000 1.068
86.76000 2.094
86.78000 1.714
86.80000 2.980
86.82000 1.174
86.84000 -2.107
86.86000 2.798
86.88000 2.280
86.90000 0.548
86.92000 0.645
86.94000 1.678
86.96000 4.139
86.98000 -0.285
87.00000 2.436
87.02000 3.056
87.04000 0.276
87.06000 -0.865
87.08000 -1.640
87.10000 -0.243
87.12000 1.575
87.14000 2.015
87.16000 0.991
87.18000 1.301
87.20000 -0.345
87.22000 -0.441
87.24000 2.766
87.26000 0.657
87.28000 1.872
87.30000 2.390
87.32000 1.931
87.34000 1.351
87.36000 0.546
87.38000 -2.068
87.40000 -0.125
87.42000 -0.824
87.44000 1.798
87.46000 2.668
87.48000 1.885
87.50000 0.268
87.52000 -1.341
87.54000 0.513
87.56000 -2.056
87.58000 -0.403
87.60000 1.280
87.62000 1.417
87.64000 1.198
87.66000 2.563
87.68000 6.146
87.70000 4.147
87.72000 -1.563
87.74000 0.665
87.76000 1.246
87.78000 -0.292
87.80000 -1.101
87.82000 0.702
87.84000 -0.194
87.86000 1.615
87.88000 4.082
87.90000 2.089
87.92000 2.358
87.94000 0.934
87.96000 0.482
87.98000 -2.022
88.00000 -0.876
88.02000 1.762
88.04000 1.027
88.06000 0.584
88.08000 0.867
88.10000 0.720
88.12000 -0.701
88.14000 2.349
88.16000 1.941
88.18000 3.754
88.20000 -0.194
88.22000 1.686
88.24000 0.675
88.26000 0.769
88.28000 -0.634
88.30000 -2.000
88.32000 -0.094
88.34000 0.315
88.36000 0.313
88.38000 2.560
88.40000 1.678
88.42000 -1.105
88.44000 0.132
88.46000 4.025
88.48000 2.700
88.50000 1.937
88.52000 1.512
88.54000 2.461
88.56000 1.551
88.58000 2.655
88.60000 1.594
88.62000 2.098
88.64000 -0.591
88.66000 3.001
88.68000 2.510
88.70000 1.853
88.72000 1.709
88.74000 1.283
88.76000 2.693
88.78000 0.566
88.80000 5.213
88.82000 2.297
88.84000 1.367
88.86000 2.812
88.88000 0.463
88.90000 0.358
88.92000 1.843
88.94000 1.764
88.96000 2.140
88.98000 1.074
89.00000 -0.038
89.02000 2.226
89.04000 4.053
89.06000 4.529
89.08000 3.574
89.10000 3.548
89.12000 2.735
89.14000 3.469
89.16000 -1.162
89.18000 -1.404
89.20000 2.700
89.22000 1.901
89.24000 -1.111
89.26000 1.410
89.28000 2.943
89.30000 -1.424
89.32000 0.896
89.34000 2.334
89.36000 -0.350
89.38000 0.364
89.40000 1.670
89.42000 0.437
89.44000 3.762
89.46000 2.269
89.48000 0.790
89.50000 4.562
89.52000 5.349
89.54000 0.100
89.56000 -1.967
89.58000 4.088
89.60000 4.794
89.62000 3.481
89.64000 2.495
89.66000 4.509
89.68000 2.305
89.70000 2.800
89.72000 6.907
89.74000 4.489
89.76000 2.332
89.78000 1.594
89.80000 4.588
89.82000 5.335
89.84000 4.072
89.86000 2.356
89.88000 0.966
89.90000 1.224
89.92000 4.900
89.94000 3.035
89.96000 2.457
89.98000 3.425
90.00000 2.693
90.02000 1.232
90.04000 3.107
90.06000 3.498
90.08000 0.400
90.10000 5.268
90.12000 7.797
90.14000 0.959
90.16000 -1.922
90.18000 2.822
90.20000 5.083
90.22000 5.831
90.24000 2.482
90.26000 5.918
90.28000 4.564
90.30000 4.962
90.32000 2.892
90.34000 1.992
90.36000 3.119
90.38000 3.920
90.40000 6.722
90.42000 4.013
90.44000 2.692
90.46000 -0.352
90.48000 0.852
90.50000 2.510
90.52000 4.639
90.54000 4.639
90.56000 3.991
90.58000 3.706
90.60000 1.086
90.62000 1.435
90.64000 3.492
90.66000 5.622
90.68000 6.555
90.70000 4.692
90.72000 6.003
90.74000 1.846
90.76000 3.352
90.78000 3.047
90.80000 3.071
90.82000 1.649
90.84000 -0.574
90.86000 0.657
90.88000 0.641
90.90000 2.112
90.92000 -0.022
90.94000 2.355
90.96000 1.330
90.98000 1.778
91.00000 -1.439
91.02000 -0.597
91.04000 3.834
91.06000 3.263
91.08000 -0.303
91.10000 -0.193
91.12000 4.224
91.14000 4.143
91.16000 3.830
91.18000 2.845
91.20000 -1.486
91.22000 -0.527
91.24000 0.460
91.26000 -1.111
91.28000 -0.971
91.30000 1.561
91.32000 2.957
91.34000 4.084
91.36000 2.417
91.38000 0.693
91.40000 -0.097
91.42000 3.088
91.44000 5.166
91.46000 4.418
91.48000 5.811
91.50000 -0.269
91.52000 1.311
91.54000 1.779
91.56000 2.430
91.58000 1.408
91.60000 0.291
91.62000 -0.671
91.64000 2.343
91.66000 5.677
91.68000 4.329
91.70000 2.715
91.72000 0.942
91.74000 -1.047
91.76000 -1.011
91.78000 0.316
91.80000 -0.132
91.82000 3.130
91.84000 -1.981
91.86000 0.149
91.88000 1.136
91.90000 0.938
91.92000 -0.232
91.94000 -0.249
91.96000 -0.516
91.98000 0.916
92.00000 -1.165
92.02000 -1.867
92.04000 0.934
92.06000 1.910
92.08000 0.429
92.10000 2.220
92.12000 1.809
92.14000 3.336
92.16000 2.874
92.18000 0.586
92.20000 0.325
92.22000 3.209
92.24000 1.281
92.26000 -1.643
92.28000 2.487
92.30000 1.963
92.32000 -0.734
92.34000 1.880
92.36000 3.352
92.38000 0.570
92.40000 -1.706
92.42000 -0.391
92.44000 4.483
92.46000 6.361
92.48000 1.188
92.50000 2.455
92.52000 3.816
92.54000 4.671
92.56000 3.453
92.58000 5.671
92.60000 8.832
92.62000 3.448
92.64000 2.356
92.66000 2.292
92.68000 -0.252
92.70000 1.936
92.72000 1.225
92.74000 0.270
92.76000 -1.988
92.78000 2.318
92.80000 5.345
92.82000 6.479
92.84000 5.919
92.86000 5.639
92.88000 5.516
92.90000 3.654
92.92000 1.825
92.94000 -0.698
92.96000 1.675
92.98000 -1.238
93.00000 -0.349
93.02000 2.199
93.04000 6.975
93.06000 4.088
93.08000 3.908
93.10000 -0.202
93.12000 -0.592
93.14000 3.507
93.16000 3.500
93.18000 0.123
93.20000 -0.363
93.22000 -1.329
93.24000 2.452
93.26000 0.022
93.28000 2.290
93.30000 1.827
93.32000 -1.926
93.34000 2.285
93.36000 3.532
93.38000 -0.999
93.40000 -0.346
93.42000 -1.898
93.44000 1.392
93.46000 1.203
93.48000 6.210
93.50000 3.743
93.52000 3.539
93.54000 0.187
93.56000 0.440
93.58000 3.930
93.60000 2.115
93.62000 3.311
93.64000 5.420
93.66000 2.287
93.68000 0.782
93.70000 3.068
93.72000 3.581
93.74000 -0.799
93.76000 -2.003
93.78000 3.395
93.80000 1.956
93.82000 3.800
93.84000 7.487
93.86000 4.036
93.88000 4.606
93.90000 4.426
93.92000 3.537
93.94000 3.900
93.96000 2.332
93.98000 0.338
94.00000 3.107
94.02000 4.157
94.04000 4.736
94.06000 2.402
94.08000 6.761
94.10000 2.790
94.12000 -0.240
94.14000 0.040
94.16000 -0.841
94.18000 -0.111
94.20000 1.398
94.22000 1.725
94.24000 4.932
94.26000 1.065
94.28000 4.122
94.30000 3.139
94.32000 1.245
94.34000 2.776
94.36000 2.332
94.38000 3.861
94.40000 4.142
94.42000 5.239
94.44000 2.535
94.46000 3.778
94.48000 3.063
94.50000 2.368
94.52000 0.683
94.54000 4.033
94.56000 5.713
94.58000 2.637
94.60000 3.707
94.62000 2.126
94.64000 0.837
94.66000 4.714
94.68000 5.239
94.70000 2.474
94.72000 4.971
94.74000 4.366
94.76000 3.989
94.78000 2.154
94.80000 5.064
94.82000 7.290
94.84000 5.425
94.86000 -1.957
94.88000 2.423
94.90000 5.493
94.92000 5.038
94.94000 4.941
94.96000 4.201
94.98000 4.657
95.00000 1.922
95.02000 1.989
95.04000 6.737
95.06000 7.434
95.08000 4.289
95.10000 6.889
95.12000 2.181
95.14000 -1.336
95.16000 3.509
95.18000 7.424
95.20000 5.626
95.22000 8.045
95.24000 6.425
95.26000 4.505
95.28000 3.332
95.30000 4.631
95.32000 4.018
95.34000 3.270
95.36000 4.796
95.38000 10.404
95.40000 7.465
95.42000 2.258
95.44000 4.208
95.46000 4.785
95.48000 6.268
95.50000 6.337
95.52000 4.845
95.54000 4.091
95.56000 5.271
95.58000 4.926
95.60000 5.468
95.62000 1.628
95.64000 1.629
95.66000 2.852
95.68000 1.054
95.70000 3.167
95.72000 2.359
95.74000 3.268
95.76000 0.365
95.78000 2.866
95.80000 5.085
95.82000 -0.125
95.84000 0.541
95.86000 2.790
95.88000 2.051
95.90000 0.559
95.92000 3.608
95.94000 3.197
95.96000 2.195
95.98000 2.963
96.00000 -0.572
96.02000 4.603
96.04000 2.356
96.06000 1.216
96.08000 4.449
96.10000 5.234
96.12000 4.419
96.14000 5.756
96.16000 6.714
96.18000 3.296
96.20000 6.798
96.22000 4.454
96.24000 3.065
96.26000 1.153
96.28000 -0.976
96.30000 2.571
96.32000 3.574
96.34000 1.722
96.36000 2.142
96.38000 5.369
96.40000 4.392
96.42000 4.460
96.44000 4.392
96.46000 4.718
96.48000 1.482
96.50000 4.925
96.52000 4.249
96.54000 1.907
96.56000 2.432
96.58000 0.438
96.60000 1.650
96.62000 3.976
96.64000 0.353
96.66000 2.997
96.68000 2.988
96.70000 2.719
96.72000 3.549
96.74000 1.026
96.76000 5.594
96.78000 8.705
96.80000 1.071
96.82000 6.387
96.84000 3.587
96.86000 4.798
96.88000 0.639
96.90000 1.554
96.92000 5.246
96.94000 2.241
96.96000 -1.448
96.98000 0.523
97.00000 2.906
97.02000 1.230
97.04000 6.021
97.06000 6.256
97.08000 10.091
97.10000 6.955
97.12000 3.404
97.14000 4.170
97.16000 5.769
97.18000 8.239
97.20000 10.337
97.22000 2.836
97.24000 4.914
97.26000 7.854
97.28000 8.053
97.30000 6.897
97.32000 3.441
97.34000 10.791
97.36000 9.904
97.38000 9.194
97.40000 11.475
97.42000 6.892
97.44000 2.637
97.46000 5.628
97.48000 2.861
97.50000 5.047
97.52000 7.260
97.54000 10.356
97.56000 10.274
97.58000 3.108
97.60000 -1.420
97.62000 2.897
97.64000 7.193
97.66000 5.548
97.68000 6.455
97.70000 11.232
97.72000 8.077
97.74000 10.383
97.76000 9.399
97.78000 2.179
97.80000 -1.903
97.82000 3.785
97.84000 3.627
97.86000 4.988
97.88000 5.666
97.90000 4.796
97.92000 6.990
97.94000 9.710
97.96000 8.337
97.98000 8.374
98.00000 8.199
98.02000 3.957
98.04000 2.539
98.06000 5.538
98.08000 5.312
98.10000 3.316
98.12000 6.717
98.14000 7.657
98.16000 8.927
98.18000 8.065
98.20000 10.322
98.22000 8.324
98.24000 1.551
98.26000 2.541
98.28000 6.302
98.30000 6.054
98.32000 3.599
98.34000 3.960
98.36000 5.221
98.38000 8.053
98.40000 8.014
98.42000 3.622
98.44000 4.308
98.46000 4.885
98.48000 7.585
98.50000 4.638
98.52000 5.442
98.54000 6.841
98.56000 4.928
98.58000 5.165
98.60000 4.650
98.62000 15.066
98.64000 10.208
98.66000 9.037
98.68000 11.107
98.70000 4.089
98.72000 -1.897
98.74000 5.008
98.76000 3.798
98.78000 5.125
98.80000 12.119
98.82000 3.989
98.84000 3.231
98.86000 6.240
98.88000 9.462
98.90000 5.063
98.92000 9.433
98.94000 12.636
98.96000 12.988
98.98000 5.731
99.00000 1.533
99.02000 -1.910
99.04000 5.772
99.06000 7.061
99.08000 2.550
99.10000 5.966
99.12000 11.860
99.14000 9.682
99.16000 9.906
99.18000 5.605
99.20000 6.776
99.22000 7.964
99.24000 -0.628
99.26000 0.394
99.28000 6.415
99.30000 8.624
99.32000 11.053
99.34000 7.997
99.36000 9.767
99.38000 5.246
99.40000 5.855
99.42000 -2.149
99.44000 4.131
99.46000 7.786
99.48000 0.791
99.50000 4.073
99.52000 8.433
99.54000 6.567
99.56000 7.239
99.58000 4.866
99.60000 3.388
99.62000 9.277
99.64000 7.631
99.66000 4.057
99.68000 -2.534
99.70000 5.565
99.72000 6.164
99.74000 14.065
99.76000 16.381
99.78000 3.092
99.80000 -1.188
99.82000 10.186
99.84000 4.862
99.86000 1.057
99.88000 1.508
99.90000 1.889
99.92000 -2.088
99.94000 0.227
99.96000 3.554
99.98000 0.000
