'Id: "0011388" Comment: "Integrate frame 0011388_Au-Ir-Rh_Rh-rich_XRD-Mapping-184-0000.gfrmwith cursor Wedge Cursor #5" Operator: "B?rgel" Anode: "Cu" Wavelength: "1.5406" Scantype: "2Theta (TwoTheta)" TimePerStep: "1" X: "-18" Y: "4.5" Z: "5.95" 
10.00000 0.000
10.02000 11.004
10.04000 8.823
10.06000 18.122
10.08000 12.891
10.10000 19.887
10.12000 24.451
10.14000 17.892
10.16000 15.122
10.18000 15.953
10.20000 15.776
10.22000 11.468
10.24000 17.765
10.26000 25.121
10.28000 10.071
10.30000 20.472
10.32000 15.641
10.34000 14.358
10.36000 15.235
10.38000 11.887
10.40000 14.987
10.42000 20.692
10.44000 23.283
10.46000 29.084
10.48000 19.858
10.50000 13.519
10.52000 2.553
10.54000 3.000
10.56000 16.761
10.58000 28.238
10.60000 23.985
10.62000 11.511
10.64000 10.229
10.66000 15.647
10.68000 16.274
10.70000 11.810
10.72000 10.783
10.74000 22.928
10.76000 30.232
10.78000 18.277
10.80000 16.724
10.82000 5.583
10.84000 6.697
10.86000 7.217
10.88000 0.565
10.90000 8.762
10.92000 3.997
10.94000 7.160
10.96000 6.859
10.98000 8.013
11.00000 14.871
11.02000 11.391
11.04000 19.885
11.06000 -0.221
11.08000 13.582
11.10000 20.074
11.12000 6.962
11.14000 18.150
11.16000 9.010
11.18000 5.548
11.20000 4.576
11.22000 5.557
11.24000 14.407
11.26000 15.388
11.28000 5.239
11.30000 -0.169
11.32000 -4.364
11.34000 12.329
11.36000 13.584
11.38000 11.355
11.40000 -0.464
11.42000 5.476
11.44000 14.909
11.46000 11.456
11.48000 3.179
11.50000 -0.990
11.52000 4.818
11.54000 11.290
11.56000 11.177
11.58000 14.477
11.60000 20.541
11.62000 11.790
11.64000 24.875
11.66000 23.595
11.68000 15.223
11.70000 9.401
11.72000 6.043
11.74000 2.301
11.76000 14.464
11.78000 22.316
11.80000 21.334
11.82000 21.563
11.84000 10.580
11.86000 8.357
11.88000 3.865
11.90000 9.786
11.92000 15.028
11.94000 22.739
11.96000 28.753
11.98000 21.549
12.00000 -1.819
12.02000 7.043
12.04000 15.197
12.06000 5.042
12.08000 10.854
12.10000 24.166
12.12000 9.503
12.14000 -0.259
12.16000 -0.219
12.18000 1.289
12.20000 3.631
12.22000 7.687
12.24000 4.981
12.26000 -0.654
12.28000 7.917
12.30000 -0.585
12.32000 2.903
12.34000 5.714
12.36000 11.083
12.38000 1.563
12.40000 12.852
12.42000 13.311
12.44000 12.294
12.46000 9.190
12.48000 15.481
12.50000 9.314
12.52000 9.121
12.54000 5.336
12.56000 -2.531
12.58000 7.549
12.60000 15.286
12.62000 8.689
12.64000 10.514
12.66000 10.677
12.68000 5.320
12.70000 12.155
12.72000 14.272
12.74000 10.384
12.76000 0.762
12.78000 2.578
12.80000 11.771
12.82000 15.955
12.84000 19.223
12.86000 13.206
12.88000 6.884
12.90000 2.648
12.92000 8.570
12.94000 2.188
12.96000 1.578
12.98000 3.875
13.00000 17.559
13.02000 16.189
13.04000 12.742
13.06000 6.144
13.08000 1.858
13.10000 7.607
13.12000 17.561
13.14000 18.916
13.16000 9.872
13.18000 16.217
13.20000 8.453
13.22000 17.701
13.24000 12.635
13.26000 8.973
13.28000 3.307
13.30000 7.360
13.32000 9.939
13.34000 9.796
13.36000 9.444
13.38000 12.657
13.40000 9.687
13.42000 22.885
13.44000 17.189
13.46000 14.584
13.48000 16.990
13.50000 14.441
13.52000 17.976
13.54000 21.605
13.56000 10.068
13.58000 6.974
13.60000 19.516
13.62000 19.492
13.64000 10.808
13.66000 17.086
13.68000 12.362
13.70000 12.018
13.72000 17.187
13.74000 7.398
13.76000 8.717
13.78000 1.383
13.80000 5.884
13.82000 11.631
13.84000 10.690
13.86000 10.129
13.88000 17.007
13.90000 17.957
13.92000 16.706
13.94000 17.186
13.96000 17.181
13.98000 9.867
14.00000 16.070
14.02000 10.929
14.04000 -0.043
14.06000 2.819
14.08000 9.404
14.10000 8.542
14.12000 22.552
14.14000 19.387
14.16000 10.992
14.18000 10.108
14.20000 15.889
14.22000 16.913
14.24000 1.626
14.26000 10.045
14.28000 19.433
14.30000 8.886
14.32000 13.441
14.34000 13.835
14.36000 8.822
14.38000 16.221
14.40000 12.345
14.42000 17.190
14.44000 15.074
14.46000 18.643
14.48000 16.873
14.50000 7.239
14.52000 12.344
14.54000 10.516
14.56000 11.206
14.58000 5.028
14.60000 13.914
14.62000 15.079
14.64000 14.628
14.66000 11.380
14.68000 11.428
14.70000 7.181
14.72000 18.016
14.74000 11.799
14.76000 13.687
14.78000 19.772
14.80000 14.133
14.82000 15.242
14.84000 7.799
14.86000 7.284
14.88000 7.270
14.90000 4.850
14.92000 11.814
14.94000 17.338
14.96000 10.302
14.98000 12.962
15.00000 16.061
15.02000 13.975
15.04000 5.160
15.06000 3.312
15.08000 12.687
15.10000 6.349
15.12000 -2.687
15.14000 -4.421
15.16000 0.283
15.18000 14.068
15.20000 14.202
15.22000 14.732
15.24000 5.912
15.26000 10.186
15.28000 10.706
15.30000 11.258
15.32000 9.922
15.34000 8.777
15.36000 9.685
15.38000 4.842
15.40000 4.003
15.42000 11.198
15.44000 14.895
15.46000 17.550
15.48000 11.426
15.50000 9.892
15.52000 13.606
15.54000 10.109
15.56000 1.540
15.58000 -3.503
15.60000 0.788
15.62000 1.799
15.64000 3.209
15.66000 8.236
15.68000 3.900
15.70000 5.393
15.72000 9.261
15.74000 8.607
15.76000 5.500
15.78000 1.405
15.80000 3.737
15.82000 11.391
15.84000 7.894
15.86000 11.805
15.88000 12.255
15.90000 3.940
15.92000 -2.920
15.94000 11.175
15.96000 12.407
15.98000 5.118
16.00000 0.641
16.02000 1.513
16.04000 3.886
16.06000 0.722
16.08000 5.893
16.10000 7.781
16.12000 9.380
16.14000 4.215
16.16000 0.192
16.18000 -4.420
16.20000 -3.782
16.22000 3.113
16.24000 9.291
16.26000 13.313
16.28000 6.274
16.30000 -2.865
16.32000 4.999
16.34000 11.014
16.36000 4.108
16.38000 3.834
16.40000 1.411
16.42000 -3.474
16.44000 11.898
16.46000 5.998
16.48000 7.653
16.50000 2.731
16.52000 5.576
16.54000 4.651
16.56000 5.335
16.58000 7.212
16.60000 3.252
16.62000 1.929
16.64000 2.882
16.66000 0.706
16.68000 -4.407
16.70000 -4.238
16.72000 0.580
16.74000 6.767
16.76000 13.032
16.78000 13.373
16.80000 8.161
16.82000 6.615
16.84000 9.442
16.86000 11.549
16.88000 9.729
16.90000 7.654
16.92000 5.933
16.94000 4.842
16.96000 6.119
16.98000 7.672
17.00000 4.240
17.02000 2.830
17.04000 9.469
17.06000 14.982
17.08000 8.506
17.10000 1.075
17.12000 8.453
17.14000 14.269
17.16000 1.285
17.18000 5.020
17.20000 4.021
17.22000 6.957
17.24000 6.108
17.26000 5.276
17.28000 5.113
17.30000 6.986
17.32000 10.093
17.34000 5.153
17.36000 2.719
17.38000 2.456
17.40000 2.386
17.42000 6.837
17.44000 7.564
17.46000 8.765
17.48000 4.222
17.50000 3.008
17.52000 5.455
17.54000 0.929
17.56000 3.422
17.58000 2.660
17.60000 4.065
17.62000 4.650
17.64000 4.365
17.66000 6.269
17.68000 6.035
17.70000 -1.820
17.72000 5.902
17.74000 6.812
17.76000 2.350
17.78000 5.066
17.80000 2.302
17.82000 4.018
17.84000 -0.829
17.86000 4.282
17.88000 4.506
17.90000 4.282
17.92000 12.445
17.94000 14.834
17.96000 5.618
17.98000 3.571
18.00000 0.813
18.02000 0.762
18.04000 6.421
18.06000 -0.888
18.08000 5.098
18.10000 8.557
18.12000 3.612
18.14000 8.024
18.16000 11.823
18.18000 6.681
18.20000 2.450
18.22000 -1.143
18.24000 0.158
18.26000 -4.147
18.28000 4.930
18.30000 6.262
18.32000 7.033
18.34000 11.259
18.36000 -1.502
18.38000 1.380
18.40000 7.297
18.42000 5.640
18.44000 10.549
18.46000 9.185
18.48000 6.478
18.50000 -1.059
18.52000 2.651
18.54000 7.314
18.56000 1.868
18.58000 -2.825
18.60000 10.116
18.62000 12.408
18.64000 9.171
18.66000 14.472
18.68000 5.275
18.70000 6.128
18.72000 1.136
18.74000 -4.298
18.76000 -1.843
18.78000 6.072
18.80000 7.965
18.82000 10.478
18.84000 1.165
18.86000 8.484
18.88000 13.553
18.90000 10.486
18.92000 8.719
18.94000 6.545
18.96000 -0.235
18.98000 5.038
19.00000 2.185
19.02000 -1.612
19.04000 -2.248
19.06000 1.284
19.08000 3.080
19.10000 7.882
19.12000 3.877
19.14000 2.895
19.16000 -4.262
19.18000 -1.627
19.20000 4.789
19.22000 11.365
19.24000 11.710
19.26000 5.697
19.28000 7.149
19.30000 5.691
19.32000 10.387
19.34000 10.143
19.36000 8.906
19.38000 4.012
19.40000 0.470
19.42000 1.225
19.44000 10.471
19.46000 4.947
19.48000 1.058
19.50000 6.883
19.52000 5.995
19.54000 3.534
19.56000 4.004
19.58000 1.966
19.60000 1.675
19.62000 4.531
19.64000 7.697
19.66000 5.375
19.68000 1.126
19.70000 4.458
19.72000 -1.626
19.74000 3.413
19.76000 0.484
19.78000 -1.111
19.80000 3.861
19.82000 2.729
19.84000 3.458
19.86000 6.462
19.88000 5.025
19.90000 5.605
19.92000 1.720
19.94000 -0.091
19.96000 -1.675
19.98000 2.789
20.00000 2.156
20.02000 2.798
20.04000 2.490
20.06000 2.457
20.08000 9.594
20.10000 8.944
20.12000 5.374
20.14000 5.687
20.16000 5.077
20.18000 2.573
20.20000 5.258
20.22000 6.345
20.24000 5.581
20.26000 4.520
20.28000 5.257
20.30000 5.531
20.32000 9.850
20.34000 3.200
20.36000 2.505
20.38000 0.806
20.40000 9.990
20.42000 13.010
20.44000 3.578
20.46000 2.716
20.48000 3.695
20.50000 3.395
20.52000 2.153
20.54000 0.155
20.56000 0.513
20.58000 3.893
20.60000 -0.547
20.62000 -4.212
20.64000 0.769
20.66000 2.393
20.68000 0.328
20.70000 6.462
20.72000 7.708
20.74000 8.297
20.76000 -0.835
20.78000 5.947
20.80000 -0.266
20.82000 -1.056
20.84000 3.262
20.86000 6.391
20.88000 4.418
20.90000 2.957
20.92000 5.331
20.94000 2.031
20.96000 6.837
20.98000 1.884
21.00000 -2.451
21.02000 -2.865
21.04000 2.722
21.06000 5.063
21.08000 -4.186
21.10000 8.526
21.12000 5.777
21.14000 2.551
21.16000 7.901
21.18000 5.691
21.20000 -3.104
21.22000 -4.182
21.24000 -2.859
21.26000 -3.171
21.28000 -2.053
21.30000 5.326
21.32000 2.279
21.34000 -0.268
21.36000 -0.436
21.38000 -1.337
21.40000 10.150
21.42000 12.342
21.44000 11.049
21.46000 6.390
21.48000 0.980
21.50000 4.846
21.52000 7.351
21.54000 -0.005
21.56000 0.323
21.58000 -0.527
21.60000 -0.795
21.62000 2.793
21.64000 7.359
21.66000 0.430
21.68000 -2.082
21.70000 -1.265
21.72000 -2.133
21.74000 1.791
21.76000 1.591
21.78000 5.400
21.80000 3.416
21.82000 4.968
21.84000 0.871
21.86000 4.002
21.88000 -1.879
21.90000 1.633
21.92000 0.267
21.94000 0.844
21.96000 -2.296
21.98000 -1.196
22.00000 3.334
22.02000 5.551
22.04000 -1.571
22.06000 -0.742
22.08000 1.069
22.10000 5.699
22.12000 9.665
22.14000 8.940
22.16000 10.276
22.18000 11.594
22.20000 6.835
22.22000 4.686
22.24000 1.981
22.26000 3.780
22.28000 0.778
22.30000 4.002
22.32000 0.029
22.34000 -3.630
22.36000 1.581
22.38000 7.447
22.40000 9.381
22.42000 5.661
22.44000 3.342
22.46000 7.974
22.48000 4.928
22.50000 -0.712
22.52000 -1.898
22.54000 -3.227
22.56000 3.016
22.58000 7.533
22.60000 7.811
22.62000 3.034
22.64000 -3.497
22.66000 -4.091
22.68000 -0.640
22.70000 3.073
22.72000 2.424
22.74000 -1.277
22.76000 0.056
22.78000 9.134
22.80000 11.922
22.82000 14.249
22.84000 14.129
22.86000 8.273
22.88000 0.866
22.90000 2.101
22.92000 2.660
22.94000 5.316
22.96000 -2.310
22.98000 -1.517
23.00000 -1.372
23.02000 -1.114
23.04000 6.485
23.06000 0.415
23.08000 2.430
23.10000 4.343
23.12000 9.981
23.14000 5.613
23.16000 5.997
23.18000 5.982
23.20000 4.809
23.22000 3.884
23.24000 2.986
23.26000 4.776
23.28000 -0.994
23.30000 -4.053
23.32000 2.006
23.34000 3.956
23.36000 4.580
23.38000 7.589
23.40000 10.030
23.42000 0.873
23.44000 0.613
23.46000 8.906
23.48000 12.338
23.50000 8.623
23.52000 8.460
23.54000 0.896
23.56000 1.934
23.58000 5.308
23.60000 3.395
23.62000 -1.971
23.64000 3.305
23.66000 1.115
23.68000 -0.347
23.70000 -0.942
23.72000 -2.800
23.74000 2.985
23.76000 1.794
23.78000 5.252
23.80000 3.258
23.82000 4.394
23.84000 2.843
23.86000 2.665
23.88000 4.870
23.90000 2.537
23.92000 -0.350
23.94000 4.276
23.96000 4.815
23.98000 8.177
24.00000 10.250
24.02000 3.119
24.04000 3.017
24.06000 1.306
24.08000 0.685
24.10000 -1.087
24.12000 2.562
24.14000 3.371
24.16000 -0.769
24.18000 3.019
24.20000 3.771
24.22000 7.572
24.24000 4.106
24.26000 -3.492
24.28000 0.184
24.30000 -3.999
24.32000 -2.666
24.34000 2.582
24.36000 -0.449
24.38000 0.622
24.40000 2.896
24.42000 5.819
24.44000 7.735
24.46000 6.895
24.48000 1.087
24.50000 -1.094
24.52000 -0.823
24.54000 1.895
24.56000 3.689
24.58000 4.172
24.60000 3.979
24.62000 3.145
24.64000 1.784
24.66000 4.642
24.68000 4.135
24.70000 1.943
24.72000 -3.984
24.74000 2.425
24.76000 6.777
24.78000 -0.493
24.80000 -1.227
24.82000 6.094
24.84000 4.986
24.86000 3.001
24.88000 4.259
24.90000 3.005
24.92000 -2.828
24.94000 3.274
24.96000 5.448
24.98000 7.636
25.00000 5.329
25.02000 0.009
25.04000 1.463
25.06000 1.057
25.08000 1.143
25.10000 5.120
25.12000 0.460
25.14000 -0.138
25.16000 6.423
25.18000 3.667
25.20000 0.089
25.22000 -3.404
25.24000 0.758
25.26000 5.049
25.28000 2.396
25.30000 -1.209
25.32000 2.357
25.34000 1.141
25.36000 2.576
25.38000 -0.041
25.40000 -0.424
25.42000 -0.800
25.44000 1.105
25.46000 3.819
25.48000 2.473
25.50000 3.517
25.52000 3.178
25.54000 3.022
25.56000 2.638
25.58000 4.489
25.60000 6.244
25.62000 4.612
25.64000 3.045
25.66000 -2.887
25.68000 0.121
25.70000 0.033
25.72000 2.225
25.74000 4.087
25.76000 1.312
25.78000 1.277
25.80000 0.484
25.82000 -3.916
25.84000 -3.147
25.86000 -2.081
25.88000 1.372
25.90000 0.783
25.92000 12.640
25.94000 14.407
25.96000 7.231
25.98000 4.922
26.00000 4.456
26.02000 4.082
26.04000 4.619
26.06000 2.860
26.08000 0.892
26.10000 4.191
26.12000 2.376
26.14000 1.269
26.16000 2.386
26.18000 6.707
26.20000 5.026
26.22000 0.095
26.24000 3.663
26.26000 0.352
26.28000 0.198
26.30000 2.540
26.32000 1.303
26.34000 1.837
26.36000 -1.955
26.38000 -0.122
26.40000 2.139
26.42000 4.815
26.44000 7.765
26.46000 7.150
26.48000 8.064
26.50000 6.893
26.52000 4.586
26.54000 4.906
26.56000 -0.768
26.58000 -2.649
26.60000 1.940
26.62000 1.647
26.64000 -1.248
26.66000 -1.559
26.68000 1.618
26.70000 4.650
26.72000 0.608
26.74000 -3.880
26.76000 1.105
26.78000 3.188
26.80000 -0.461
26.82000 1.294
26.84000 1.894
26.86000 1.515
26.88000 3.340
26.90000 3.552
26.92000 -2.377
26.94000 -2.362
26.96000 1.078
26.98000 0.848
27.00000 -0.209
27.02000 7.883
27.04000 5.813
27.06000 3.047
27.08000 -0.138
27.10000 3.736
27.12000 -1.408
27.14000 -2.014
27.16000 2.828
27.18000 3.158
27.20000 1.800
27.22000 6.254
27.24000 5.549
27.26000 4.611
27.28000 3.430
27.30000 0.476
27.32000 -2.321
27.34000 4.424
27.36000 10.276
27.38000 5.173
27.40000 6.132
27.42000 4.347
27.44000 1.883
27.46000 7.460
27.48000 9.052
27.50000 6.873
27.52000 8.627
27.54000 8.104
27.56000 -0.590
27.58000 0.710
27.60000 4.970
27.62000 0.514
27.64000 -0.173
27.66000 0.283
27.68000 -2.347
27.70000 -3.807
27.72000 -2.283
27.74000 5.301
27.76000 5.527
27.78000 5.876
27.80000 5.862
27.82000 3.735
27.84000 3.457
27.86000 5.570
27.88000 10.225
27.90000 8.799
27.92000 8.044
27.94000 5.852
27.96000 6.622
27.98000 2.626
28.00000 6.257
28.02000 4.847
28.04000 3.899
28.06000 -2.080
28.08000 -3.329
28.10000 -0.397
28.12000 3.682
28.14000 7.407
28.16000 5.062
28.18000 0.777
28.20000 3.917
28.22000 4.075
28.24000 3.320
28.26000 1.823
28.28000 1.212
28.30000 1.876
28.32000 -1.735
28.34000 3.743
28.36000 5.423
28.38000 3.538
28.40000 4.251
28.42000 4.393
28.44000 6.508
28.46000 3.028
28.48000 2.057
28.50000 6.833
28.52000 1.537
28.54000 -2.684
28.56000 -0.262
28.58000 0.441
28.60000 -3.751
28.62000 -0.224
28.64000 2.850
28.66000 1.367
28.68000 2.969
28.70000 6.485
28.72000 6.710
28.74000 4.378
28.76000 1.587
28.78000 0.641
28.80000 -0.955
28.82000 5.026
28.84000 4.637
28.86000 2.879
28.88000 0.703
28.90000 3.519
28.92000 7.014
28.94000 6.417
28.96000 4.377
28.98000 4.360
29.00000 6.528
29.02000 1.262
29.04000 1.691
29.06000 1.425
29.08000 3.222
29.10000 5.618
29.12000 0.697
29.14000 0.944
29.16000 3.754
29.18000 4.199
29.20000 0.732
29.22000 3.993
29.24000 4.908
29.26000 3.212
29.28000 2.306
29.30000 4.590
29.32000 4.811
29.34000 6.002
29.36000 9.578
29.38000 5.231
29.40000 5.994
29.42000 9.427
29.44000 1.909
29.46000 2.563
29.48000 1.029
29.50000 1.937
29.52000 5.537
29.54000 -0.336
29.56000 3.248
29.58000 7.140
29.60000 5.893
29.62000 4.018
29.64000 4.263
29.66000 8.735
29.68000 5.801
29.70000 3.360
29.72000 5.388
29.74000 0.967
29.76000 2.727
29.78000 1.762
29.80000 5.285
29.82000 1.963
29.84000 3.099
29.86000 -3.680
29.88000 -0.721
29.90000 6.585
29.92000 7.674
29.94000 7.433
29.96000 5.986
29.98000 4.064
30.00000 1.749
30.02000 4.415
30.04000 -0.204
30.06000 2.662
30.08000 2.666
30.10000 2.277
30.12000 6.519
30.14000 6.582
30.16000 8.477
30.18000 7.016
30.20000 6.953
30.22000 10.546
30.24000 6.933
30.26000 5.917
30.28000 2.638
30.30000 -2.079
30.32000 -3.661
30.34000 4.687
30.36000 7.329
30.38000 9.785
30.40000 8.813
30.42000 6.742
30.44000 4.754
30.46000 0.180
30.48000 1.777
30.50000 3.702
30.52000 10.178
30.54000 9.155
30.56000 10.499
30.58000 10.322
30.60000 6.588
30.62000 7.999
30.64000 5.233
30.66000 -3.642
30.68000 -1.463
30.70000 7.243
30.72000 10.240
30.74000 5.532
30.76000 0.203
30.78000 3.325
30.80000 2.428
30.82000 2.510
30.84000 8.190
30.86000 6.511
30.88000 -0.211
30.90000 1.309
30.92000 9.379
30.94000 3.570
30.96000 0.665
30.98000 -1.279
31.00000 4.506
31.02000 11.617
31.04000 8.109
31.06000 4.381
31.08000 -1.011
31.10000 2.649
31.12000 4.420
31.14000 3.343
31.16000 -0.665
31.18000 -1.335
31.20000 -1.014
31.22000 -0.056
31.24000 1.429
31.26000 -3.552
31.28000 -0.835
31.30000 0.513
31.32000 -1.818
31.34000 -0.127
31.36000 -3.636
31.38000 -1.946
31.40000 4.205
31.42000 8.605
31.44000 11.002
31.46000 5.094
31.48000 -0.673
31.50000 -0.861
31.52000 2.622
31.54000 4.159
31.56000 6.393
31.58000 3.124
31.60000 1.156
31.62000 2.369
31.64000 5.201
31.66000 9.682
31.68000 9.218
31.70000 2.673
31.72000 -2.135
31.74000 1.878
31.76000 9.384
31.78000 6.336
31.80000 4.459
31.82000 -0.585
31.84000 2.671
31.86000 3.254
31.88000 -0.574
31.90000 -1.850
31.92000 1.295
31.94000 2.907
31.96000 1.782
31.98000 3.217
32.00000 4.759
32.02000 1.377
32.04000 1.163
32.06000 -0.950
32.08000 -0.151
32.10000 0.388
32.12000 3.929
32.14000 1.451
32.16000 4.102
32.18000 0.691
32.20000 -3.604
32.22000 2.334
32.24000 6.565
32.26000 2.736
32.28000 0.227
32.30000 4.285
32.32000 5.957
32.34000 8.064
32.36000 2.236
32.38000 -0.439
32.40000 5.337
32.42000 7.158
32.44000 2.371
32.46000 1.824
32.48000 4.333
32.50000 0.262
32.52000 3.521
32.54000 1.972
32.56000 -0.662
32.58000 -1.098
32.60000 -1.394
32.62000 3.272
32.64000 8.497
32.66000 4.550
32.68000 0.165
32.70000 4.614
32.72000 2.825
32.74000 5.614
32.76000 6.342
32.78000 3.527
32.80000 3.280
32.82000 3.816
32.84000 2.381
32.86000 1.016
32.88000 0.531
32.90000 -0.492
32.92000 2.094
32.94000 3.616
32.96000 1.047
32.98000 -0.472
33.00000 1.954
33.02000 3.888
33.04000 5.448
33.06000 1.338
33.08000 0.541
33.10000 2.878
33.12000 4.062
33.14000 2.494
33.16000 2.797
33.18000 0.543
33.20000 5.893
33.22000 6.286
33.24000 2.711
33.26000 5.461
33.28000 3.440
33.30000 7.232
33.32000 3.120
33.34000 1.985
33.36000 5.607
33.38000 1.120
33.40000 -3.565
33.42000 -0.106
33.44000 1.871
33.46000 -2.132
33.48000 -0.458
33.50000 2.338
33.52000 2.934
33.54000 -0.314
33.56000 -3.040
33.58000 0.007
33.60000 3.517
33.62000 2.202
33.64000 0.629
33.66000 4.019
33.68000 4.075
33.70000 6.457
33.72000 4.552
33.74000 3.339
33.76000 4.717
33.78000 6.409
33.80000 5.161
33.82000 5.364
33.84000 3.624
33.86000 7.757
33.88000 9.753
33.90000 8.412
33.92000 9.678
33.94000 6.615
33.96000 0.082
33.98000 2.149
34.00000 4.038
34.02000 3.675
34.04000 4.006
34.06000 3.318
34.08000 6.563
34.10000 9.051
34.12000 7.742
34.14000 6.471
34.16000 7.306
34.18000 8.182
34.20000 8.570
34.22000 5.928
34.24000 7.197
34.26000 6.158
34.28000 4.196
34.30000 5.188
34.32000 0.665
34.34000 -0.704
34.36000 -3.535
34.38000 2.054
34.40000 1.739
34.42000 3.461
34.44000 5.254
34.46000 7.880
34.48000 5.985
34.50000 4.024
34.52000 1.304
34.54000 2.820
34.56000 5.281
34.58000 4.539
34.60000 6.877
34.62000 2.581
34.64000 -0.679
34.66000 -2.644
34.68000 0.726
34.70000 6.429
34.72000 3.210
34.74000 0.665
34.76000 -1.323
34.78000 -2.049
34.80000 1.075
34.82000 4.939
34.84000 2.670
34.86000 3.547
34.88000 -0.586
34.90000 -1.448
34.92000 -1.486
34.94000 -3.535
34.96000 -1.532
34.98000 3.301
35.00000 -1.162
35.02000 -2.238
35.04000 -1.538
35.06000 1.557
35.08000 3.301
35.10000 3.449
35.12000 3.276
35.14000 1.612
35.16000 1.495
35.18000 0.592
35.20000 1.195
35.22000 -0.783
35.24000 1.760
35.26000 3.891
35.28000 -1.644
35.30000 -3.538
35.32000 -0.626
35.34000 0.680
35.36000 4.591
35.38000 3.672
35.40000 3.309
35.42000 4.813
35.44000 7.998
35.46000 3.458
35.48000 -0.399
35.50000 0.259
35.52000 -3.377
35.54000 -1.435
35.56000 -3.538
35.58000 1.587
35.60000 0.452
35.62000 2.321
35.64000 0.137
35.66000 -0.667
35.68000 -2.559
35.70000 -2.093
35.72000 3.721
35.74000 5.217
35.76000 3.523
35.78000 -1.915
35.80000 -2.969
35.82000 2.616
35.84000 1.632
35.86000 -0.314
35.88000 1.020
35.90000 -1.258
35.92000 -1.070
35.94000 3.861
35.96000 3.078
35.98000 3.026
36.00000 0.741
36.02000 0.662
36.04000 0.090
36.06000 -1.366
36.08000 0.533
36.10000 3.609
36.12000 2.529
36.14000 -1.109
36.16000 0.615
36.18000 4.440
36.20000 6.718
36.22000 5.031
36.24000 4.115
36.26000 1.083
36.28000 -3.550
36.30000 -2.271
36.32000 -1.346
36.34000 -1.146
36.36000 -3.039
36.38000 1.095
36.40000 5.249
36.42000 1.252
36.44000 1.261
36.46000 2.440
36.48000 2.721
36.50000 -0.766
36.52000 -0.372
36.54000 4.948
36.56000 4.338
36.58000 3.306
36.60000 0.592
36.62000 2.389
36.64000 2.836
36.66000 3.701
36.68000 1.570
36.70000 3.723
36.72000 1.185
36.74000 -0.958
36.76000 3.584
36.78000 5.218
36.80000 7.718
36.82000 7.064
36.84000 7.304
36.86000 6.605
36.88000 2.168
36.90000 7.071
36.92000 11.054
36.94000 6.013
36.96000 5.465
36.98000 2.942
37.00000 -3.549
37.02000 1.963
37.04000 7.090
37.06000 -0.390
37.08000 3.436
37.10000 6.779
37.12000 6.445
37.14000 1.386
37.16000 -0.118
37.18000 2.707
37.20000 2.947
37.22000 5.976
37.24000 6.812
37.26000 0.547
37.28000 0.637
37.30000 2.420
37.32000 5.238
37.34000 9.393
37.36000 3.010
37.38000 1.606
37.40000 4.095
37.42000 6.262
37.44000 3.850
37.46000 3.266
37.48000 4.999
37.50000 4.151
37.52000 2.800
37.54000 1.648
37.56000 6.563
37.58000 5.670
37.60000 5.156
37.62000 7.239
37.64000 2.260
37.66000 4.264
37.68000 8.983
37.70000 4.961
37.72000 3.678
37.74000 10.963
37.76000 14.164
37.78000 12.769
37.80000 7.989
37.82000 1.686
37.84000 1.794
37.86000 6.826
37.88000 5.169
37.90000 8.579
37.92000 4.121
37.94000 7.518
37.96000 10.642
37.98000 8.962
38.00000 11.271
38.02000 10.823
38.04000 13.435
38.06000 16.885
38.08000 11.214
38.10000 6.524
38.12000 8.405
38.14000 11.559
38.16000 13.528
38.18000 12.291
38.20000 11.824
38.22000 12.147
38.24000 14.739
38.26000 15.535
38.28000 10.269
38.30000 9.856
38.32000 12.464
38.34000 16.755
38.36000 14.728
38.38000 16.573
38.40000 16.829
38.42000 16.633
38.44000 14.999
38.46000 16.731
38.48000 17.827
38.50000 24.377
38.52000 26.325
38.54000 27.395
38.56000 22.189
38.58000 21.912
38.60000 22.534
38.62000 24.234
38.64000 27.611
38.66000 28.259
38.68000 26.311
38.70000 26.711
38.72000 29.037
38.74000 30.621
38.76000 28.707
38.78000 32.120
38.80000 31.809
38.82000 29.239
38.84000 34.225
38.86000 36.069
38.88000 37.646
38.90000 37.569
38.92000 44.150
38.94000 46.050
38.96000 45.158
38.98000 48.810
39.00000 51.940
39.02000 48.798
39.04000 52.533
39.06000 58.210
39.08000 54.173
39.10000 54.967
39.12000 61.791
39.14000 63.979
39.16000 67.689
39.18000 71.599
39.20000 78.238
39.22000 78.654
39.24000 76.828
39.26000 77.551
39.28000 82.533
39.30000 84.417
39.32000 94.154
39.34000 92.043
39.36000 94.260
39.38000 101.676
39.40000 102.443
39.42000 107.304
39.44000 118.096
39.46000 122.737
39.48000 128.722
39.50000 139.597
39.52000 152.263
39.54000 155.653
39.56000 157.030
39.58000 172.197
39.60000 176.674
39.62000 182.301
39.64000 182.795
39.66000 194.923
39.68000 208.235
39.70000 220.867
39.72000 230.238
39.74000 235.705
39.76000 243.500
39.78000 257.798
39.80000 263.332
39.82000 283.440
39.84000 296.537
39.86000 312.722
39.88000 320.519
39.90000 336.381
39.92000 358.070
39.94000 365.056
39.96000 374.888
39.98000 401.686
40.00000 414.433
40.02000 418.432
40.04000 430.425
40.06000 449.636
40.08000 469.493
40.10000 485.248
40.12000 498.709
40.14000 515.461
40.16000 517.685
40.18000 519.979
40.20000 531.112
40.22000 542.539
40.24000 552.949
40.26000 559.512
40.28000 566.201
40.30000 565.488
40.32000 561.215
40.34000 555.464
40.36000 558.986
40.38000 566.788
40.40000 561.906
40.42000 559.392
40.44000 547.021
40.46000 534.420
40.48000 525.165
40.50000 515.308
40.52000 508.856
40.54000 506.055
40.56000 494.571
40.58000 467.960
40.60000 461.075
40.62000 444.956
40.64000 425.594
40.66000 421.656
40.68000 407.183
40.70000 392.720
40.72000 365.027
40.74000 349.601
40.76000 329.072
40.78000 317.311
40.80000 310.982
40.82000 300.546
40.84000 281.238
40.86000 274.717
40.88000 253.908
40.90000 240.576
40.92000 231.827
40.94000 217.220
40.96000 207.084
40.98000 204.630
41.00000 191.949
41.02000 176.859
41.04000 170.606
41.06000 161.473
41.08000 146.275
41.10000 139.079
41.12000 135.747
41.14000 129.344
41.16000 128.220
41.18000 121.270
41.20000 118.032
41.22000 107.018
41.24000 95.858
41.26000 93.355
41.28000 89.749
41.30000 86.002
41.32000 79.658
41.34000 72.168
41.36000 74.596
41.38000 67.381
41.40000 64.379
41.42000 66.288
41.44000 59.762
41.46000 53.726
41.48000 54.294
41.50000 49.067
41.52000 47.065
41.54000 42.722
41.56000 41.082
41.58000 36.383
41.60000 36.360
41.62000 34.384
41.64000 35.169
41.66000 36.798
41.68000 35.808
41.70000 31.684
41.72000 24.936
41.74000 25.950
41.76000 27.784
41.78000 24.251
41.80000 24.351
41.82000 20.464
41.84000 18.099
41.86000 21.129
41.88000 19.971
41.90000 15.943
41.92000 15.037
41.94000 15.697
41.96000 16.875
41.98000 15.976
42.00000 14.738
42.02000 15.130
42.04000 15.313
42.06000 14.947
42.08000 12.023
42.10000 7.904
42.12000 8.289
42.14000 8.423
42.16000 9.792
42.18000 9.747
42.20000 9.931
42.22000 11.336
42.24000 8.843
42.26000 5.643
42.28000 4.616
42.30000 6.760
42.32000 9.132
42.34000 9.175
42.36000 6.584
42.38000 6.182
42.40000 6.872
42.42000 10.524
42.44000 9.049
42.46000 10.358
42.48000 8.023
42.50000 9.338
42.52000 6.203
42.54000 4.159
42.56000 2.879
42.58000 4.531
42.60000 0.979
42.62000 -1.746
42.64000 2.489
42.66000 0.059
42.68000 2.474
42.70000 3.299
42.72000 4.010
42.74000 4.494
42.76000 6.427
42.78000 4.867
42.80000 6.871
42.82000 8.409
42.84000 2.087
42.86000 -3.531
42.88000 -1.696
42.90000 3.488
42.92000 1.928
42.94000 5.902
42.96000 8.635
42.98000 4.453
43.00000 0.904
43.02000 -0.358
43.04000 0.703
43.06000 4.735
43.08000 2.018
43.10000 1.339
43.12000 9.369
43.14000 3.804
43.16000 -0.219
43.18000 -2.127
43.20000 3.712
43.22000 3.618
43.24000 2.559
43.26000 1.321
43.28000 -0.517
43.30000 0.521
43.32000 3.833
43.34000 5.015
43.36000 -3.169
43.38000 -3.484
43.40000 1.602
43.42000 3.225
43.44000 3.126
43.46000 1.094
43.48000 4.961
43.50000 2.819
43.52000 1.015
43.54000 2.139
43.56000 2.436
43.58000 3.213
43.60000 3.654
43.62000 2.796
43.64000 1.345
43.66000 3.823
43.68000 6.339
43.70000 1.713
43.72000 -3.470
43.74000 -0.512
43.76000 2.109
43.78000 3.990
43.80000 -0.883
43.82000 0.894
43.84000 1.559
43.86000 0.364
43.88000 5.358
43.90000 3.036
43.92000 3.839
43.94000 0.405
43.96000 -3.187
43.98000 1.110
44.00000 1.955
44.02000 -0.865
44.04000 -0.642
44.06000 0.258
44.08000 -3.218
44.10000 -2.821
44.12000 -0.409
44.14000 3.901
44.16000 1.734
44.18000 1.745
44.20000 1.153
44.22000 6.536
44.24000 8.202
44.26000 5.636
44.28000 5.717
44.30000 -2.362
44.32000 -2.510
44.34000 -2.149
44.36000 -3.453
44.38000 4.420
44.40000 2.890
44.42000 3.238
44.44000 1.025
44.46000 -1.421
44.48000 1.970
44.50000 3.091
44.52000 6.405
44.54000 4.383
44.56000 2.959
44.58000 4.432
44.60000 2.979
44.62000 3.715
44.64000 5.852
44.66000 4.224
44.68000 1.923
44.70000 3.986
44.72000 3.022
44.74000 3.211
44.76000 5.840
44.78000 5.150
44.80000 -0.455
44.82000 -0.225
44.84000 1.606
44.86000 1.299
44.88000 3.616
44.90000 6.444
44.92000 3.528
44.94000 4.063
44.96000 6.266
44.98000 6.907
45.00000 2.045
45.02000 6.188
45.04000 4.957
45.06000 7.346
45.08000 3.531
45.10000 5.103
45.12000 7.567
45.14000 6.201
45.16000 9.115
45.18000 6.701
45.20000 9.929
45.22000 6.701
45.24000 11.353
45.26000 10.643
45.28000 12.922
45.30000 8.639
45.32000 9.933
45.34000 10.428
45.36000 9.443
45.38000 8.484
45.40000 12.314
45.42000 12.263
45.44000 9.555
45.46000 6.754
45.48000 9.929
45.50000 15.739
45.52000 17.838
45.54000 20.911
45.56000 21.407
45.58000 21.531
45.60000 15.938
45.62000 15.215
45.64000 21.042
45.66000 20.292
45.68000 19.747
45.70000 18.936
45.72000 24.884
45.74000 25.867
45.76000 31.237
45.78000 27.863
45.80000 24.598
45.82000 29.369
45.84000 34.942
45.86000 36.000
45.88000 33.560
45.90000 31.291
45.92000 31.229
45.94000 32.388
45.96000 42.183
45.98000 43.096
46.00000 42.821
46.02000 38.653
46.04000 40.336
46.06000 36.877
46.08000 38.267
46.10000 40.918
46.12000 44.401
46.14000 38.894
46.16000 45.179
46.18000 49.835
46.20000 51.737
46.22000 55.107
46.24000 61.033
46.26000 58.606
46.28000 60.212
46.30000 60.831
46.32000 56.929
46.34000 59.481
46.36000 63.489
46.38000 66.465
46.40000 64.003
46.42000 60.089
46.44000 58.218
46.46000 65.090
46.48000 64.292
46.50000 70.423
46.52000 73.694
46.54000 71.611
46.56000 74.329
46.58000 73.033
46.60000 70.793
46.62000 71.412
46.64000 82.964
46.66000 80.621
46.68000 79.058
46.70000 85.078
46.72000 88.129
46.74000 80.957
46.76000 75.899
46.78000 75.997
46.80000 75.298
46.82000 74.699
46.84000 83.536
46.86000 81.854
46.88000 87.863
46.90000 87.053
46.92000 87.971
46.94000 84.425
46.96000 78.812
46.98000 82.980
47.00000 85.399
47.02000 85.828
47.04000 81.462
47.06000 88.643
47.08000 88.572
47.10000 81.297
47.12000 75.147
47.14000 73.775
47.16000 71.002
47.18000 68.039
47.20000 73.874
47.22000 72.130
47.24000 71.936
47.26000 71.848
47.28000 75.615
47.30000 67.931
47.32000 63.944
47.34000 72.537
47.36000 69.783
47.38000 60.335
47.40000 63.867
47.42000 66.836
47.44000 61.214
47.46000 51.930
47.48000 54.484
47.50000 59.799
47.52000 60.046
47.54000 51.123
47.56000 50.292
47.58000 44.645
47.60000 39.507
47.62000 43.769
47.64000 38.668
47.66000 32.407
47.68000 31.841
47.70000 33.907
47.72000 33.406
47.74000 33.263
47.76000 31.884
47.78000 37.277
47.80000 30.582
47.82000 25.958
47.84000 27.272
47.86000 29.858
47.88000 28.518
47.90000 25.039
47.92000 19.796
47.94000 24.159
47.96000 23.674
47.98000 20.567
48.00000 18.498
48.02000 13.959
48.04000 11.345
48.06000 15.724
48.08000 12.833
48.10000 13.245
48.12000 15.066
48.14000 11.618
48.16000 9.421
48.18000 6.481
48.20000 8.615
48.22000 8.073
48.24000 9.931
48.26000 11.847
48.28000 16.487
48.30000 15.741
48.32000 6.985
48.34000 7.179
48.36000 2.205
48.38000 4.104
48.40000 7.875
48.42000 8.498
48.44000 7.309
48.46000 4.457
48.48000 6.344
48.50000 3.292
48.52000 9.649
48.54000 11.793
48.56000 5.435
48.58000 4.561
48.60000 7.684
48.62000 5.309
48.64000 -0.369
48.66000 0.232
48.68000 0.147
48.70000 1.591
48.72000 -1.901
48.74000 -2.142
48.76000 0.090
48.78000 0.894
48.80000 7.698
48.82000 7.334
48.84000 -1.362
48.86000 -0.831
48.88000 -2.495
48.90000 -2.805
48.92000 1.315
48.94000 -3.144
48.96000 -1.190
48.98000 3.243
49.00000 1.876
49.02000 -1.348
49.04000 1.769
49.06000 2.087
49.08000 3.457
49.10000 3.986
49.12000 2.966
49.14000 2.267
49.16000 2.286
49.18000 1.898
49.20000 -3.092
49.22000 4.303
49.24000 6.082
49.26000 4.433
49.28000 3.122
49.30000 2.787
49.32000 -1.730
49.34000 -2.817
49.36000 -3.070
49.38000 0.349
49.40000 4.831
49.42000 6.307
49.44000 3.635
49.46000 0.336
49.48000 1.056
49.50000 6.663
49.52000 3.752
49.54000 2.085
49.56000 1.343
49.58000 6.483
49.60000 2.921
49.62000 -0.064
49.64000 4.107
49.66000 5.160
49.68000 5.863
49.70000 5.289
49.72000 6.661
49.74000 1.599
49.76000 3.837
49.78000 4.676
49.80000 1.163
49.82000 -0.862
49.84000 -0.144
49.86000 3.594
49.88000 5.741
49.90000 2.355
49.92000 3.328
49.94000 2.134
49.96000 1.072
49.98000 3.389
50.00000 5.466
50.02000 0.047
50.04000 -0.137
50.06000 7.495
50.08000 -0.341
50.10000 -1.631
50.12000 -2.983
50.14000 -2.418
50.16000 -0.403
50.18000 2.574
50.20000 5.188
50.22000 6.231
50.24000 1.981
50.26000 0.966
50.28000 2.772
50.30000 -2.966
50.32000 1.235
50.34000 5.513
50.36000 -0.744
50.38000 3.414
50.40000 5.772
50.42000 5.347
50.44000 1.305
50.46000 4.004
50.48000 6.646
50.50000 4.549
50.52000 5.559
50.54000 2.699
50.56000 4.674
50.58000 0.854
50.60000 4.888
50.62000 10.180
50.64000 4.249
50.66000 -0.740
50.68000 3.027
50.70000 4.500
50.72000 3.542
50.74000 4.738
50.76000 -0.275
50.78000 0.819
50.80000 8.938
50.82000 2.008
50.84000 3.408
50.86000 3.970
50.88000 2.202
50.90000 2.555
50.92000 3.310
50.94000 6.821
50.96000 6.123
50.98000 4.958
51.00000 9.383
51.02000 3.810
51.04000 -0.547
51.06000 0.735
51.08000 6.595
51.10000 6.005
51.12000 6.592
51.14000 -2.913
51.16000 0.399
51.18000 4.634
51.20000 2.354
51.22000 2.741
51.24000 5.139
51.26000 6.114
51.28000 7.708
51.30000 5.301
51.32000 10.380
51.34000 6.599
51.36000 6.849
51.38000 2.368
51.40000 2.976
51.42000 -0.664
51.44000 0.903
51.46000 3.676
51.48000 6.534
51.50000 4.622
51.52000 3.474
51.54000 0.732
51.56000 4.439
51.58000 4.095
51.60000 7.809
51.62000 7.258
51.64000 9.863
51.66000 2.637
51.68000 0.188
51.70000 -0.789
51.72000 3.456
51.74000 3.148
51.76000 1.384
51.78000 -1.826
51.80000 -0.588
51.82000 3.074
51.84000 2.212
51.86000 1.838
51.88000 4.623
51.90000 0.714
51.92000 1.906
51.94000 4.478
51.96000 3.041
51.98000 -2.895
52.00000 -0.025
52.02000 2.325
52.04000 1.032
52.06000 0.549
52.08000 0.376
52.10000 2.390
52.12000 2.821
52.14000 1.418
52.16000 3.005
52.18000 -1.847
52.20000 1.072
52.22000 6.998
52.24000 6.021
52.26000 1.666
52.28000 4.069
52.30000 4.392
52.32000 6.314
52.34000 2.528
52.36000 1.624
52.38000 1.831
52.40000 -1.038
52.42000 1.070
52.44000 -0.260
52.46000 0.042
52.48000 0.083
52.50000 4.008
52.52000 4.857
52.54000 5.552
52.56000 -0.198
52.58000 -0.734
52.60000 0.946
52.62000 1.825
52.64000 3.191
52.66000 -0.750
52.68000 -2.886
52.70000 1.781
52.72000 1.556
52.74000 -1.811
52.76000 4.036
52.78000 7.326
52.80000 5.018
52.82000 5.623
52.84000 3.175
52.86000 3.118
52.88000 3.047
52.90000 2.162
52.92000 2.999
52.94000 3.476
52.96000 5.934
52.98000 0.506
53.00000 -1.100
53.02000 0.822
53.04000 7.416
53.06000 5.570
53.08000 2.793
53.10000 -1.160
53.12000 2.773
53.14000 6.034
53.16000 5.345
53.18000 4.244
53.20000 5.395
53.22000 5.979
53.24000 7.537
53.26000 10.281
53.28000 1.664
53.30000 2.182
53.32000 6.006
53.34000 5.951
53.36000 6.919
53.38000 6.735
53.40000 3.007
53.42000 2.572
53.44000 4.333
53.46000 3.916
53.48000 -0.816
53.50000 2.577
53.52000 4.246
53.54000 4.227
53.56000 6.411
53.58000 5.533
53.60000 2.425
53.62000 5.903
53.64000 6.856
53.66000 2.713
53.68000 3.247
53.70000 5.064
53.72000 2.636
53.74000 5.054
53.76000 1.058
53.78000 -2.816
53.80000 -0.307
53.82000 2.996
53.84000 7.805
53.86000 4.390
53.88000 -1.142
53.90000 2.327
53.92000 3.388
53.94000 6.929
53.96000 6.061
53.98000 3.795
54.00000 1.181
54.02000 -0.350
54.04000 1.959
54.06000 4.454
54.08000 6.087
54.10000 7.972
54.12000 7.889
54.14000 5.336
54.16000 3.402
54.18000 2.562
54.20000 4.962
54.22000 7.132
54.24000 1.473
54.26000 1.318
54.28000 6.644
54.30000 -0.639
54.32000 -1.149
54.34000 0.385
54.36000 0.604
54.38000 -0.882
54.40000 2.876
54.42000 1.266
54.44000 4.538
54.46000 -0.701
54.48000 4.616
54.50000 6.101
54.52000 7.896
54.54000 3.784
54.56000 9.437
54.58000 5.463
54.60000 4.423
54.62000 3.159
54.64000 6.204
54.66000 4.107
54.68000 5.083
54.70000 5.280
54.72000 3.379
54.74000 3.756
54.76000 3.941
54.78000 3.417
54.80000 -0.482
54.82000 2.580
54.84000 3.570
54.86000 9.848
54.88000 2.986
54.90000 6.962
54.92000 3.667
54.94000 7.273
54.96000 5.327
54.98000 8.122
55.00000 6.914
55.02000 6.586
55.04000 2.475
55.06000 4.567
55.08000 6.141
55.10000 2.935
55.12000 2.593
55.14000 2.125
55.16000 6.295
55.18000 5.889
55.20000 5.294
55.22000 3.730
55.24000 6.656
55.26000 6.198
55.28000 4.013
55.30000 4.854
55.32000 1.314
55.34000 -2.751
55.36000 5.495
55.38000 7.322
55.40000 6.505
55.42000 6.278
55.44000 2.818
55.46000 7.192
55.48000 5.281
55.50000 5.693
55.52000 4.279
55.54000 5.243
55.56000 4.971
55.58000 6.579
55.60000 5.582
55.62000 3.188
55.64000 3.224
55.66000 6.048
55.68000 5.252
55.70000 4.569
55.72000 5.724
55.74000 6.982
55.76000 7.146
55.78000 2.545
55.80000 3.552
55.82000 1.745
55.84000 2.684
55.86000 5.283
55.88000 2.600
55.90000 1.123
55.92000 4.792
55.94000 3.812
55.96000 1.064
55.98000 5.646
56.00000 0.790
56.02000 1.167
56.04000 6.189
56.06000 5.594
56.08000 2.191
56.10000 4.703
56.12000 6.056
56.14000 9.723
56.16000 9.490
56.18000 8.435
56.20000 3.965
56.22000 4.856
56.24000 1.301
56.26000 0.660
56.28000 1.685
56.30000 2.547
56.32000 7.827
56.34000 9.101
56.36000 4.683
56.38000 5.475
56.40000 4.365
56.42000 3.414
56.44000 0.935
56.46000 1.632
56.48000 2.093
56.50000 4.263
56.52000 4.863
56.54000 6.173
56.56000 8.392
56.58000 -0.437
56.60000 -0.808
56.62000 4.896
56.64000 3.430
56.66000 3.609
56.68000 7.760
56.70000 7.783
56.72000 9.781
56.74000 5.873
56.76000 0.959
56.78000 3.380
56.80000 5.194
56.82000 0.072
56.84000 2.740
56.86000 4.601
56.88000 1.129
56.90000 4.529
56.92000 9.903
56.94000 6.494
56.96000 4.714
56.98000 2.361
57.00000 6.497
57.02000 3.381
57.04000 -2.719
57.06000 4.944
57.08000 3.318
57.10000 7.598
57.12000 9.519
57.14000 5.875
57.16000 3.344
57.18000 6.874
57.20000 4.314
57.22000 1.752
57.24000 2.084
57.26000 9.412
57.28000 8.880
57.30000 2.805
57.32000 0.689
57.34000 2.337
57.36000 4.304
57.38000 1.354
57.40000 -2.187
57.42000 0.268
57.44000 3.473
57.46000 -1.006
57.48000 2.378
57.50000 2.156
57.52000 1.867
57.54000 6.333
57.56000 8.116
57.58000 2.582
57.60000 1.197
57.62000 -1.133
57.64000 0.470
57.66000 -1.657
57.68000 3.614
57.70000 3.901
57.72000 5.696
57.74000 3.462
57.76000 1.896
57.78000 -2.711
57.80000 -1.431
57.82000 3.532
57.84000 8.908
57.86000 4.267
57.88000 1.415
57.90000 1.543
57.92000 3.808
57.94000 1.190
57.96000 4.348
57.98000 4.387
58.00000 2.176
58.02000 2.977
58.04000 1.587
58.06000 5.454
58.08000 5.694
58.10000 4.146
58.12000 2.360
58.14000 -0.996
58.16000 -1.599
58.18000 2.225
58.20000 6.912
58.22000 5.764
58.24000 3.829
58.26000 0.590
58.28000 3.769
58.30000 3.448
58.32000 2.040
58.34000 1.282
58.36000 2.455
58.38000 0.916
58.40000 5.778
58.42000 2.069
58.44000 2.161
58.46000 2.775
58.48000 3.774
58.50000 3.391
58.52000 1.105
58.54000 0.025
58.56000 -2.699
58.58000 -0.738
58.60000 -0.953
58.62000 0.078
58.64000 -0.446
58.66000 0.297
58.68000 -0.978
58.70000 2.695
58.72000 0.952
58.74000 0.948
58.76000 6.690
58.78000 2.860
58.80000 6.710
58.82000 6.839
58.84000 4.672
58.86000 0.834
58.88000 3.022
58.90000 4.139
58.92000 3.860
58.94000 3.001
58.96000 3.904
58.98000 3.131
59.00000 2.261
59.02000 4.829
59.04000 6.204
59.06000 4.774
59.08000 8.574
59.10000 9.692
59.12000 3.274
59.14000 -1.774
59.16000 0.760
59.18000 1.401
59.20000 1.143
59.22000 1.103
59.24000 -1.683
59.26000 1.389
59.28000 4.128
59.30000 5.967
59.32000 1.560
59.34000 4.757
59.36000 10.077
59.38000 4.324
59.40000 -2.498
59.42000 4.132
59.44000 6.626
59.46000 4.411
59.48000 3.153
59.50000 1.951
59.52000 3.807
59.54000 7.239
59.56000 13.606
59.58000 9.934
59.60000 6.097
59.62000 4.545
59.64000 3.646
59.66000 1.747
59.68000 3.573
59.70000 2.620
59.72000 -2.622
59.74000 0.418
59.76000 0.355
59.78000 4.112
59.80000 6.943
59.82000 4.952
59.84000 5.234
59.86000 2.826
59.88000 4.402
59.90000 5.517
59.92000 7.672
59.94000 9.409
59.96000 4.656
59.98000 4.065
60.00000 2.696
60.02000 7.998
60.04000 4.541
60.06000 6.281
60.08000 4.963
60.10000 4.053
60.12000 5.096
60.14000 4.285
60.16000 5.437
60.18000 3.459
60.20000 4.456
60.22000 7.473
60.24000 7.870
60.26000 0.716
60.28000 -1.155
60.30000 0.841
60.32000 -2.246
60.34000 0.098
60.36000 -0.745
60.38000 5.068
60.40000 4.637
60.42000 0.295
60.44000 3.122
60.46000 2.298
60.48000 3.388
60.50000 8.682
60.52000 6.055
60.54000 0.442
60.56000 0.412
60.58000 -0.252
60.60000 3.039
60.62000 7.950
60.64000 -2.624
60.66000 0.775
60.68000 5.985
60.70000 2.805
60.72000 3.958
60.74000 2.980
60.76000 0.704
60.78000 4.970
60.80000 4.095
60.82000 -0.295
60.84000 1.702
60.86000 3.643
60.88000 4.301
60.90000 0.283
60.92000 1.134
60.94000 0.648
60.96000 5.221
60.98000 7.019
61.00000 5.659
61.02000 1.610
61.04000 1.202
61.06000 7.110
61.08000 5.804
61.10000 2.527
61.12000 1.982
61.14000 0.202
61.16000 -0.549
61.18000 3.110
61.20000 1.718
61.22000 -2.615
61.24000 2.810
61.26000 -1.931
61.28000 1.535
61.30000 2.183
61.32000 1.419
61.34000 4.246
61.36000 -2.537
61.38000 -0.247
61.40000 -0.809
61.42000 0.631
61.44000 2.398
61.46000 0.458
61.48000 -0.687
61.50000 -0.667
61.52000 3.090
61.54000 0.211
61.56000 1.592
61.58000 4.871
61.60000 3.150
61.62000 2.757
61.64000 4.307
61.66000 4.095
61.68000 3.238
61.70000 1.260
61.72000 4.765
61.74000 4.743
61.76000 -0.244
61.78000 -1.857
61.80000 -2.162
61.82000 1.929
61.84000 7.679
61.86000 4.885
61.88000 0.987
61.90000 0.373
61.92000 -0.869
61.94000 0.411
61.96000 1.242
61.98000 2.190
62.00000 2.490
62.02000 -0.383
62.04000 -0.052
62.06000 1.251
62.08000 2.541
62.10000 4.172
62.12000 0.164
62.14000 2.829
62.16000 -1.601
62.18000 -2.282
62.20000 0.084
62.22000 2.636
62.24000 3.733
62.26000 5.586
62.28000 4.432
62.30000 3.082
62.32000 -0.043
62.34000 1.519
62.36000 1.997
62.38000 1.075
62.40000 -0.900
62.42000 -0.451
62.44000 0.107
62.46000 -2.070
62.48000 0.023
62.50000 4.291
62.52000 2.694
62.54000 2.177
62.56000 0.413
62.58000 -2.583
62.60000 -1.588
62.62000 1.262
62.64000 3.337
62.66000 3.024
62.68000 1.874
62.70000 -0.668
62.72000 4.661
62.74000 6.250
62.76000 2.619
62.78000 7.717
62.80000 7.386
62.82000 2.090
62.84000 0.625
62.86000 3.446
62.88000 -0.359
62.90000 -0.963
62.92000 0.852
62.94000 3.315
62.96000 2.771
62.98000 3.819
63.00000 3.213
63.02000 4.208
63.04000 2.852
63.06000 0.308
63.08000 -1.794
63.10000 1.152
63.12000 0.903
63.14000 0.498
63.16000 1.749
63.18000 -1.838
63.20000 1.743
63.22000 1.683
63.24000 5.376
63.26000 2.913
63.28000 -0.322
63.30000 1.497
63.32000 -0.916
63.34000 0.765
63.36000 3.608
63.38000 4.399
63.40000 0.368
63.42000 1.888
63.44000 2.035
63.46000 3.759
63.48000 3.664
63.50000 -0.220
63.52000 -2.606
63.54000 -2.237
63.56000 -1.483
63.58000 1.268
63.60000 0.605
63.62000 0.446
63.64000 5.021
63.66000 0.932
63.68000 2.214
63.70000 2.893
63.72000 0.836
63.74000 -2.529
63.76000 -1.465
63.78000 2.913
63.80000 2.123
63.82000 -0.599
63.84000 -1.707
63.86000 1.284
63.88000 1.249
63.90000 -0.348
63.92000 -2.091
63.94000 -0.536
63.96000 4.164
63.98000 3.270
64.00000 5.608
64.02000 0.617
64.04000 0.420
64.06000 -1.343
64.08000 -2.595
64.10000 -0.412
64.12000 -1.140
64.14000 0.564
64.16000 0.806
64.18000 1.411
64.20000 4.175
64.22000 8.553
64.24000 4.925
64.26000 3.523
64.28000 6.395
64.30000 3.269
64.32000 1.337
64.34000 0.776
64.36000 2.689
64.38000 6.428
64.40000 4.549
64.42000 2.230
64.44000 1.017
64.46000 5.822
64.48000 7.077
64.50000 3.294
64.52000 2.213
64.54000 5.603
64.56000 2.498
64.58000 -0.277
64.60000 1.376
64.62000 1.723
64.64000 2.605
64.66000 4.732
64.68000 3.169
64.70000 -1.081
64.72000 -2.568
64.74000 0.867
64.76000 7.269
64.78000 7.027
64.80000 2.696
64.82000 1.468
64.84000 1.218
64.86000 2.327
64.88000 5.641
64.90000 8.309
64.92000 4.107
64.94000 0.081
64.96000 -2.591
64.98000 -0.258
65.00000 2.089
65.02000 3.864
65.04000 3.032
65.06000 2.118
65.08000 2.243
65.10000 -0.210
65.12000 -1.625
65.14000 0.129
65.16000 4.381
65.18000 6.804
65.20000 2.569
65.22000 1.327
65.24000 0.942
65.26000 5.372
65.28000 2.521
65.30000 1.013
65.32000 -1.145
65.34000 0.632
65.36000 0.500
65.38000 -0.751
65.40000 0.761
65.42000 -0.364
65.44000 -1.399
65.46000 -0.826
65.48000 5.560
65.50000 1.842
65.52000 -1.577
65.54000 -2.024
65.56000 1.141
65.58000 0.505
65.60000 -1.309
65.62000 0.586
65.64000 -0.111
65.66000 1.579
65.68000 0.758
65.70000 2.377
65.72000 0.449
65.74000 -1.969
65.76000 0.371
65.78000 0.145
65.80000 -0.480
65.82000 1.157
65.84000 2.971
65.86000 0.639
65.88000 0.674
65.90000 2.578
65.92000 -0.996
65.94000 0.398
65.96000 -0.885
65.98000 0.489
66.00000 0.278
66.02000 -2.654
66.04000 -1.550
66.06000 -0.937
66.08000 -1.707
66.10000 -2.112
66.12000 -2.619
66.14000 -2.072
66.16000 -1.892
66.18000 -1.301
66.20000 2.858
66.22000 1.997
66.24000 0.318
66.26000 -0.588
66.28000 0.619
66.30000 3.053
66.32000 -0.521
66.34000 -1.106
66.36000 -0.529
66.38000 2.074
66.40000 0.252
66.42000 1.377
66.44000 1.105
66.46000 2.427
66.48000 2.709
66.50000 0.333
66.52000 0.639
66.54000 1.271
66.56000 2.239
66.58000 3.616
66.60000 1.373
66.62000 1.815
66.64000 3.632
66.66000 2.991
66.68000 3.317
66.70000 1.563
66.72000 3.075
66.74000 4.849
66.76000 3.234
66.78000 1.422
66.80000 1.390
66.82000 1.658
66.84000 1.741
66.86000 7.955
66.88000 4.537
66.90000 1.697
66.92000 2.061
66.94000 4.818
66.96000 7.122
66.98000 6.823
67.00000 2.724
67.02000 3.611
67.04000 -2.706
67.06000 1.525
67.08000 5.395
67.10000 6.279
67.12000 4.835
67.14000 4.749
67.16000 4.162
67.18000 5.971
67.20000 4.728
67.22000 6.212
67.24000 7.994
67.26000 3.127
67.28000 3.048
67.30000 3.107
67.32000 4.594
67.34000 5.570
67.36000 5.507
67.38000 11.124
67.40000 8.629
67.42000 8.683
67.44000 10.453
67.46000 9.020
67.48000 8.062
67.50000 5.787
67.52000 6.303
67.54000 6.434
67.56000 10.729
67.58000 8.161
67.60000 6.563
67.62000 9.952
67.64000 13.150
67.66000 13.892
67.68000 13.123
67.70000 7.892
67.72000 8.085
67.74000 13.168
67.76000 11.276
67.78000 10.409
67.80000 12.067
67.82000 9.593
67.84000 11.310
67.86000 13.082
67.88000 14.138
67.90000 12.338
67.92000 14.321
67.94000 15.701
67.96000 13.335
67.98000 13.004
68.00000 12.238
68.02000 15.713
68.04000 21.114
68.06000 20.563
68.08000 22.096
68.10000 18.955
68.12000 17.223
68.14000 16.345
68.16000 19.255
68.18000 23.726
68.20000 20.321
68.22000 19.011
68.24000 19.997
68.26000 20.617
68.28000 21.191
68.30000 20.929
68.32000 21.560
68.34000 22.656
68.36000 24.727
68.38000 26.031
68.40000 19.432
68.42000 22.846
68.44000 23.901
68.46000 23.300
68.48000 24.147
68.50000 26.144
68.52000 24.129
68.54000 25.841
68.56000 24.837
68.58000 21.471
68.60000 20.734
68.62000 18.616
68.64000 20.558
68.66000 23.312
68.68000 26.175
68.70000 25.238
68.72000 20.078
68.74000 22.663
68.76000 21.939
68.78000 17.618
68.80000 18.555
68.82000 17.926
68.84000 15.947
68.86000 20.111
68.88000 13.948
68.90000 13.133
68.92000 16.894
68.94000 18.293
68.96000 16.291
68.98000 16.507
69.00000 17.573
69.02000 16.962
69.04000 16.357
69.06000 13.763
69.08000 10.297
69.10000 10.659
69.12000 12.293
69.14000 16.744
69.16000 14.172
69.18000 13.301
69.20000 11.873
69.22000 11.848
69.24000 11.390
69.26000 13.268
69.28000 15.225
69.30000 12.384
69.32000 9.540
69.34000 9.526
69.36000 7.849
69.38000 4.945
69.40000 3.028
69.42000 4.932
69.44000 5.367
69.46000 6.997
69.48000 6.734
69.50000 3.242
69.52000 4.630
69.54000 5.579
69.56000 5.635
69.58000 7.665
69.60000 7.546
69.62000 7.321
69.64000 12.143
69.66000 6.585
69.68000 4.948
69.70000 2.842
69.72000 3.828
69.74000 2.428
69.76000 0.489
69.78000 -1.455
69.80000 2.932
69.82000 0.578
69.84000 2.729
69.86000 0.630
69.88000 -2.281
69.90000 1.188
69.92000 3.223
69.94000 1.438
69.96000 1.764
69.98000 3.135
70.00000 4.566
70.02000 5.683
70.04000 1.518
70.06000 2.074
70.08000 1.872
70.10000 1.921
70.12000 2.440
70.14000 2.544
70.16000 4.991
70.18000 7.706
70.20000 0.100
70.22000 3.551
70.24000 4.347
70.26000 2.758
70.28000 2.964
70.30000 0.506
70.32000 0.965
70.34000 5.197
70.36000 1.238
70.38000 2.518
70.40000 -0.717
70.42000 -2.532
70.44000 4.113
70.46000 6.490
70.48000 4.992
70.50000 4.801
70.52000 2.298
70.54000 -2.023
70.56000 -2.516
70.58000 0.495
70.60000 7.334
70.62000 6.004
70.64000 -1.635
70.66000 2.549
70.68000 5.175
70.70000 0.968
70.72000 -2.499
70.74000 6.429
70.76000 5.459
70.78000 1.550
70.80000 0.999
70.82000 4.198
70.84000 5.961
70.86000 3.716
70.88000 5.401
70.90000 5.831
70.92000 5.206
70.94000 4.116
70.96000 0.311
70.98000 0.222
71.00000 3.566
71.02000 5.194
71.04000 3.031
71.06000 2.145
71.08000 2.013
71.10000 -0.007
71.12000 1.869
71.14000 1.742
71.16000 4.234
71.18000 7.387
71.20000 9.485
71.22000 3.496
71.24000 0.494
71.26000 2.094
71.28000 5.553
71.30000 5.866
71.32000 -2.462
71.34000 -0.550
71.36000 0.217
71.38000 1.237
71.40000 3.024
71.42000 3.508
71.44000 4.253
71.46000 6.211
71.48000 6.264
71.50000 8.836
71.52000 7.629
71.54000 2.419
71.56000 1.374
71.58000 2.156
71.60000 -0.074
71.62000 1.096
71.64000 2.397
71.66000 -0.922
71.68000 0.745
71.70000 7.168
71.72000 5.891
71.74000 8.812
71.76000 9.909
71.78000 3.803
71.80000 4.770
71.82000 5.395
71.84000 6.011
71.86000 3.450
71.88000 4.770
71.90000 2.966
71.92000 1.652
71.94000 2.215
71.96000 0.346
71.98000 4.278
72.00000 5.565
72.02000 3.917
72.04000 1.984
72.06000 2.271
72.08000 6.814
72.10000 4.244
72.12000 1.349
72.14000 -1.776
72.16000 0.971
72.18000 5.942
72.20000 2.067
72.22000 1.126
72.24000 2.522
72.26000 3.245
72.28000 3.510
72.30000 3.625
72.32000 4.588
72.34000 5.467
72.36000 -1.161
72.38000 0.664
72.40000 5.270
72.42000 4.233
72.44000 6.023
72.46000 4.858
72.48000 6.743
72.50000 7.560
72.52000 4.929
72.54000 3.873
72.56000 0.806
72.58000 2.440
72.60000 6.233
72.62000 5.336
72.64000 2.941
72.66000 4.114
72.68000 8.418
72.70000 4.866
72.72000 7.451
72.74000 8.686
72.76000 8.142
72.78000 5.980
72.80000 4.395
72.82000 3.452
72.84000 3.712
72.86000 3.685
72.88000 6.715
72.90000 1.568
72.92000 6.564
72.94000 7.712
72.96000 5.500
72.98000 2.935
73.00000 8.308
73.02000 7.557
73.04000 4.288
73.06000 3.379
73.08000 -2.341
73.10000 -0.531
73.12000 3.308
73.14000 5.884
73.16000 8.734
73.18000 5.438
73.20000 3.152
73.22000 6.315
73.24000 3.606
73.26000 4.786
73.28000 6.383
73.30000 3.793
73.32000 1.869
73.34000 5.429
73.36000 7.337
73.38000 7.821
73.40000 4.743
73.42000 4.426
73.44000 6.359
73.46000 5.083
73.48000 3.528
73.50000 3.244
73.52000 4.565
73.54000 4.839
73.56000 6.303
73.58000 4.565
73.60000 6.325
73.62000 3.171
73.64000 7.969
73.66000 4.839
73.68000 3.906
73.70000 7.195
73.72000 4.318
73.74000 5.301
73.76000 6.045
73.78000 4.995
73.80000 2.768
73.82000 5.433
73.84000 3.384
73.86000 7.238
73.88000 11.822
73.90000 6.596
73.92000 6.341
73.94000 7.323
73.96000 6.506
73.98000 6.350
74.00000 5.054
74.02000 4.631
74.04000 -0.503
74.06000 5.189
74.08000 6.281
74.10000 2.465
74.12000 0.026
74.14000 0.444
74.16000 8.528
74.18000 9.877
74.20000 3.649
74.22000 4.117
74.24000 4.265
74.26000 6.500
74.28000 1.617
74.30000 1.488
74.32000 -1.779
74.34000 -0.438
74.36000 3.358
74.38000 5.615
74.40000 6.765
74.42000 7.211
74.44000 4.415
74.46000 -1.859
74.48000 -0.621
74.50000 5.063
74.52000 1.489
74.54000 2.359
74.56000 5.147
74.58000 2.252
74.60000 -0.059
74.62000 6.224
74.64000 8.825
74.66000 5.459
74.68000 1.415
74.70000 0.928
74.72000 1.765
74.74000 2.583
74.76000 -1.127
74.78000 -2.372
74.80000 0.264
74.82000 5.380
74.84000 5.990
74.86000 5.622
74.88000 3.935
74.90000 7.083
74.92000 6.316
74.94000 3.514
74.96000 1.955
74.98000 -0.114
75.00000 2.561
75.02000 3.740
75.04000 6.370
75.06000 6.004
75.08000 1.539
75.10000 4.134
75.12000 6.244
75.14000 4.861
75.16000 7.319
75.18000 3.474
75.20000 -1.075
75.22000 4.252
75.24000 -1.448
75.26000 2.168
75.28000 4.252
75.30000 6.005
75.32000 2.636
75.34000 3.508
75.36000 6.064
75.38000 4.002
75.40000 2.133
75.42000 1.523
75.44000 3.490
75.46000 3.291
75.48000 -0.608
75.50000 -0.682
75.52000 3.732
75.54000 3.540
75.56000 4.002
75.58000 5.735
75.60000 5.616
75.62000 2.052
75.64000 -2.370
75.66000 1.840
75.68000 1.207
75.70000 3.593
75.72000 6.370
75.74000 5.226
75.76000 3.592
75.78000 7.226
75.80000 8.401
75.82000 1.286
75.84000 -0.418
75.86000 3.349
75.88000 1.998
75.90000 5.582
75.92000 9.818
75.94000 6.588
75.96000 4.805
75.98000 3.834
76.00000 6.533
76.02000 11.009
76.04000 8.466
76.06000 9.546
76.08000 4.972
76.10000 3.618
76.12000 6.264
76.14000 2.499
76.16000 -0.875
76.18000 6.887
76.20000 7.628
76.22000 9.047
76.24000 6.896
76.26000 6.908
76.28000 4.679
76.30000 8.261
76.32000 8.883
76.34000 7.843
76.36000 3.959
76.38000 9.604
76.40000 10.778
76.42000 10.275
76.44000 6.938
76.46000 7.234
76.48000 13.037
76.50000 8.470
76.52000 2.906
76.54000 -2.337
76.56000 1.447
76.58000 2.632
76.60000 9.351
76.62000 8.250
76.64000 5.386
76.66000 6.156
76.68000 6.153
76.70000 6.938
76.72000 5.295
76.74000 4.110
76.76000 3.376
76.78000 0.928
76.80000 -0.870
76.82000 -0.964
76.84000 6.935
76.86000 8.700
76.88000 3.517
76.90000 1.706
76.92000 3.144
76.94000 2.175
76.96000 5.202
76.98000 7.211
77.00000 4.524
77.02000 1.298
77.04000 5.740
77.06000 4.501
77.08000 1.914
77.10000 5.318
77.12000 10.013
77.14000 6.757
77.16000 7.927
77.18000 8.580
77.20000 4.621
77.22000 8.048
77.24000 7.163
77.26000 4.084
77.28000 3.938
77.30000 5.445
77.32000 2.225
77.34000 -1.001
77.36000 1.847
77.38000 4.155
77.40000 8.450
77.42000 6.643
77.44000 1.602
77.46000 1.515
77.48000 -2.354
77.50000 3.665
77.52000 5.179
77.54000 5.587
77.56000 3.695
77.58000 3.896
77.60000 2.640
77.62000 0.759
77.64000 1.733
77.66000 5.682
77.68000 3.910
77.70000 3.836
77.72000 5.908
77.74000 5.927
77.76000 4.209
77.78000 1.246
77.80000 4.868
77.82000 7.623
77.84000 4.495
77.86000 0.811
77.88000 1.510
77.90000 4.416
77.92000 5.278
77.94000 6.078
77.96000 1.864
77.98000 2.976
78.00000 2.722
78.02000 1.676
78.04000 3.853
78.06000 2.189
78.08000 -1.153
78.10000 -2.265
78.12000 -0.176
78.14000 0.744
78.16000 4.528
78.18000 3.409
78.20000 1.105
78.22000 -0.905
78.24000 0.586
78.26000 1.301
78.28000 1.585
78.30000 -0.444
78.32000 4.491
78.34000 3.406
78.36000 2.701
78.38000 3.755
78.40000 4.174
78.42000 1.378
78.44000 -1.665
78.46000 0.284
78.48000 1.155
78.50000 0.369
78.52000 1.049
78.54000 3.103
78.56000 2.988
78.58000 4.548
78.60000 1.781
78.62000 -0.289
78.64000 3.219
78.66000 2.918
78.68000 2.859
78.70000 -0.580
78.72000 -2.474
78.74000 1.468
78.76000 5.034
78.78000 4.152
78.80000 4.309
78.82000 -0.985
78.84000 0.258
78.86000 0.051
78.88000 7.215
78.90000 3.490
78.92000 0.488
78.94000 1.720
78.96000 -2.182
78.98000 -2.484
79.00000 3.637
79.02000 3.989
79.04000 2.794
79.06000 2.551
79.08000 2.209
79.10000 3.693
79.12000 2.850
79.14000 6.011
79.16000 3.729
79.18000 1.989
79.20000 4.267
79.22000 6.246
79.24000 3.485
79.26000 1.262
79.28000 2.713
79.30000 -0.726
79.32000 2.025
79.34000 3.509
79.36000 0.987
79.38000 1.820
79.40000 2.776
79.42000 0.865
79.44000 0.778
79.46000 -0.230
79.48000 0.863
79.50000 1.774
79.52000 -0.781
79.54000 0.847
79.56000 2.273
79.58000 -1.082
79.60000 0.433
79.62000 3.612
79.64000 7.271
79.66000 -0.043
79.68000 0.228
79.70000 1.194
79.72000 -2.508
79.74000 -1.834
79.76000 2.442
79.78000 4.656
79.80000 5.562
79.82000 1.058
79.84000 0.847
79.86000 1.185
79.88000 2.890
79.90000 -2.424
79.92000 1.146
79.94000 1.840
79.96000 5.972
79.98000 2.740
80.00000 0.251
80.02000 0.768
80.04000 1.791
80.06000 1.104
80.08000 3.621
80.10000 -1.536
80.12000 -0.003
80.14000 -2.507
80.16000 1.533
80.18000 5.046
80.20000 3.811
80.22000 4.362
80.24000 -1.618
80.26000 1.771
80.28000 0.754
80.30000 2.757
80.32000 7.930
80.34000 5.180
80.36000 1.336
80.38000 4.202
80.40000 6.741
80.42000 4.450
80.44000 3.008
80.46000 2.570
80.48000 3.136
80.50000 -2.475
80.52000 1.633
80.54000 3.203
80.56000 0.790
80.58000 3.183
80.60000 5.116
80.62000 5.553
80.64000 3.771
80.66000 5.437
80.68000 5.819
80.70000 0.528
80.72000 -2.589
80.74000 -1.210
80.76000 3.584
80.78000 0.679
80.80000 0.076
80.82000 -0.137
80.84000 -0.186
80.86000 1.731
80.88000 3.145
80.90000 4.084
80.92000 1.693
80.94000 5.016
80.96000 3.690
80.98000 1.207
81.00000 -0.147
81.02000 2.850
81.04000 1.872
81.06000 6.334
81.08000 4.353
81.10000 3.529
81.12000 2.452
81.14000 0.558
81.16000 2.996
81.18000 3.812
81.20000 3.417
81.22000 4.097
81.24000 4.391
81.26000 5.127
81.28000 6.672
81.30000 7.951
81.32000 5.901
81.34000 6.310
81.36000 6.399
81.38000 4.446
81.40000 2.729
81.42000 2.924
81.44000 8.638
81.46000 11.738
81.48000 15.102
81.50000 7.398
81.52000 9.352
81.54000 10.948
81.56000 15.194
81.58000 11.561
81.60000 8.546
81.62000 10.551
81.64000 8.214
81.66000 12.305
81.68000 10.941
81.70000 13.241
81.72000 12.596
81.74000 9.625
81.76000 5.069
81.78000 5.693
81.80000 14.052
81.82000 12.866
81.84000 15.266
81.86000 12.195
81.88000 10.548
81.90000 15.306
81.92000 17.751
81.94000 18.665
81.96000 19.670
81.98000 23.569
82.00000 22.673
82.02000 19.441
82.04000 17.430
82.06000 20.036
82.08000 22.890
82.10000 12.692
82.12000 14.347
82.14000 13.509
82.16000 16.721
82.18000 16.860
82.20000 16.962
82.22000 18.927
82.24000 15.963
82.26000 18.609
82.28000 21.010
82.30000 13.180
82.32000 13.568
82.34000 18.324
82.36000 19.696
82.38000 19.496
82.40000 20.701
82.42000 23.197
82.44000 21.436
82.46000 20.021
82.48000 22.193
82.50000 28.745
82.52000 27.412
82.54000 17.444
82.56000 13.762
82.58000 22.483
82.60000 25.759
82.62000 24.873
82.64000 27.057
82.66000 26.712
82.68000 20.449
82.70000 14.124
82.72000 16.961
82.74000 20.724
82.76000 20.643
82.78000 24.451
82.80000 19.436
82.82000 18.478
82.84000 22.134
82.86000 21.065
82.88000 19.737
82.90000 19.957
82.92000 22.062
82.94000 19.694
82.96000 23.025
82.98000 21.932
83.00000 24.189
83.02000 23.909
83.04000 19.636
83.06000 14.448
83.08000 16.601
83.10000 15.398
83.12000 12.765
83.14000 13.897
83.16000 20.224
83.18000 17.392
83.20000 14.102
83.22000 12.070
83.24000 14.615
83.26000 15.635
83.28000 13.669
83.30000 10.223
83.32000 13.749
83.34000 10.867
83.36000 6.294
83.38000 11.642
83.40000 12.142
83.42000 10.150
83.44000 13.530
83.46000 13.140
83.48000 12.558
83.50000 9.874
83.52000 9.911
83.54000 5.510
83.56000 9.471
83.58000 9.939
83.60000 4.171
83.62000 7.050
83.64000 9.907
83.66000 10.421
83.68000 11.140
83.70000 12.192
83.72000 6.369
83.74000 2.687
83.76000 5.176
83.78000 5.970
83.80000 3.249
83.82000 2.880
83.84000 3.328
83.86000 2.156
83.88000 3.135
83.90000 4.340
83.92000 4.575
83.94000 4.332
83.96000 4.653
83.98000 7.197
84.00000 1.347
84.02000 2.795
84.04000 4.360
84.06000 -0.909
84.08000 6.479
84.10000 4.746
84.12000 7.239
84.14000 11.320
84.16000 6.858
84.18000 7.269
84.20000 5.356
84.22000 -1.836
84.24000 -2.617
84.26000 -1.344
84.28000 0.337
84.30000 0.724
84.32000 0.670
84.34000 4.633
84.36000 0.040
84.38000 -0.217
84.40000 1.918
84.42000 2.262
84.44000 -1.787
84.46000 0.426
84.48000 0.791
84.50000 1.973
84.52000 0.215
84.54000 -0.091
84.56000 0.797
84.58000 4.279
84.60000 3.624
84.62000 1.723
84.64000 -0.059
84.66000 -1.492
84.68000 -0.540
84.70000 -0.463
84.72000 2.206
84.74000 2.429
84.76000 3.300
84.78000 2.905
84.80000 0.159
84.82000 0.469
84.84000 1.646
84.86000 -0.724
84.88000 -2.091
84.90000 0.788
84.92000 -1.724
84.94000 -2.473
84.96000 -2.539
84.98000 1.704
85.00000 0.142
85.02000 -1.818
85.04000 2.421
85.06000 5.904
85.08000 6.996
85.10000 6.327
85.12000 8.737
85.14000 1.358
85.16000 -0.124
85.18000 1.917
85.20000 6.008
85.22000 -2.061
85.24000 -1.061
85.26000 -2.091
85.28000 -0.795
85.30000 -0.741
85.32000 5.042
85.34000 4.246
85.36000 -2.489
85.38000 0.179
85.40000 2.821
85.42000 2.448
85.44000 0.079
85.46000 3.288
85.48000 5.439
85.50000 7.086
85.52000 3.727
85.54000 3.012
85.56000 1.623
85.58000 4.398
85.60000 2.635
85.62000 4.687
85.64000 3.391
85.66000 0.352
85.68000 0.119
85.70000 3.979
85.72000 5.494
85.74000 1.076
85.76000 -0.174
85.78000 3.011
85.80000 1.571
85.82000 3.066
85.84000 4.933
85.86000 3.074
85.88000 6.168
85.90000 4.280
85.92000 2.951
85.94000 6.360
85.96000 3.991
85.98000 1.619
86.00000 6.600
86.02000 4.630
86.04000 3.826
86.06000 3.919
86.08000 5.462
86.10000 6.093
86.12000 6.393
86.14000 7.168
86.16000 4.598
86.18000 1.755
86.20000 8.243
86.22000 7.509
86.24000 4.552
86.26000 9.305
86.28000 10.909
86.30000 3.788
86.32000 2.156
86.34000 8.399
86.36000 6.249
86.38000 5.665
86.40000 9.978
86.42000 9.840
86.44000 11.644
86.46000 9.594
86.48000 9.324
86.50000 10.100
86.52000 13.388
86.54000 12.671
86.56000 10.141
86.58000 11.222
86.60000 14.543
86.62000 14.706
86.64000 16.403
86.66000 13.861
86.68000 13.065
86.70000 10.857
86.72000 14.264
86.74000 14.749
86.76000 16.648
86.78000 15.884
86.80000 19.066
86.82000 20.385
86.84000 18.630
86.86000 17.376
86.88000 22.248
86.90000 17.703
86.92000 15.557
86.94000 20.939
86.96000 20.841
86.98000 17.083
87.00000 18.322
87.02000 19.672
87.04000 18.334
87.06000 21.565
87.08000 22.145
87.10000 17.241
87.12000 16.837
87.14000 13.109
87.16000 16.839
87.18000 21.291
87.20000 16.632
87.22000 17.213
87.24000 18.833
87.26000 22.609
87.28000 14.747
87.30000 15.991
87.32000 16.350
87.34000 20.208
87.36000 19.111
87.38000 18.288
87.40000 15.630
87.42000 13.165
87.44000 16.273
87.46000 16.527
87.48000 14.312
87.50000 11.451
87.52000 15.443
87.54000 20.261
87.56000 23.215
87.58000 14.107
87.60000 12.900
87.62000 13.163
87.64000 15.255
87.66000 16.968
87.68000 13.322
87.70000 10.601
87.72000 4.585
87.74000 -0.619
87.76000 2.904
87.78000 10.160
87.80000 14.978
87.82000 10.151
87.84000 8.095
87.86000 12.480
87.88000 11.195
87.90000 10.909
87.92000 9.724
87.94000 5.588
87.96000 6.333
87.98000 8.269
88.00000 4.255
88.02000 9.196
88.04000 12.952
88.06000 6.399
88.08000 5.712
88.10000 2.712
88.12000 5.169
88.14000 7.953
88.16000 7.514
88.18000 4.511
88.20000 4.308
88.22000 7.722
88.24000 8.227
88.26000 2.388
88.28000 0.726
88.30000 3.293
88.32000 0.935
88.34000 2.066
88.36000 3.080
88.38000 6.562
88.40000 4.590
88.42000 -2.439
88.44000 -2.239
88.46000 3.001
88.48000 4.768
88.50000 4.894
88.52000 2.973
88.54000 1.977
88.56000 -2.066
88.58000 -2.192
88.60000 3.112
88.62000 4.345
88.64000 3.928
88.66000 9.645
88.68000 6.944
88.70000 5.059
88.72000 5.183
88.74000 5.244
88.76000 1.999
88.78000 -2.056
88.80000 -0.718
88.82000 3.052
88.84000 1.055
88.86000 -0.758
88.88000 -0.394
88.90000 0.725
88.92000 1.410
88.94000 3.543
88.96000 3.710
88.98000 0.258
89.00000 -1.495
89.02000 -0.907
89.04000 1.283
89.06000 4.625
89.08000 1.511
89.10000 2.490
89.12000 0.566
89.14000 1.751
89.16000 3.150
89.18000 3.418
89.20000 3.089
89.22000 3.266
89.24000 1.687
89.26000 0.856
89.28000 0.538
89.30000 -2.352
89.32000 -0.001
89.34000 -1.463
89.36000 0.818
89.38000 5.727
89.40000 4.701
89.42000 2.792
89.44000 1.592
89.46000 -2.334
89.48000 -0.671
89.50000 1.851
89.52000 0.603
89.54000 0.658
89.56000 0.401
89.58000 3.628
89.60000 1.985
89.62000 12.926
89.64000 6.792
89.66000 0.661
89.68000 0.041
89.70000 2.175
89.72000 8.019
89.74000 7.222
89.76000 2.842
89.78000 -0.248
89.80000 0.104
89.82000 3.808
89.84000 5.099
89.86000 0.461
89.88000 6.967
89.90000 4.030
89.92000 4.429
89.94000 4.553
89.96000 5.986
89.98000 6.756
90.00000 4.448
90.02000 3.850
90.04000 5.844
90.06000 1.398
90.08000 -2.263
90.10000 5.830
90.12000 6.988
90.14000 2.782
90.16000 0.886
90.18000 0.393
90.20000 6.013
90.22000 6.549
90.24000 3.090
90.26000 4.603
90.28000 7.120
90.30000 5.311
90.32000 6.534
90.34000 3.597
90.36000 1.324
90.38000 -0.597
90.40000 6.741
90.42000 4.050
90.44000 3.563
90.46000 3.483
90.48000 -2.177
90.50000 0.990
90.52000 4.092
90.54000 7.618
90.56000 4.202
90.58000 4.263
90.60000 1.237
90.62000 3.532
90.64000 7.294
90.66000 4.014
90.68000 0.359
90.70000 0.112
90.72000 -1.999
90.74000 -1.936
90.76000 1.246
90.78000 3.669
90.80000 -0.452
90.82000 2.422
90.84000 4.984
90.86000 0.903
90.88000 -0.608
90.90000 -2.278
90.92000 -1.414
90.94000 5.362
90.96000 4.731
90.98000 1.671
91.00000 1.596
91.02000 3.361
91.04000 5.078
91.06000 6.014
91.08000 4.600
91.10000 2.139
91.12000 3.136
91.14000 -0.998
91.16000 1.699
91.18000 4.989
91.20000 4.725
91.22000 6.243
91.24000 6.332
91.26000 0.601
91.28000 4.898
91.30000 6.070
91.32000 2.835
91.34000 2.356
91.36000 3.779
91.38000 5.087
91.40000 7.557
91.42000 6.484
91.44000 1.468
91.46000 -0.208
91.48000 4.041
91.50000 3.002
91.52000 7.052
91.54000 6.800
91.56000 6.587
91.58000 8.182
91.60000 4.055
91.62000 -0.828
91.64000 1.499
91.66000 4.169
91.68000 2.588
91.70000 5.468
91.72000 2.514
91.74000 7.250
91.76000 9.532
91.78000 4.515
91.80000 1.757
91.82000 6.170
91.84000 1.272
91.86000 2.016
91.88000 1.818
91.90000 3.430
91.92000 0.165
91.94000 -1.811
91.96000 -1.665
91.98000 -2.237
92.00000 1.163
92.02000 -0.472
92.04000 -1.009
92.06000 0.405
92.08000 2.629
92.10000 -0.548
92.12000 1.012
92.14000 4.538
92.16000 12.811
92.18000 4.462
92.20000 6.573
92.22000 7.689
92.24000 4.182
92.26000 7.523
92.28000 10.810
92.30000 9.757
92.32000 6.989
92.34000 7.245
92.36000 4.466
92.38000 5.219
92.40000 5.851
92.42000 4.140
92.44000 1.650
92.46000 -1.109
92.48000 -0.612
92.50000 1.098
92.52000 2.316
92.54000 5.408
92.56000 4.039
92.58000 3.404
92.60000 2.496
92.62000 4.791
92.64000 4.027
92.66000 2.879
92.68000 1.730
92.70000 3.154
92.72000 6.171
92.74000 1.103
92.76000 3.840
92.78000 1.419
92.80000 4.314
92.82000 3.664
92.84000 7.392
92.86000 8.778
92.88000 7.109
92.90000 4.933
92.92000 3.986
92.94000 6.288
92.96000 1.896
92.98000 4.675
93.00000 4.830
93.02000 2.976
93.04000 0.432
93.06000 -0.512
93.08000 4.081
93.10000 3.987
93.12000 4.379
93.14000 7.859
93.16000 3.909
93.18000 4.589
93.20000 6.438
93.22000 11.023
93.24000 11.961
93.26000 7.171
93.28000 4.499
93.30000 3.999
93.32000 10.892
93.34000 2.241
93.36000 -2.260
93.38000 0.097
93.40000 5.293
93.42000 9.472
93.44000 3.023
93.46000 5.546
93.48000 6.310
93.50000 0.787
93.52000 0.150
93.54000 5.953
93.56000 6.211
93.58000 7.503
93.60000 8.070
93.62000 7.167
93.64000 3.814
93.66000 1.193
93.68000 3.150
93.70000 8.947
93.72000 4.358
93.74000 0.349
93.76000 4.420
93.78000 2.608
93.80000 -0.130
93.82000 4.053
93.84000 0.694
93.86000 3.031
93.88000 6.347
93.90000 7.824
93.92000 7.102
93.94000 0.403
93.96000 -2.185
93.98000 3.900
94.00000 4.571
94.02000 4.469
94.04000 1.972
94.06000 -0.911
94.08000 1.281
94.10000 2.356
94.12000 6.189
94.14000 4.730
94.16000 6.457
94.18000 7.089
94.20000 6.933
94.22000 4.767
94.24000 3.887
94.26000 4.028
94.28000 6.948
94.30000 5.720
94.32000 1.798
94.34000 1.975
94.36000 -1.261
94.38000 3.749
94.40000 2.853
94.42000 -1.245
94.44000 -2.116
94.46000 0.341
94.48000 6.339
94.50000 0.574
94.52000 -0.334
94.54000 4.074
94.56000 6.832
94.58000 3.740
94.60000 0.363
94.62000 3.813
94.64000 3.547
94.66000 5.715
94.68000 9.693
94.70000 9.389
94.72000 5.665
94.74000 4.366
94.76000 5.500
94.78000 5.801
94.80000 9.126
94.82000 6.164
94.84000 8.376
94.86000 6.892
94.88000 0.197
94.90000 0.170
94.92000 -2.277
94.94000 0.068
94.96000 -0.217
94.98000 0.952
95.00000 1.851
95.02000 3.981
95.04000 4.875
95.06000 4.092
95.08000 4.280
95.10000 3.754
95.12000 3.729
95.14000 9.868
95.16000 7.596
95.18000 1.313
95.20000 3.770
95.22000 8.615
95.24000 5.914
95.26000 2.132
95.28000 0.165
95.30000 1.500
95.32000 2.196
95.34000 4.590
95.36000 4.858
95.38000 6.756
95.40000 9.950
95.42000 8.826
95.44000 2.090
95.46000 4.069
95.48000 0.982
95.50000 5.068
95.52000 11.012
95.54000 6.071
95.56000 3.155
95.58000 1.617
95.60000 4.475
95.62000 1.880
95.64000 0.824
95.66000 -2.296
95.68000 -2.146
95.70000 0.867
95.72000 4.305
95.74000 2.205
95.76000 7.103
95.78000 6.628
95.80000 2.362
95.82000 0.804
95.84000 3.102
95.86000 11.238
95.88000 11.815
95.90000 6.637
95.92000 -0.282
95.94000 2.601
95.96000 2.236
95.98000 5.766
96.00000 5.745
96.02000 6.666
96.04000 8.042
96.06000 9.474
96.08000 4.221
96.10000 6.476
96.12000 1.701
96.14000 3.819
96.16000 4.068
96.18000 5.410
96.20000 1.005
96.22000 3.820
96.24000 6.945
96.26000 8.341
96.28000 5.272
96.30000 5.511
96.32000 0.621
96.34000 2.300
96.36000 3.855
96.38000 3.332
96.40000 5.862
96.42000 0.988
96.44000 -2.289
96.46000 1.314
96.48000 6.819
96.50000 2.216
96.52000 4.598
96.54000 7.700
96.56000 5.410
96.58000 4.856
96.60000 1.589
96.62000 5.554
96.64000 6.360
96.66000 4.361
96.68000 -0.788
96.70000 5.566
96.72000 2.750
96.74000 4.941
96.76000 5.317
96.78000 2.451
96.80000 -2.278
96.82000 -1.492
96.84000 -0.365
96.86000 10.332
96.88000 11.766
96.90000 7.094
96.92000 2.257
96.94000 7.990
96.96000 11.230
96.98000 10.971
97.00000 3.111
97.02000 8.914
97.04000 8.004
97.06000 0.295
97.08000 -1.177
97.10000 5.108
97.12000 1.129
97.14000 -1.838
97.16000 0.374
97.18000 3.543
97.20000 5.389
97.22000 2.992
97.24000 3.574
97.26000 8.138
97.28000 0.592
97.30000 2.978
97.32000 3.907
97.34000 3.203
97.36000 4.628
97.38000 4.584
97.40000 7.810
97.42000 11.612
97.44000 9.916
97.46000 4.185
97.48000 7.017
97.50000 5.494
97.52000 5.935
97.54000 9.657
97.56000 11.762
97.58000 8.757
97.60000 2.421
97.62000 4.884
97.64000 8.457
97.66000 -1.004
97.68000 9.557
97.70000 6.744
97.72000 9.627
97.74000 9.768
97.76000 5.730
97.78000 2.186
97.80000 -2.220
97.82000 -2.073
97.84000 1.330
97.86000 7.123
97.88000 3.697
97.90000 9.415
97.92000 12.570
97.94000 13.535
97.96000 11.316
97.98000 12.610
98.00000 7.232
98.02000 0.450
98.04000 1.829
98.06000 3.937
98.08000 5.639
98.10000 6.818
98.12000 7.863
98.14000 8.622
98.16000 11.721
98.18000 9.836
98.20000 9.022
98.22000 10.646
98.24000 3.391
98.26000 1.698
98.28000 9.098
98.30000 9.014
98.32000 4.581
98.34000 13.393
98.36000 9.470
98.38000 5.916
98.40000 8.043
98.42000 3.956
98.44000 0.688
98.46000 8.991
98.48000 10.408
98.50000 7.341
98.52000 13.188
98.54000 4.873
98.56000 1.674
98.58000 -2.125
98.60000 7.747
98.62000 23.665
98.64000 12.925
98.66000 11.763
98.68000 10.855
98.70000 6.607
98.72000 4.664
98.74000 -0.324
98.76000 9.918
98.78000 2.170
98.80000 9.235
98.82000 11.753
98.84000 5.067
98.86000 3.065
98.88000 11.591
98.90000 12.054
98.92000 9.808
98.94000 12.376
98.96000 10.147
98.98000 13.103
99.00000 7.161
99.02000 3.213
99.04000 6.102
99.06000 9.665
99.08000 15.416
99.10000 17.467
99.12000 17.188
99.14000 11.099
99.16000 8.168
99.18000 7.406
99.20000 8.907
99.22000 7.236
99.24000 4.204
99.26000 0.993
99.28000 5.799
99.30000 11.171
99.32000 14.159
99.34000 6.753
99.36000 8.225
99.38000 18.784
99.40000 12.684
99.42000 11.117
99.44000 13.707
99.46000 -0.884
99.48000 6.239
99.50000 12.040
99.52000 13.032
99.54000 16.758
99.56000 14.667
99.58000 5.515
99.60000 -2.187
99.62000 13.014
99.64000 10.141
99.66000 4.944
99.68000 1.807
99.70000 4.695
99.72000 8.024
99.74000 7.554
99.76000 3.029
99.78000 13.823
99.80000 4.236
99.82000 -8.051
99.84000 5.624
99.86000 6.794
99.88000 6.737
99.90000 8.731
99.92000 9.770
99.94000 8.687
99.96000 17.390
99.98000 0.000
