'Id: "0011388" Comment: "Integrate frame 0011388_Au-Ir-Rh_Rh-rich_XRD-Mapping-340-0000.gfrmwith cursor Wedge Cursor #5" Operator: "B?rgel" Anode: "Cu" Wavelength: "1.5406" Scantype: "2Theta (TwoTheta)" TimePerStep: "1" X: "9" Y: "45" Z: "5.95" 
10.00000 0.000
10.02000 -4.361
10.04000 1.764
10.06000 13.821
10.08000 -4.257
10.10000 -4.231
10.12000 8.699
10.14000 13.688
10.16000 5.316
10.18000 10.232
10.20000 10.505
10.22000 3.630
10.24000 3.579
10.26000 16.554
10.28000 17.799
10.30000 35.375
10.32000 30.524
10.34000 7.863
10.36000 23.302
10.38000 11.158
10.40000 6.800
10.42000 14.839
10.44000 27.889
10.46000 11.550
10.48000 20.322
10.50000 17.853
10.52000 40.404
10.54000 16.212
10.56000 4.885
10.58000 9.928
10.60000 11.576
10.62000 -0.760
10.64000 -0.004
10.66000 1.588
10.68000 7.486
10.70000 4.082
10.72000 6.675
10.74000 17.280
10.76000 23.463
10.78000 19.515
10.80000 22.164
10.82000 14.925
10.84000 8.886
10.86000 20.494
10.88000 18.082
10.90000 22.599
10.92000 19.387
10.94000 30.712
10.96000 39.291
10.98000 11.806
11.00000 8.762
11.02000 26.481
11.04000 13.147
11.06000 9.179
11.08000 4.158
11.10000 15.408
11.12000 10.313
11.14000 6.970
11.16000 2.422
11.18000 2.729
11.20000 11.544
11.22000 10.890
11.24000 17.515
11.26000 11.094
11.28000 16.329
11.30000 23.916
11.32000 16.379
11.34000 7.333
11.36000 11.019
11.38000 16.749
11.40000 26.691
11.42000 16.566
11.44000 17.175
11.46000 14.724
11.48000 7.176
11.50000 17.340
11.52000 21.534
11.54000 21.670
11.56000 16.690
11.58000 14.652
11.60000 9.730
11.62000 5.196
11.64000 5.940
11.66000 7.454
11.68000 12.683
11.70000 21.544
11.72000 19.898
11.74000 13.481
11.76000 12.473
11.78000 4.817
11.80000 3.309
11.82000 7.372
11.84000 16.362
11.86000 16.356
11.88000 13.258
11.90000 14.989
11.92000 15.981
11.94000 15.357
11.96000 17.020
11.98000 14.773
12.00000 8.289
12.02000 6.515
12.04000 6.860
12.06000 0.663
12.08000 9.005
12.10000 21.764
12.12000 17.782
12.14000 19.190
12.16000 9.999
12.18000 4.878
12.20000 10.225
12.22000 13.021
12.24000 19.868
12.26000 20.453
12.28000 19.723
12.30000 14.896
12.32000 18.210
12.34000 10.699
12.36000 7.418
12.38000 4.675
12.40000 2.891
12.42000 6.803
12.44000 12.026
12.46000 -2.184
12.48000 -2.688
12.50000 7.412
12.52000 7.870
12.54000 12.776
12.56000 9.670
12.58000 13.161
12.60000 9.504
12.62000 4.262
12.64000 14.105
12.66000 23.912
12.68000 16.111
12.70000 6.405
12.72000 5.560
12.74000 9.583
12.76000 11.269
12.78000 11.486
12.80000 9.770
12.82000 -0.730
12.84000 2.059
12.86000 1.664
12.88000 0.307
12.90000 -3.553
12.92000 0.176
12.94000 2.964
12.96000 -0.205
12.98000 11.409
13.00000 12.223
13.02000 4.861
13.04000 5.053
13.06000 6.825
13.08000 -2.699
13.10000 12.257
13.12000 10.274
13.14000 6.108
13.16000 13.580
13.18000 14.459
13.20000 9.500
13.22000 17.740
13.24000 10.013
13.26000 4.333
13.28000 9.341
13.30000 14.338
13.32000 23.105
13.34000 20.808
13.36000 7.584
13.38000 7.712
13.40000 15.043
13.42000 3.181
13.44000 2.642
13.46000 3.641
13.48000 5.135
13.50000 6.532
13.52000 7.365
13.54000 8.887
13.56000 3.624
13.58000 6.327
13.60000 8.280
13.62000 9.144
13.64000 14.675
13.66000 21.668
13.68000 12.066
13.70000 15.622
13.72000 19.036
13.74000 20.551
13.76000 11.382
13.78000 2.367
13.80000 3.229
13.82000 0.091
13.84000 10.914
13.86000 10.554
13.88000 12.359
13.90000 16.567
13.92000 10.260
13.94000 3.488
13.96000 1.219
13.98000 2.627
14.00000 5.870
14.02000 4.118
14.04000 8.230
14.06000 14.802
14.08000 19.740
14.10000 13.898
14.12000 10.637
14.14000 12.513
14.16000 10.848
14.18000 8.172
14.20000 14.753
14.22000 4.448
14.24000 5.555
14.26000 9.387
14.28000 7.634
14.30000 9.773
14.32000 13.887
14.34000 17.614
14.36000 8.343
14.38000 5.054
14.40000 6.241
14.42000 16.004
14.44000 21.770
14.46000 10.826
14.48000 3.398
14.50000 7.332
14.52000 9.038
14.54000 6.324
14.56000 6.296
14.58000 -4.488
14.60000 1.774
14.62000 10.567
14.64000 12.768
14.66000 10.703
14.68000 8.278
14.70000 8.026
14.72000 5.076
14.74000 0.492
14.76000 13.011
14.78000 10.417
14.80000 2.763
14.82000 7.875
14.84000 10.122
14.86000 1.428
14.88000 -0.349
14.90000 3.127
14.92000 4.617
14.94000 8.476
14.96000 10.218
14.98000 5.051
15.00000 8.425
15.02000 6.451
15.04000 0.892
15.06000 0.016
15.08000 8.967
15.10000 5.767
15.12000 5.726
15.14000 8.228
15.16000 9.122
15.18000 16.100
15.20000 18.876
15.22000 16.959
15.24000 13.387
15.26000 14.088
15.28000 12.734
15.30000 11.612
15.32000 13.957
15.34000 11.838
15.36000 16.254
15.38000 10.757
15.40000 19.912
15.42000 17.627
15.44000 13.642
15.46000 8.553
15.48000 8.100
15.50000 2.272
15.52000 1.313
15.54000 4.679
15.56000 5.540
15.58000 5.654
15.60000 1.990
15.62000 -2.673
15.64000 6.747
15.66000 9.703
15.68000 9.568
15.70000 -4.467
15.72000 -1.355
15.74000 4.519
15.76000 3.296
15.78000 11.504
15.80000 10.386
15.82000 15.554
15.84000 3.275
15.86000 2.367
15.88000 17.683
15.90000 15.641
15.92000 10.697
15.94000 12.061
15.96000 0.797
15.98000 2.044
16.00000 1.862
16.02000 0.710
16.04000 5.272
16.06000 5.309
16.08000 -3.810
16.10000 -1.689
16.12000 5.521
16.14000 9.050
16.16000 5.801
16.18000 7.643
16.20000 8.626
16.22000 -0.873
16.24000 10.082
16.26000 14.423
16.28000 19.546
16.30000 23.420
16.32000 11.396
16.34000 7.490
16.36000 0.450
16.38000 5.390
16.40000 3.048
16.42000 6.086
16.44000 5.754
16.46000 2.848
16.48000 6.438
16.50000 10.023
16.52000 13.162
16.54000 15.327
16.56000 1.406
16.58000 9.486
16.60000 7.416
16.62000 4.222
16.64000 3.414
16.66000 6.900
16.68000 3.070
16.70000 4.948
16.72000 14.977
16.74000 12.521
16.76000 14.258
16.78000 12.127
16.80000 15.827
16.82000 9.355
16.84000 9.189
16.86000 7.622
16.88000 11.226
16.90000 -4.430
16.92000 3.073
16.94000 4.262
16.96000 8.919
16.98000 8.999
17.00000 4.479
17.02000 18.160
17.04000 10.192
17.06000 3.342
17.08000 9.788
17.10000 1.505
17.12000 7.504
17.14000 4.301
17.16000 1.544
17.18000 1.849
17.20000 4.426
17.22000 9.840
17.24000 4.604
17.26000 1.614
17.28000 4.819
17.30000 7.529
17.32000 -0.589
17.34000 2.661
17.36000 6.930
17.38000 13.911
17.40000 8.664
17.42000 5.158
17.44000 10.771
17.46000 10.114
17.48000 13.189
17.50000 9.088
17.52000 9.903
17.54000 11.897
17.56000 13.230
17.58000 11.257
17.60000 10.345
17.62000 2.343
17.64000 1.254
17.66000 8.884
17.68000 6.049
17.70000 6.829
17.72000 12.989
17.74000 10.067
17.76000 7.626
17.78000 2.410
17.80000 7.590
17.82000 8.277
17.84000 6.898
17.86000 2.937
17.88000 10.612
17.90000 12.910
17.92000 7.574
17.94000 0.566
17.96000 -1.202
17.98000 0.775
18.00000 -0.217
18.02000 -4.350
18.04000 4.281
18.06000 12.225
18.08000 8.001
18.10000 10.793
18.12000 8.250
18.14000 2.854
18.16000 5.545
18.18000 9.974
18.20000 12.703
18.22000 6.927
18.24000 2.790
18.26000 7.815
18.28000 11.723
18.30000 21.095
18.32000 13.353
18.34000 11.440
18.36000 5.858
18.38000 -1.519
18.40000 -0.299
18.42000 -0.106
18.44000 0.008
18.46000 16.976
18.48000 17.684
18.50000 8.299
18.52000 1.853
18.54000 3.063
18.56000 8.367
18.58000 3.017
18.60000 7.766
18.62000 8.130
18.64000 10.708
18.66000 8.578
18.68000 0.978
18.70000 4.617
18.72000 0.104
18.74000 3.904
18.76000 11.552
18.78000 8.436
18.80000 10.250
18.82000 7.647
18.84000 9.437
18.86000 10.338
18.88000 1.162
18.90000 7.949
18.92000 -0.246
18.94000 -2.800
18.96000 0.190
18.98000 5.288
19.00000 14.844
19.02000 14.418
19.04000 14.019
19.06000 13.228
19.08000 3.241
19.10000 -4.308
19.12000 0.728
19.14000 7.063
19.16000 5.980
19.18000 6.083
19.20000 1.810
19.22000 2.244
19.24000 2.405
19.26000 7.653
19.28000 2.583
19.30000 6.185
19.32000 7.588
19.34000 0.647
19.36000 1.632
19.38000 7.814
19.40000 11.303
19.42000 9.153
19.44000 12.236
19.46000 7.391
19.48000 -3.118
19.50000 1.512
19.52000 4.656
19.54000 6.783
19.56000 -1.827
19.58000 -1.350
19.60000 -1.317
19.62000 5.852
19.64000 4.998
19.66000 5.008
19.68000 9.148
19.70000 9.396
19.72000 6.400
19.74000 8.889
19.76000 12.118
19.78000 8.580
19.80000 11.277
19.82000 5.809
19.84000 5.903
19.86000 7.602
19.88000 6.646
19.90000 7.852
19.92000 12.699
19.94000 10.314
19.96000 8.721
19.98000 5.649
20.00000 5.848
20.02000 6.704
20.04000 5.578
20.06000 6.619
20.08000 5.531
20.10000 2.611
20.12000 9.633
20.14000 4.983
20.16000 -2.299
20.18000 5.852
20.20000 14.775
20.22000 10.714
20.24000 0.656
20.26000 -4.222
20.28000 -2.672
20.30000 -0.085
20.32000 3.396
20.34000 6.974
20.36000 16.782
20.38000 13.315
20.40000 10.070
20.42000 10.114
20.44000 9.215
20.46000 9.935
20.48000 5.355
20.50000 8.098
20.52000 9.807
20.54000 1.594
20.56000 0.697
20.58000 6.067
20.60000 4.606
20.62000 3.893
20.64000 9.065
20.66000 5.881
20.68000 2.097
20.70000 6.094
20.72000 9.677
20.74000 6.566
20.76000 4.285
20.78000 -2.483
20.80000 -3.777
20.82000 1.738
20.84000 4.261
20.86000 0.857
20.88000 3.911
20.90000 10.168
20.92000 5.746
20.94000 4.517
20.96000 1.701
20.98000 3.648
21.00000 0.719
21.02000 4.286
21.04000 4.962
21.06000 7.621
21.08000 13.714
21.10000 14.390
21.12000 4.007
21.14000 2.503
21.16000 7.323
21.18000 2.295
21.20000 -0.752
21.22000 4.446
21.24000 3.723
21.26000 -2.532
21.28000 2.871
21.30000 4.779
21.32000 -1.863
21.34000 11.011
21.36000 11.966
21.38000 1.597
21.40000 -2.986
21.42000 7.937
21.44000 8.312
21.46000 1.774
21.48000 5.536
21.50000 7.540
21.52000 9.413
21.54000 12.451
21.56000 4.880
21.58000 6.423
21.60000 3.842
21.62000 4.020
21.64000 10.289
21.66000 2.069
21.68000 -4.161
21.70000 -0.545
21.72000 4.486
21.74000 11.617
21.76000 5.842
21.78000 9.270
21.80000 7.056
21.82000 4.808
21.84000 1.139
21.86000 6.205
21.88000 5.655
21.90000 2.060
21.92000 3.846
21.94000 -0.022
21.96000 1.721
21.98000 5.922
22.00000 -1.103
22.02000 1.228
22.04000 4.169
22.06000 2.051
22.08000 6.741
22.10000 7.121
22.12000 2.811
22.14000 9.439
22.16000 3.152
22.18000 -3.191
22.20000 2.967
22.22000 5.469
22.24000 0.690
22.26000 3.771
22.28000 0.497
22.30000 -1.065
22.32000 1.812
22.34000 3.224
22.36000 2.333
22.38000 8.542
22.40000 6.652
22.42000 8.397
22.44000 6.640
22.46000 2.452
22.48000 1.826
22.50000 0.441
22.52000 2.719
22.54000 -1.878
22.56000 0.371
22.58000 7.338
22.60000 9.190
22.62000 10.554
22.64000 2.703
22.66000 1.838
22.68000 1.034
22.70000 8.830
22.72000 11.965
22.74000 7.054
22.76000 0.373
22.78000 -4.126
22.80000 0.693
22.82000 4.049
22.84000 2.617
22.86000 1.169
22.88000 1.061
22.90000 -0.185
22.92000 3.957
22.94000 5.517
22.96000 4.811
22.98000 10.516
23.00000 11.376
23.02000 -1.352
23.04000 -4.111
23.06000 3.859
23.08000 4.435
23.10000 4.642
23.12000 7.143
23.14000 1.819
23.16000 1.863
23.18000 0.521
23.20000 2.298
23.22000 5.678
23.24000 11.317
23.26000 7.815
23.28000 5.506
23.30000 9.703
23.32000 13.092
23.34000 8.182
23.36000 1.596
23.38000 -0.227
23.40000 3.915
23.42000 2.562
23.44000 6.825
23.46000 3.861
23.48000 1.906
23.50000 0.554
23.52000 3.342
23.54000 2.114
23.56000 8.275
23.58000 6.806
23.60000 1.390
23.62000 4.677
23.64000 2.942
23.66000 3.965
23.68000 5.156
23.70000 8.183
23.72000 8.353
23.74000 4.406
23.76000 2.284
23.78000 5.460
23.80000 6.933
23.82000 8.470
23.84000 4.353
23.86000 1.976
23.88000 4.153
23.90000 -0.382
23.92000 -0.687
23.94000 -1.334
23.96000 4.419
23.98000 6.486
24.00000 5.014
24.02000 5.209
24.04000 4.327
24.06000 3.552
24.08000 8.462
24.10000 -4.016
24.12000 0.065
24.14000 4.968
24.16000 5.548
24.18000 3.420
24.20000 5.431
24.22000 9.584
24.24000 6.487
24.26000 2.343
24.28000 6.728
24.30000 3.304
24.32000 -0.756
24.34000 -0.302
24.36000 4.254
24.38000 6.933
24.40000 2.235
24.42000 -1.984
24.44000 3.744
24.46000 6.080
24.48000 10.656
24.50000 12.633
24.52000 6.073
24.54000 6.905
24.56000 -1.519
24.58000 4.281
24.60000 9.384
24.62000 6.423
24.64000 2.962
24.66000 6.928
24.68000 8.046
24.70000 1.681
24.72000 4.323
24.74000 4.448
24.76000 2.701
24.78000 4.759
24.80000 2.095
24.82000 4.793
24.84000 6.535
24.86000 7.550
24.88000 5.325
24.90000 -0.385
24.92000 -2.117
24.94000 0.420
24.96000 3.752
24.98000 11.114
25.00000 9.143
25.02000 0.327
25.04000 -0.399
25.06000 1.015
25.08000 1.856
25.10000 -4.000
25.12000 -0.310
25.14000 2.572
25.16000 -1.433
25.18000 2.665
25.20000 9.586
25.22000 8.623
25.24000 1.245
25.26000 -0.509
25.28000 -0.830
25.30000 3.205
25.32000 0.926
25.34000 -1.060
25.36000 -2.740
25.38000 3.239
25.40000 2.845
25.42000 0.996
25.44000 -0.199
25.46000 4.193
25.48000 7.986
25.50000 7.495
25.52000 4.614
25.54000 5.476
25.56000 4.145
25.58000 -0.353
25.60000 0.220
25.62000 6.315
25.64000 2.367
25.66000 0.381
25.68000 1.933
25.70000 0.516
25.72000 -0.749
25.74000 4.087
25.76000 7.809
25.78000 0.796
25.80000 -2.639
25.82000 2.874
25.84000 2.087
25.86000 -1.111
25.88000 -2.119
25.90000 -1.086
25.92000 4.032
25.94000 6.315
25.96000 4.152
25.98000 -2.432
26.00000 -1.973
26.02000 0.331
26.04000 -0.743
26.06000 -3.970
26.08000 0.367
26.10000 0.276
26.12000 3.886
26.14000 2.793
26.16000 -2.110
26.18000 -2.102
26.20000 1.973
26.22000 2.053
26.24000 0.331
26.26000 0.111
26.28000 -3.620
26.30000 -1.656
26.32000 -1.993
26.34000 0.141
26.36000 4.605
26.38000 7.438
26.40000 3.799
26.42000 -2.004
26.44000 2.986
26.46000 -0.377
26.48000 0.944
26.50000 1.885
26.52000 1.882
26.54000 2.114
26.56000 0.109
26.58000 0.976
26.60000 5.881
26.62000 3.536
26.64000 2.489
26.66000 -2.176
26.68000 2.013
26.70000 3.539
26.72000 1.342
26.74000 -1.476
26.76000 -1.395
26.78000 -1.951
26.80000 -0.413
26.82000 0.999
26.84000 -3.919
26.86000 -3.413
26.88000 1.773
26.90000 5.083
26.92000 1.810
26.94000 -1.427
26.96000 1.786
26.98000 1.856
27.00000 -0.382
27.02000 5.655
27.04000 5.206
27.06000 9.759
27.08000 9.929
27.10000 3.347
27.12000 4.774
27.14000 4.785
27.16000 0.196
27.18000 9.959
27.20000 8.413
27.22000 6.613
27.24000 4.745
27.26000 -1.342
27.28000 -2.369
27.30000 -1.765
27.32000 1.277
27.34000 6.643
27.36000 6.627
27.38000 1.758
27.40000 6.570
27.42000 8.927
27.44000 11.990
27.46000 6.501
27.48000 4.537
27.50000 3.881
27.52000 2.275
27.54000 1.542
27.56000 1.301
27.58000 6.546
27.60000 0.134
27.62000 -3.358
27.64000 -2.253
27.66000 -0.727
27.68000 3.209
27.70000 4.849
27.72000 6.254
27.74000 8.249
27.76000 3.693
27.78000 -2.267
27.80000 -3.853
27.82000 -1.582
27.84000 2.195
27.86000 2.621
27.88000 0.562
27.90000 0.584
27.92000 4.652
27.94000 3.072
27.96000 0.028
27.98000 7.543
28.00000 0.666
28.02000 -0.434
28.04000 3.625
28.06000 -0.264
28.08000 -1.737
28.10000 -3.468
28.12000 -2.746
28.14000 -0.606
28.16000 0.819
28.18000 -0.787
28.20000 -0.160
28.22000 -2.251
28.24000 -2.673
28.26000 -0.834
28.28000 5.883
28.30000 2.611
28.32000 -0.512
28.34000 3.089
28.36000 0.958
28.38000 0.915
28.40000 2.340
28.42000 3.315
28.44000 8.001
28.46000 3.633
28.48000 4.629
28.50000 2.245
28.52000 1.318
28.54000 2.939
28.56000 3.669
28.58000 2.836
28.60000 1.664
28.62000 0.719
28.64000 0.887
28.66000 4.284
28.68000 4.386
28.70000 1.311
28.72000 2.943
28.74000 0.651
28.76000 -0.648
28.78000 1.750
28.80000 7.885
28.82000 5.888
28.84000 1.816
28.86000 -3.818
28.88000 -2.297
28.90000 1.315
28.92000 5.873
28.94000 -1.762
28.96000 0.531
28.98000 -0.511
29.00000 -2.766
29.02000 1.493
29.04000 5.420
29.06000 2.947
29.08000 3.542
29.10000 3.724
29.12000 2.586
29.14000 -2.318
29.16000 -1.597
29.18000 1.984
29.20000 -0.542
29.22000 1.042
29.24000 -3.793
29.26000 -0.833
29.28000 -0.157
29.30000 0.700
29.32000 2.842
29.34000 4.683
29.36000 4.560
29.38000 4.257
29.40000 -0.396
29.42000 0.214
29.44000 1.396
29.46000 4.712
29.48000 1.443
29.50000 0.520
29.52000 -1.643
29.54000 -1.089
29.56000 -0.818
29.58000 0.156
29.60000 -0.745
29.62000 1.860
29.64000 4.118
29.66000 -0.218
29.68000 1.247
29.70000 1.030
29.72000 -1.672
29.74000 -2.574
29.76000 -3.442
29.78000 -2.142
29.80000 3.274
29.82000 6.407
29.84000 7.316
29.86000 8.779
29.88000 7.662
29.90000 7.103
29.92000 1.141
29.94000 1.237
29.96000 -1.339
29.98000 2.173
30.00000 3.948
30.02000 3.478
30.04000 3.883
30.06000 -1.801
30.08000 4.818
30.10000 7.494
30.12000 0.724
30.14000 -3.736
30.16000 -0.823
30.18000 0.280
30.20000 1.987
30.22000 6.207
30.24000 1.343
30.26000 0.577
30.28000 2.509
30.30000 2.425
30.32000 3.124
30.34000 0.596
30.36000 4.168
30.38000 2.118
30.40000 6.920
30.42000 4.207
30.44000 5.585
30.46000 -0.151
30.48000 -0.743
30.50000 3.485
30.52000 1.176
30.54000 1.941
30.56000 7.304
30.58000 3.176
30.60000 6.385
30.62000 3.871
30.64000 4.350
30.66000 0.560
30.68000 4.135
30.70000 10.175
30.72000 2.391
30.74000 -0.275
30.76000 4.355
30.78000 2.116
30.80000 3.067
30.82000 2.838
30.84000 0.316
30.86000 2.995
30.88000 6.088
30.90000 -1.730
30.92000 -2.145
30.94000 7.837
30.96000 6.691
30.98000 9.067
31.00000 8.189
31.02000 6.027
31.04000 2.426
31.06000 3.186
31.08000 3.637
31.10000 2.010
31.12000 -0.766
31.14000 1.238
31.16000 1.585
31.18000 -2.716
31.20000 0.351
31.22000 11.548
31.24000 3.424
31.26000 4.119
31.28000 4.209
31.30000 1.676
31.32000 2.652
31.34000 1.642
31.36000 5.023
31.38000 4.178
31.40000 0.815
31.42000 1.490
31.44000 1.026
31.46000 2.008
31.48000 4.323
31.50000 6.989
31.52000 4.898
31.54000 3.458
31.56000 2.376
31.58000 5.343
31.60000 3.462
31.62000 2.312
31.64000 6.242
31.66000 7.831
31.68000 2.535
31.70000 5.455
31.72000 2.383
31.74000 2.801
31.76000 0.759
31.78000 0.553
31.80000 -3.642
31.82000 1.228
31.84000 0.742
31.86000 2.932
31.88000 5.785
31.90000 3.685
31.92000 9.435
31.94000 6.891
31.96000 0.304
31.98000 4.297
32.00000 9.837
32.02000 8.145
32.04000 6.211
32.06000 3.019
32.08000 0.737
32.10000 1.311
32.12000 -0.231
32.14000 6.676
32.16000 9.567
32.18000 7.389
32.20000 5.062
32.22000 6.063
32.24000 2.937
32.26000 8.247
32.28000 6.257
32.30000 4.793
32.32000 4.188
32.34000 0.538
32.36000 4.441
32.38000 -1.523
32.40000 -3.623
32.42000 2.672
32.44000 6.405
32.46000 8.685
32.48000 5.145
32.50000 4.169
32.52000 -0.093
32.54000 -0.631
32.56000 0.181
32.58000 7.426
32.60000 2.164
32.62000 2.161
32.64000 4.180
32.66000 4.239
32.68000 3.233
32.70000 1.610
32.72000 -1.378
32.74000 3.419
32.76000 4.766
32.78000 -0.575
32.80000 1.786
32.82000 3.971
32.84000 7.112
32.86000 7.923
32.88000 3.427
32.90000 0.390
32.92000 4.602
32.94000 -0.920
32.96000 2.859
32.98000 4.638
33.00000 4.899
33.02000 4.926
33.04000 3.864
33.06000 -1.486
33.08000 1.839
33.10000 8.063
33.12000 5.935
33.14000 -0.744
33.16000 1.504
33.18000 5.241
33.20000 7.116
33.22000 3.946
33.24000 3.227
33.26000 3.561
33.28000 1.197
33.30000 5.819
33.32000 8.222
33.34000 4.889
33.36000 3.942
33.38000 4.976
33.40000 0.977
33.42000 0.970
33.44000 2.128
33.46000 6.613
33.48000 4.037
33.50000 -0.744
33.52000 0.792
33.54000 -1.778
33.56000 -2.853
33.58000 -1.466
33.60000 6.597
33.62000 -2.644
33.64000 0.982
33.66000 4.813
33.68000 3.267
33.70000 1.463
33.72000 0.110
33.74000 1.826
33.76000 3.363
33.78000 1.545
33.80000 1.561
33.82000 4.711
33.84000 4.876
33.86000 -0.783
33.88000 -0.202
33.90000 8.299
33.92000 4.221
33.94000 0.093
33.96000 3.807
33.98000 -1.850
34.00000 -0.678
34.02000 2.240
34.04000 4.786
34.06000 3.341
34.08000 -0.202
34.10000 1.281
34.12000 0.849
34.14000 2.400
34.16000 2.512
34.18000 -0.016
34.20000 -0.437
34.22000 -0.482
34.24000 4.757
34.26000 4.518
34.28000 -2.053
34.30000 -2.626
34.32000 1.379
34.34000 -1.559
34.36000 -0.743
34.38000 -2.441
34.40000 -2.305
34.42000 1.432
34.44000 -0.096
34.46000 -1.948
34.48000 -1.593
34.50000 -1.321
34.52000 -0.852
34.54000 -1.199
34.56000 -0.060
34.58000 -0.272
34.60000 2.197
34.62000 2.662
34.64000 1.193
34.66000 3.251
34.68000 -0.478
34.70000 -3.608
34.72000 0.995
34.74000 0.374
34.76000 3.118
34.78000 4.036
34.80000 2.142
34.82000 7.040
34.84000 1.154
34.86000 0.564
34.88000 0.540
34.90000 3.398
34.92000 5.586
34.94000 5.546
34.96000 2.097
34.98000 -3.590
35.00000 -0.753
35.02000 -0.428
35.04000 -0.934
35.06000 5.023
35.08000 6.685
35.10000 8.036
35.12000 6.347
35.14000 2.096
35.16000 3.760
35.18000 0.887
35.20000 -3.600
35.22000 -1.125
35.24000 3.356
35.26000 4.469
35.28000 5.699
35.30000 5.034
35.32000 6.586
35.34000 2.793
35.36000 -2.540
35.38000 1.157
35.40000 1.394
35.42000 -3.329
35.44000 0.381
35.46000 -1.757
35.48000 1.213
35.50000 2.101
35.52000 -0.149
35.54000 -2.037
35.56000 1.881
35.58000 0.969
35.60000 0.653
35.62000 3.094
35.64000 2.488
35.66000 1.823
35.68000 -3.212
35.70000 -2.259
35.72000 2.874
35.74000 3.932
35.76000 0.712
35.78000 -0.439
35.80000 -0.141
35.82000 0.077
35.84000 2.108
35.86000 1.791
35.88000 0.894
35.90000 -0.738
35.92000 -0.504
35.94000 -0.332
35.96000 -1.034
35.98000 -1.239
36.00000 -0.976
36.02000 0.162
36.04000 5.087
36.06000 -3.635
36.08000 -0.041
36.10000 4.291
36.12000 5.094
36.14000 2.501
36.16000 3.639
36.18000 2.965
36.20000 -0.636
36.22000 -0.492
36.24000 -0.569
36.26000 0.991
36.28000 1.663
36.30000 3.370
36.32000 2.540
36.34000 1.296
36.36000 4.847
36.38000 5.869
36.40000 2.658
36.42000 -2.667
36.44000 0.532
36.46000 0.109
36.48000 0.604
36.50000 8.826
36.52000 0.816
36.54000 3.354
36.56000 8.022
36.58000 0.798
36.60000 -3.650
36.62000 0.046
36.64000 4.553
36.66000 -0.547
36.68000 8.628
36.70000 5.147
36.72000 -0.614
36.74000 -2.043
36.76000 1.201
36.78000 1.290
36.80000 1.440
36.82000 3.590
36.84000 4.216
36.86000 5.860
36.88000 1.830
36.90000 0.098
36.92000 0.504
36.94000 0.271
36.96000 -1.580
36.98000 -3.705
37.00000 2.286
37.02000 1.135
37.04000 -3.601
37.06000 0.437
37.08000 2.745
37.10000 2.900
37.12000 1.991
37.14000 -0.251
37.16000 2.596
37.18000 3.007
37.20000 0.188
37.22000 -2.223
37.24000 0.292
37.26000 -0.540
37.28000 1.810
37.30000 2.169
37.32000 0.529
37.34000 2.645
37.36000 -1.630
37.38000 1.635
37.40000 1.590
37.42000 2.989
37.44000 2.845
37.46000 3.610
37.48000 2.996
37.50000 3.531
37.52000 1.860
37.54000 2.448
37.56000 1.477
37.58000 0.330
37.60000 1.089
37.62000 2.709
37.64000 8.701
37.66000 2.356
37.68000 1.205
37.70000 4.884
37.72000 3.822
37.74000 5.319
37.76000 8.363
37.78000 5.386
37.80000 4.771
37.82000 10.192
37.84000 10.679
37.86000 9.956
37.88000 10.058
37.90000 12.293
37.92000 8.310
37.94000 4.606
37.96000 7.779
37.98000 11.724
38.00000 12.193
38.02000 12.145
38.04000 13.646
38.06000 10.116
38.08000 14.059
38.10000 11.044
38.12000 11.713
38.14000 13.874
38.16000 14.416
38.18000 12.597
38.20000 15.968
38.22000 12.747
38.24000 11.933
38.26000 14.477
38.28000 13.525
38.30000 21.929
38.32000 24.459
38.34000 21.534
38.36000 19.007
38.38000 21.634
38.40000 20.674
38.42000 24.136
38.44000 23.972
38.46000 28.088
38.48000 27.842
38.50000 31.380
38.52000 31.696
38.54000 29.209
38.56000 33.744
38.58000 37.019
38.60000 38.972
38.62000 40.023
38.64000 39.370
38.66000 43.191
38.68000 45.969
38.70000 42.119
38.72000 49.795
38.74000 52.899
38.76000 46.285
38.78000 48.936
38.80000 48.813
38.82000 49.293
38.84000 57.745
38.86000 59.059
38.88000 63.456
38.90000 66.215
38.92000 65.766
38.94000 63.175
38.96000 61.748
38.98000 70.173
39.00000 72.932
39.02000 76.527
39.04000 81.570
39.06000 83.341
39.08000 91.321
39.10000 99.295
39.12000 101.652
39.14000 102.875
39.16000 108.752
39.18000 107.086
39.20000 111.388
39.22000 115.524
39.24000 124.662
39.26000 130.195
39.28000 137.323
39.30000 149.607
39.32000 146.093
39.34000 153.443
39.36000 164.116
39.38000 178.780
39.40000 181.635
39.42000 189.115
39.44000 201.297
39.46000 210.504
39.48000 208.873
39.50000 227.754
39.52000 246.360
39.54000 253.569
39.56000 261.867
39.58000 279.411
39.60000 299.778
39.62000 306.833
39.64000 314.696
39.66000 328.523
39.68000 348.007
39.70000 368.245
39.72000 377.139
39.74000 390.119
39.76000 414.797
39.78000 434.243
39.80000 452.336
39.82000 476.155
39.84000 492.862
39.86000 523.670
39.88000 539.619
39.90000 561.650
39.92000 597.851
39.94000 611.364
39.96000 623.470
39.98000 654.430
40.00000 668.417
40.02000 686.157
40.04000 705.863
40.06000 715.796
40.08000 738.146
40.10000 755.701
40.12000 774.973
40.14000 777.132
40.16000 781.481
40.18000 790.592
40.20000 796.330
40.22000 796.656
40.24000 801.430
40.26000 795.636
40.28000 793.931
40.30000 790.546
40.32000 776.304
40.34000 751.913
40.36000 735.184
40.38000 728.161
40.40000 716.578
40.42000 710.807
40.44000 696.228
40.46000 672.595
40.48000 655.648
40.50000 632.557
40.52000 607.133
40.54000 579.947
40.56000 559.410
40.58000 538.032
40.60000 519.192
40.62000 491.352
40.64000 463.896
40.66000 447.195
40.68000 421.336
40.70000 400.090
40.72000 373.821
40.74000 349.458
40.76000 345.929
40.78000 325.960
40.80000 298.494
40.82000 280.783
40.84000 266.768
40.86000 262.917
40.88000 250.227
40.90000 225.873
40.92000 222.667
40.94000 206.430
40.96000 194.903
40.98000 184.794
41.00000 172.450
41.02000 163.951
41.04000 157.043
41.06000 141.388
41.08000 130.779
41.10000 127.770
41.12000 121.763
41.14000 118.936
41.16000 105.357
41.18000 97.533
41.20000 94.226
41.22000 88.740
41.24000 83.479
41.26000 78.245
41.28000 76.526
41.30000 70.125
41.32000 63.727
41.34000 65.010
41.36000 62.859
41.38000 64.044
41.40000 62.500
41.42000 52.980
41.44000 46.122
41.46000 46.980
41.48000 45.074
41.50000 41.899
41.52000 40.059
41.54000 31.316
41.56000 33.902
41.58000 28.946
41.60000 32.025
41.62000 30.963
41.64000 33.762
41.66000 35.206
41.68000 25.690
41.70000 24.279
41.72000 26.602
41.74000 24.648
41.76000 24.348
41.78000 24.274
41.80000 23.469
41.82000 19.118
41.84000 17.628
41.86000 21.504
41.88000 18.635
41.90000 17.144
41.92000 12.674
41.94000 16.678
41.96000 19.740
41.98000 18.031
42.00000 15.162
42.02000 15.766
42.04000 13.793
42.06000 14.453
42.08000 12.277
42.10000 10.931
42.12000 13.445
42.14000 17.393
42.16000 19.462
42.18000 19.772
42.20000 11.098
42.22000 9.683
42.24000 10.372
42.26000 11.712
42.28000 11.970
42.30000 14.852
42.32000 11.556
42.34000 8.388
42.36000 14.969
42.38000 8.651
42.40000 5.548
42.42000 7.692
42.44000 5.309
42.46000 0.049
42.48000 0.552
42.50000 7.583
42.52000 7.546
42.54000 2.596
42.56000 3.659
42.58000 -2.836
42.60000 -1.183
42.62000 0.389
42.64000 0.028
42.66000 -1.644
42.68000 0.722
42.70000 1.487
42.72000 -0.984
42.74000 2.913
42.76000 5.058
42.78000 1.670
42.80000 -3.668
42.82000 0.958
42.84000 3.276
42.86000 2.391
42.88000 0.052
42.90000 -2.501
42.92000 -1.004
42.94000 4.255
42.96000 1.076
42.98000 -0.629
43.00000 -3.681
43.02000 -0.893
43.04000 -2.259
43.06000 -0.902
43.08000 2.216
43.10000 -1.945
43.12000 -0.790
43.14000 -0.692
43.16000 -2.984
43.18000 -0.899
43.20000 1.023
43.22000 -3.147
43.24000 -3.641
43.26000 3.566
43.28000 0.077
43.30000 4.058
43.32000 2.402
43.34000 2.287
43.36000 4.350
43.38000 2.224
43.40000 1.593
43.42000 3.203
43.44000 0.511
43.46000 1.633
43.48000 4.331
43.50000 2.091
43.52000 -0.320
43.54000 0.841
43.56000 1.789
43.58000 -0.849
43.60000 3.633
43.62000 5.446
43.64000 3.688
43.66000 5.715
43.68000 4.431
43.70000 4.727
43.72000 7.837
43.74000 2.391
43.76000 -3.588
43.78000 -3.563
43.80000 0.919
43.82000 0.355
43.84000 -0.736
43.86000 -0.604
43.88000 3.549
43.90000 3.845
43.92000 1.461
43.94000 2.123
43.96000 2.942
43.98000 3.193
44.00000 -0.998
44.02000 -3.285
44.04000 -0.959
44.06000 -3.555
44.08000 -1.844
44.10000 4.605
44.12000 4.036
44.14000 7.823
44.16000 5.043
44.18000 3.064
44.20000 1.348
44.22000 2.774
44.24000 2.584
44.26000 6.247
44.28000 4.893
44.30000 0.834
44.32000 0.256
44.34000 6.078
44.36000 10.887
44.38000 8.772
44.40000 1.019
44.42000 -1.967
44.44000 0.998
44.46000 0.909
44.48000 1.919
44.50000 3.417
44.52000 8.535
44.54000 9.995
44.56000 2.800
44.58000 1.152
44.60000 4.259
44.62000 7.267
44.64000 2.074
44.66000 -0.630
44.68000 0.029
44.70000 6.108
44.72000 6.406
44.74000 0.231
44.76000 2.254
44.78000 6.643
44.80000 8.214
44.82000 5.348
44.84000 6.781
44.86000 4.366
44.88000 4.135
44.90000 3.354
44.92000 7.781
44.94000 7.396
44.96000 10.450
44.98000 7.212
45.00000 3.746
45.02000 2.134
45.04000 8.037
45.06000 5.701
45.08000 8.885
45.10000 12.606
45.12000 10.979
45.14000 8.595
45.16000 7.545
45.18000 9.980
45.20000 10.259
45.22000 14.411
45.24000 18.303
45.26000 18.759
45.28000 16.466
45.30000 18.384
45.32000 19.030
45.34000 18.323
45.36000 19.573
45.38000 17.740
45.40000 18.618
45.42000 23.873
45.44000 24.878
45.46000 17.943
45.48000 18.995
45.50000 16.921
45.52000 18.781
45.54000 22.400
45.56000 21.222
45.58000 22.223
45.60000 25.357
45.62000 22.951
45.64000 19.163
45.66000 19.193
45.68000 27.450
45.70000 32.369
45.72000 29.138
45.74000 32.797
45.76000 30.789
45.78000 27.776
45.80000 32.144
45.82000 38.153
45.84000 37.281
45.86000 32.919
45.88000 32.728
45.90000 42.533
45.92000 43.893
45.94000 41.666
45.96000 40.396
45.98000 47.309
46.00000 54.899
46.02000 53.297
46.04000 47.756
46.06000 51.413
46.08000 55.140
46.10000 48.565
46.12000 46.163
46.14000 50.125
46.16000 58.294
46.18000 61.997
46.20000 60.906
46.22000 59.004
46.24000 61.400
46.26000 57.730
46.28000 65.084
46.30000 60.437
46.32000 65.989
46.34000 67.848
46.36000 65.577
46.38000 61.350
46.40000 66.992
46.42000 73.273
46.44000 78.875
46.46000 77.177
46.48000 76.597
46.50000 76.636
46.52000 78.245
46.54000 80.907
46.56000 79.961
46.58000 83.497
46.60000 79.371
46.62000 81.600
46.64000 81.061
46.66000 81.172
46.68000 85.565
46.70000 85.668
46.72000 84.051
46.74000 86.779
46.76000 85.126
46.78000 83.471
46.80000 84.720
46.82000 78.519
46.84000 83.085
46.86000 86.367
46.88000 86.229
46.90000 90.065
46.92000 88.858
46.94000 85.196
46.96000 91.121
46.98000 86.604
47.00000 89.006
47.02000 86.532
47.04000 84.844
47.06000 79.606
47.08000 82.275
47.10000 85.560
47.12000 75.624
47.14000 78.368
47.16000 77.013
47.18000 69.405
47.20000 69.460
47.22000 74.291
47.24000 65.593
47.26000 65.495
47.28000 59.018
47.30000 66.523
47.32000 62.373
47.34000 54.699
47.36000 44.464
47.38000 52.703
47.40000 58.257
47.42000 48.049
47.44000 49.014
47.46000 53.206
47.48000 45.581
47.50000 36.988
47.52000 45.588
47.54000 44.556
47.56000 39.995
47.58000 40.889
47.60000 42.486
47.62000 41.727
47.64000 32.155
47.66000 31.853
47.68000 33.761
47.70000 31.204
47.72000 30.990
47.74000 24.153
47.76000 21.771
47.78000 24.649
47.80000 26.422
47.82000 23.231
47.84000 22.187
47.86000 19.473
47.88000 20.449
47.90000 13.687
47.92000 16.319
47.94000 21.531
47.96000 19.480
47.98000 17.764
48.00000 21.349
48.02000 19.326
48.04000 10.000
48.06000 9.645
48.08000 12.991
48.10000 8.435
48.12000 9.033
48.14000 11.457
48.16000 18.412
48.18000 13.942
48.20000 10.750
48.22000 7.840
48.24000 8.051
48.26000 11.756
48.28000 10.222
48.30000 8.181
48.32000 9.711
48.34000 5.992
48.36000 4.955
48.38000 1.037
48.40000 -0.019
48.42000 4.049
48.44000 5.413
48.46000 8.835
48.48000 4.032
48.50000 1.386
48.52000 10.472
48.54000 9.382
48.56000 2.972
48.58000 4.139
48.60000 2.060
48.62000 7.513
48.64000 4.895
48.66000 -3.277
48.68000 -0.858
48.70000 0.942
48.72000 3.946
48.74000 3.449
48.76000 0.510
48.78000 2.579
48.80000 5.803
48.82000 2.770
48.84000 1.571
48.86000 0.831
48.88000 0.169
48.90000 6.273
48.92000 2.374
48.94000 3.364
48.96000 4.369
48.98000 5.963
49.00000 6.936
49.02000 -0.034
49.04000 -0.575
49.06000 4.984
49.08000 6.300
49.10000 3.477
49.12000 6.084
49.14000 3.416
49.16000 4.961
49.18000 10.012
49.20000 8.706
49.22000 1.705
49.24000 7.284
49.26000 6.098
49.28000 1.066
49.30000 3.040
49.32000 -2.581
49.34000 0.850
49.36000 0.725
49.38000 -2.223
49.40000 -0.935
49.42000 2.056
49.44000 0.286
49.46000 2.121
49.48000 2.597
49.50000 -0.528
49.52000 2.412
49.54000 1.497
49.56000 2.193
49.58000 8.040
49.60000 5.272
49.62000 5.199
49.64000 6.410
49.66000 4.963
49.68000 4.793
49.70000 9.370
49.72000 10.686
49.74000 8.412
49.76000 10.114
49.78000 11.320
49.80000 4.967
49.82000 1.714
49.84000 2.869
49.86000 5.662
49.88000 3.192
49.90000 1.808
49.92000 2.094
49.94000 -3.118
49.96000 0.598
49.98000 3.625
50.00000 3.235
50.02000 4.078
50.04000 4.411
50.06000 2.370
50.08000 7.151
50.10000 4.482
50.12000 4.728
50.14000 4.038
50.16000 3.848
50.18000 5.076
50.20000 5.216
50.22000 3.549
50.24000 0.441
50.26000 1.660
50.28000 -2.292
50.30000 3.344
50.32000 6.187
50.34000 6.809
50.36000 5.077
50.38000 5.445
50.40000 4.390
50.42000 2.917
50.44000 1.854
50.46000 2.211
50.48000 4.437
50.50000 3.807
50.52000 5.138
50.54000 4.769
50.56000 9.768
50.58000 9.033
50.60000 -0.914
50.62000 0.234
50.64000 2.842
50.66000 0.477
50.68000 0.178
50.70000 4.046
50.72000 4.995
50.74000 0.627
50.76000 0.951
50.78000 2.171
50.80000 -0.079
50.82000 -2.095
50.84000 -0.125
50.86000 4.798
50.88000 0.459
50.90000 -3.059
50.92000 -0.541
50.94000 4.252
50.96000 5.493
50.98000 7.747
51.00000 5.937
51.02000 4.604
51.04000 3.959
51.06000 0.771
51.08000 4.674
51.10000 5.626
51.12000 6.801
51.14000 8.435
51.16000 1.013
51.18000 0.486
51.20000 -0.785
51.22000 2.053
51.24000 3.510
51.26000 0.144
51.28000 9.161
51.30000 9.375
51.32000 7.537
51.34000 7.398
51.36000 5.886
51.38000 8.386
51.40000 7.464
51.42000 8.754
51.44000 5.268
51.46000 2.347
51.48000 0.082
51.50000 1.588
51.52000 2.218
51.54000 5.011
51.56000 3.694
51.58000 -0.654
51.60000 -0.916
51.62000 5.327
51.64000 7.356
51.66000 4.494
51.68000 3.848
51.70000 6.026
51.72000 2.407
51.74000 6.047
51.76000 6.119
51.78000 5.792
51.80000 6.133
51.82000 4.688
51.84000 2.084
51.86000 5.481
51.88000 -0.730
51.90000 4.687
51.92000 10.133
51.94000 8.069
51.96000 4.353
51.98000 8.320
52.00000 9.312
52.02000 10.880
52.04000 9.314
52.06000 6.022
52.08000 6.572
52.10000 5.902
52.12000 3.565
52.14000 5.762
52.16000 9.754
52.18000 6.689
52.20000 7.449
52.22000 4.073
52.24000 -2.994
52.26000 4.817
52.28000 5.372
52.30000 9.408
52.32000 9.416
52.34000 7.173
52.36000 8.950
52.38000 6.329
52.40000 4.830
52.42000 5.168
52.44000 5.147
52.46000 3.753
52.48000 5.738
52.50000 4.009
52.52000 6.802
52.54000 5.262
52.56000 5.218
52.58000 1.303
52.60000 3.208
52.62000 6.508
52.64000 6.087
52.66000 -0.271
52.68000 3.699
52.70000 6.289
52.72000 7.221
52.74000 2.812
52.76000 3.685
52.78000 5.272
52.80000 2.158
52.82000 2.325
52.84000 0.381
52.86000 0.578
52.88000 1.464
52.90000 0.871
52.92000 4.253
52.94000 8.052
52.96000 8.542
52.98000 1.737
53.00000 0.204
53.02000 5.264
53.04000 2.657
53.06000 -2.997
53.08000 -0.571
53.10000 -0.362
53.12000 -1.925
53.14000 4.755
53.16000 9.558
53.18000 7.209
53.20000 6.046
53.22000 3.260
53.24000 2.979
53.26000 1.585
53.28000 2.366
53.30000 3.305
53.32000 2.652
53.34000 5.137
53.36000 6.887
53.38000 2.383
53.40000 1.604
53.42000 0.876
53.44000 3.846
53.46000 3.476
53.48000 3.202
53.50000 3.259
53.52000 -0.858
53.54000 6.303
53.56000 8.678
53.58000 0.427
53.60000 -2.061
53.62000 -1.639
53.64000 3.688
53.66000 8.537
53.68000 14.738
53.70000 11.857
53.72000 3.692
53.74000 7.468
53.76000 4.229
53.78000 1.823
53.80000 -1.066
53.82000 5.706
53.84000 4.216
53.86000 2.913
53.88000 0.026
53.90000 1.759
53.92000 3.810
53.94000 -2.971
53.96000 -1.120
53.98000 5.015
54.00000 4.717
54.02000 2.881
54.04000 6.824
54.06000 4.794
54.08000 10.144
54.10000 8.913
54.12000 7.758
54.14000 9.432
54.16000 6.342
54.18000 8.190
54.20000 10.294
54.22000 7.746
54.24000 5.716
54.26000 1.496
54.28000 3.812
54.30000 3.088
54.32000 3.431
54.34000 3.083
54.36000 3.910
54.38000 3.766
54.40000 4.770
54.42000 2.012
54.44000 -0.904
54.46000 3.095
54.48000 -0.618
54.50000 2.623
54.52000 2.612
54.54000 1.057
54.56000 0.943
54.58000 4.424
54.60000 2.385
54.62000 3.566
54.64000 2.700
54.66000 4.228
54.68000 5.344
54.70000 3.002
54.72000 2.469
54.74000 5.941
54.76000 5.092
54.78000 3.858
54.80000 0.475
54.82000 -2.939
54.84000 4.510
54.86000 3.909
54.88000 1.932
54.90000 4.566
54.92000 5.267
54.94000 2.875
54.96000 4.026
54.98000 5.162
55.00000 6.510
55.02000 3.884
55.04000 0.774
55.06000 2.588
55.08000 4.677
55.10000 5.227
55.12000 3.169
55.14000 3.141
55.16000 6.113
55.18000 9.635
55.20000 7.644
55.22000 5.559
55.24000 1.889
55.26000 3.663
55.28000 -1.702
55.30000 -0.993
55.32000 6.036
55.34000 7.552
55.36000 3.977
55.38000 3.137
55.40000 3.194
55.42000 7.978
55.44000 3.410
55.46000 3.136
55.48000 7.993
55.50000 1.583
55.52000 -2.932
55.54000 6.422
55.56000 10.395
55.58000 5.151
55.60000 7.975
55.62000 9.286
55.64000 5.479
55.66000 3.464
55.68000 9.432
55.70000 10.211
55.72000 7.415
55.74000 7.600
55.76000 1.525
55.78000 2.337
55.80000 7.051
55.82000 7.904
55.84000 4.730
55.86000 2.771
55.88000 7.731
55.90000 8.126
55.92000 2.198
55.94000 -1.606
55.96000 -0.228
55.98000 2.072
56.00000 4.379
56.02000 6.605
56.04000 7.216
56.06000 7.992
56.08000 11.426
56.10000 8.009
56.12000 6.177
56.14000 9.756
56.16000 12.283
56.18000 12.140
56.20000 11.282
56.22000 9.047
56.24000 4.616
56.26000 0.949
56.28000 5.792
56.30000 11.737
56.32000 8.975
56.34000 0.541
56.36000 0.278
56.38000 5.654
56.40000 4.502
56.42000 5.489
56.44000 4.298
56.46000 1.547
56.48000 7.023
56.50000 6.432
56.52000 7.934
56.54000 4.450
56.56000 5.422
56.58000 5.409
56.60000 3.533
56.62000 10.222
56.64000 12.392
56.66000 7.800
56.68000 4.255
56.70000 5.334
56.72000 7.668
56.74000 8.752
56.76000 9.609
56.78000 5.759
56.80000 -0.016
56.82000 -2.841
56.84000 5.388
56.86000 2.795
56.88000 4.835
56.90000 3.736
56.92000 4.636
56.94000 4.516
56.96000 7.044
56.98000 8.412
57.00000 9.678
57.02000 8.217
57.04000 2.968
57.06000 3.605
57.08000 1.781
57.10000 4.630
57.12000 7.135
57.14000 4.731
57.16000 2.958
57.18000 7.141
57.20000 7.405
57.22000 5.141
57.24000 6.566
57.26000 5.912
57.28000 6.295
57.30000 6.573
57.32000 4.194
57.34000 9.444
57.36000 8.003
57.38000 8.705
57.40000 5.598
57.42000 2.572
57.44000 8.489
57.46000 8.061
57.48000 2.961
57.50000 1.367
57.52000 6.474
57.54000 7.227
57.56000 3.152
57.58000 2.077
57.60000 1.937
57.62000 -2.816
57.64000 1.960
57.66000 5.353
57.68000 5.423
57.70000 2.255
57.72000 4.373
57.74000 4.625
57.76000 6.620
57.78000 15.349
57.80000 5.983
57.82000 -0.530
57.84000 3.784
57.86000 7.462
57.88000 10.423
57.90000 12.851
57.92000 11.837
57.94000 4.963
57.96000 2.183
57.98000 2.187
58.00000 8.216
58.02000 5.784
58.04000 2.694
58.06000 5.698
58.08000 8.109
58.10000 6.420
58.12000 -1.044
58.14000 2.095
58.16000 8.785
58.18000 11.940
58.20000 8.761
58.22000 7.231
58.24000 2.455
58.26000 1.051
58.28000 4.785
58.30000 5.792
58.32000 1.647
58.34000 -1.667
58.36000 2.103
58.38000 4.220
58.40000 3.335
58.42000 5.463
58.44000 7.008
58.46000 7.276
58.48000 4.035
58.50000 2.216
58.52000 3.448
58.54000 6.520
58.56000 5.526
58.58000 4.496
58.60000 6.051
58.62000 7.275
58.64000 5.634
58.66000 2.464
58.68000 -2.392
58.70000 0.777
58.72000 8.017
58.74000 7.141
58.76000 6.783
58.78000 2.079
58.80000 7.379
58.82000 3.321
58.84000 -0.147
58.86000 1.356
58.88000 2.926
58.90000 3.857
58.92000 3.732
58.94000 2.686
58.96000 2.601
58.98000 6.718
59.00000 2.807
59.02000 7.415
59.04000 4.025
59.06000 5.697
59.08000 6.850
59.10000 2.773
59.12000 -2.792
59.14000 0.857
59.16000 0.083
59.18000 -0.250
59.20000 6.948
59.22000 4.879
59.24000 2.061
59.26000 2.804
59.28000 5.559
59.30000 5.400
59.32000 4.148
59.34000 6.564
59.36000 2.576
59.38000 6.294
59.40000 8.049
59.42000 3.178
59.44000 4.476
59.46000 3.376
59.48000 2.440
59.50000 6.614
59.52000 1.332
59.54000 1.896
59.56000 3.995
59.58000 2.733
59.60000 0.612
59.62000 0.024
59.64000 -2.329
59.66000 -1.193
59.68000 4.313
59.70000 7.701
59.72000 3.712
59.74000 2.975
59.76000 0.209
59.78000 -1.999
59.80000 -0.421
59.82000 2.170
59.84000 -2.788
59.86000 1.173
59.88000 3.025
59.90000 3.467
59.92000 2.924
59.94000 0.925
59.96000 0.575
59.98000 1.267
60.00000 4.288
60.02000 4.387
60.04000 4.274
60.06000 1.085
60.08000 1.929
60.10000 3.573
60.12000 3.134
60.14000 9.808
60.16000 7.691
60.18000 4.914
60.20000 4.510
60.22000 2.157
60.24000 1.295
60.26000 1.628
60.28000 4.347
60.30000 2.966
60.32000 1.158
60.34000 -0.445
60.36000 5.728
60.38000 4.290
60.40000 2.827
60.42000 2.710
60.44000 -0.013
60.46000 -2.269
60.48000 -0.510
60.50000 0.997
60.52000 0.221
60.54000 3.029
60.56000 -0.984
60.58000 1.825
60.60000 4.219
60.62000 4.082
60.64000 3.148
60.66000 0.631
60.68000 0.018
60.70000 -0.878
60.72000 -1.481
60.74000 1.707
60.76000 5.640
60.78000 7.966
60.80000 8.438
60.82000 4.149
60.84000 1.305
60.86000 0.587
60.88000 7.078
60.90000 10.016
60.92000 7.790
60.94000 7.425
60.96000 5.310
60.98000 1.361
61.00000 -1.418
61.02000 -0.412
61.04000 0.912
61.06000 3.753
61.08000 6.107
61.10000 2.770
61.12000 2.388
61.14000 -2.726
61.16000 4.757
61.18000 6.591
61.20000 2.433
61.22000 1.250
61.24000 1.947
61.26000 5.128
61.28000 0.368
61.30000 -0.269
61.32000 7.600
61.34000 10.663
61.36000 6.712
61.38000 4.662
61.40000 5.326
61.42000 4.214
61.44000 5.166
61.46000 6.539
61.48000 6.731
61.50000 3.542
61.52000 1.477
61.54000 0.811
61.56000 5.305
61.58000 4.812
61.60000 3.312
61.62000 3.991
61.64000 7.468
61.66000 4.852
61.68000 3.939
61.70000 6.049
61.72000 5.369
61.74000 4.442
61.76000 -1.361
61.78000 -2.723
61.80000 2.151
61.82000 4.460
61.84000 3.874
61.86000 5.314
61.88000 5.417
61.90000 5.441
61.92000 0.211
61.94000 4.749
61.96000 8.029
61.98000 8.650
62.00000 6.503
62.02000 5.866
62.04000 4.845
62.06000 0.487
62.08000 -2.714
62.10000 2.724
62.12000 4.547
62.14000 7.128
62.16000 6.461
62.18000 3.281
62.20000 0.056
62.22000 1.137
62.24000 3.051
62.26000 5.903
62.28000 -0.629
62.30000 1.467
62.32000 3.567
62.34000 0.561
62.36000 1.083
62.38000 4.362
62.40000 8.061
62.42000 4.431
62.44000 4.307
62.46000 2.518
62.48000 -1.368
62.50000 -2.174
62.52000 -0.958
62.54000 0.813
62.56000 3.311
62.58000 2.599
62.60000 0.722
62.62000 4.590
62.64000 4.983
62.66000 5.289
62.68000 7.110
62.70000 4.492
62.72000 3.969
62.74000 3.933
62.76000 0.631
62.78000 -1.373
62.80000 -0.004
62.82000 1.010
62.84000 -2.023
62.86000 -1.148
62.88000 1.476
62.90000 2.334
62.92000 5.884
62.94000 4.151
62.96000 2.299
62.98000 3.764
63.00000 -0.005
63.02000 1.064
63.04000 1.781
63.06000 -2.719
63.08000 3.731
63.10000 1.141
63.12000 2.042
63.14000 2.118
63.16000 1.220
63.18000 -0.125
63.20000 2.547
63.22000 2.708
63.24000 -0.778
63.26000 0.590
63.28000 -2.724
63.30000 -2.362
63.32000 -0.080
63.34000 1.054
63.36000 -0.316
63.38000 1.602
63.40000 6.395
63.42000 4.931
63.44000 7.743
63.46000 4.029
63.48000 3.967
63.50000 2.507
63.52000 -0.825
63.54000 2.408
63.56000 1.080
63.58000 3.833
63.60000 5.062
63.62000 3.612
63.64000 2.251
63.66000 -2.727
63.68000 0.488
63.70000 0.694
63.72000 1.018
63.74000 -0.659
63.76000 1.481
63.78000 -2.685
63.80000 0.973
63.82000 1.370
63.84000 5.787
63.86000 3.360
63.88000 2.790
63.90000 4.897
63.92000 3.041
63.94000 1.169
63.96000 -1.909
63.98000 -1.334
64.00000 -0.454
64.02000 2.815
64.04000 -0.036
64.06000 1.165
64.08000 -1.161
64.10000 1.450
64.12000 0.638
64.14000 -0.854
64.16000 1.304
64.18000 3.375
64.20000 1.336
64.22000 5.020
64.24000 3.486
64.26000 1.459
64.28000 1.409
64.30000 0.480
64.32000 0.566
64.34000 -2.725
64.36000 0.464
64.38000 2.946
64.40000 -0.244
64.42000 2.649
64.44000 3.703
64.46000 5.880
64.48000 2.053
64.50000 1.163
64.52000 3.409
64.54000 1.176
64.56000 1.170
64.58000 0.652
64.60000 1.640
64.62000 4.423
64.64000 0.893
64.66000 1.003
64.68000 -0.697
64.70000 3.347
64.72000 7.127
64.74000 2.889
64.76000 1.345
64.78000 5.837
64.80000 3.020
64.82000 2.037
64.84000 -1.133
64.86000 1.707
64.88000 4.878
64.90000 2.061
64.92000 3.397
64.94000 1.219
64.96000 -0.665
64.98000 -1.216
65.00000 -2.717
65.02000 3.444
65.04000 8.899
65.06000 9.212
65.08000 4.383
65.10000 2.020
65.12000 3.702
65.14000 3.638
65.16000 8.481
65.18000 7.686
65.20000 6.188
65.22000 6.596
65.24000 8.063
65.26000 6.385
65.28000 3.418
65.30000 2.683
65.32000 0.967
65.34000 -1.319
65.36000 1.867
65.38000 3.518
65.40000 5.947
65.42000 6.713
65.44000 3.442
65.46000 2.386
65.48000 2.977
65.50000 4.098
65.52000 5.107
65.54000 3.507
65.56000 2.428
65.58000 4.228
65.60000 6.390
65.62000 4.139
65.64000 4.155
65.66000 6.876
65.68000 5.540
65.70000 2.953
65.72000 0.719
65.74000 5.986
65.76000 5.163
65.78000 4.443
65.80000 5.490
65.82000 2.624
65.84000 5.197
65.86000 5.347
65.88000 5.226
65.90000 5.808
65.92000 4.641
65.94000 1.885
65.96000 1.258
65.98000 2.727
66.00000 1.350
66.02000 1.357
66.04000 2.141
66.06000 -2.764
66.08000 -2.493
66.10000 0.519
66.12000 5.423
66.14000 5.517
66.16000 5.973
66.18000 5.011
66.20000 3.593
66.22000 3.071
66.24000 2.479
66.26000 3.588
66.28000 2.720
66.30000 0.358
66.32000 0.691
66.34000 6.256
66.36000 6.011
66.38000 4.122
66.40000 4.801
66.42000 2.196
66.44000 5.218
66.46000 5.828
66.48000 6.722
66.50000 6.202
66.52000 1.222
66.54000 -1.142
66.56000 4.551
66.58000 5.248
66.60000 -1.465
66.62000 2.519
66.64000 6.928
66.66000 4.814
66.68000 4.117
66.70000 1.734
66.72000 2.714
66.74000 5.388
66.76000 2.707
66.78000 4.706
66.80000 3.663
66.82000 1.095
66.84000 3.825
66.86000 3.339
66.88000 4.043
66.90000 7.208
66.92000 4.101
66.94000 2.179
66.96000 8.056
66.98000 9.629
67.00000 9.756
67.02000 8.325
67.04000 8.558
67.06000 6.552
67.08000 7.384
67.10000 7.120
67.12000 7.925
67.14000 5.371
67.16000 6.362
67.18000 9.223
67.20000 7.713
67.22000 9.738
67.24000 8.403
67.26000 7.600
67.28000 9.252
67.30000 10.708
67.32000 12.121
67.34000 10.681
67.36000 15.011
67.38000 10.906
67.40000 7.723
67.42000 6.654
67.44000 7.648
67.46000 10.362
67.48000 14.623
67.50000 14.253
67.52000 16.079
67.54000 17.456
67.56000 16.764
67.58000 14.674
67.60000 13.543
67.62000 12.441
67.64000 15.792
67.66000 18.485
67.68000 13.451
67.70000 14.603
67.72000 16.869
67.74000 19.627
67.76000 19.576
67.78000 22.632
67.80000 18.064
67.82000 16.214
67.84000 18.164
67.86000 19.563
67.88000 15.560
67.90000 15.217
67.92000 19.260
67.94000 25.568
67.96000 25.900
67.98000 21.563
68.00000 21.678
68.02000 24.934
68.04000 22.944
68.06000 23.919
68.08000 24.408
68.10000 24.482
68.12000 30.889
68.14000 27.098
68.16000 25.975
68.18000 28.416
68.20000 27.552
68.22000 28.335
68.24000 31.425
68.26000 29.985
68.28000 30.105
68.30000 31.172
68.32000 30.592
68.34000 29.994
68.36000 28.342
68.38000 25.246
68.40000 23.427
68.42000 23.752
68.44000 28.420
68.46000 26.513
68.48000 21.843
68.50000 22.094
68.52000 26.096
68.54000 22.581
68.56000 22.371
68.58000 22.829
68.60000 23.190
68.62000 29.983
68.64000 25.031
68.66000 24.663
68.68000 22.427
68.70000 20.816
68.72000 22.978
68.74000 22.512
68.76000 19.539
68.78000 22.304
68.80000 19.947
68.82000 17.967
68.84000 23.433
68.86000 23.230
68.88000 22.185
68.90000 21.318
68.92000 21.039
68.94000 14.693
68.96000 11.024
68.98000 10.374
69.00000 17.356
69.02000 18.063
69.04000 16.063
69.06000 16.538
69.08000 12.782
69.10000 14.030
69.12000 8.974
69.14000 10.664
69.16000 8.492
69.18000 14.918
69.20000 16.727
69.22000 12.775
69.24000 16.391
69.26000 11.378
69.28000 5.667
69.30000 10.458
69.32000 8.235
69.34000 6.578
69.36000 8.955
69.38000 7.929
69.40000 5.008
69.42000 2.415
69.44000 1.484
69.46000 6.898
69.48000 4.320
69.50000 -1.062
69.52000 -2.079
69.54000 1.522
69.56000 3.086
69.58000 2.215
69.60000 5.767
69.62000 0.380
69.64000 -2.034
69.66000 0.911
69.68000 1.020
69.70000 5.751
69.72000 2.431
69.74000 7.863
69.76000 4.452
69.78000 4.019
69.80000 -1.448
69.82000 -2.191
69.84000 -0.395
69.86000 -0.988
69.88000 1.491
69.90000 2.735
69.92000 0.669
69.94000 -2.735
69.96000 1.633
69.98000 0.026
70.00000 0.130
70.02000 0.932
70.04000 6.508
70.06000 8.932
70.08000 5.465
70.10000 3.465
70.12000 2.191
70.14000 -1.356
70.16000 -2.703
70.18000 -0.474
70.20000 2.295
70.22000 3.604
70.24000 -0.476
70.26000 1.612
70.28000 -2.467
70.30000 -0.022
70.32000 0.356
70.34000 1.600
70.36000 0.330
70.38000 4.993
70.40000 6.415
70.42000 1.033
70.44000 2.946
70.46000 -0.845
70.48000 -2.657
70.50000 0.258
70.52000 3.739
70.54000 3.129
70.56000 -0.308
70.58000 -0.267
70.60000 4.752
70.62000 3.428
70.64000 -1.101
70.66000 1.172
70.68000 2.717
70.70000 2.174
70.72000 -0.071
70.74000 3.413
70.76000 6.050
70.78000 6.344
70.80000 1.238
70.82000 -0.610
70.84000 -1.837
70.86000 -0.840
70.88000 1.297
70.90000 2.697
70.92000 0.588
70.94000 -0.846
70.96000 0.990
70.98000 -0.783
71.00000 0.827
71.02000 -1.653
71.04000 -2.611
71.06000 -2.182
71.08000 1.558
71.10000 5.239
71.12000 1.082
71.14000 -0.900
71.16000 7.535
71.18000 8.872
71.20000 6.631
71.22000 4.459
71.24000 3.220
71.26000 2.716
71.28000 -0.484
71.30000 4.567
71.32000 4.591
71.34000 0.440
71.36000 1.633
71.38000 2.549
71.40000 4.969
71.42000 5.392
71.44000 6.760
71.46000 -1.942
71.48000 -1.946
71.50000 2.071
71.52000 2.216
71.54000 2.354
71.56000 0.615
71.58000 4.038
71.60000 2.388
71.62000 -1.822
71.64000 -2.240
71.66000 0.130
71.68000 7.070
71.70000 2.985
71.72000 0.665
71.74000 -0.471
71.76000 0.571
71.78000 1.811
71.80000 -0.036
71.82000 7.240
71.84000 6.713
71.86000 3.186
71.88000 2.302
71.90000 4.824
71.92000 0.673
71.94000 -2.571
71.96000 5.799
71.98000 8.180
72.00000 8.178
72.02000 9.627
72.04000 10.738
72.06000 5.233
72.08000 5.364
72.10000 -0.304
72.12000 2.136
72.14000 0.880
72.16000 0.884
72.18000 7.488
72.20000 10.027
72.22000 1.844
72.24000 -0.964
72.26000 1.548
72.28000 3.712
72.30000 4.869
72.32000 8.436
72.34000 8.491
72.36000 1.856
72.38000 -0.675
72.40000 0.999
72.42000 -1.471
72.44000 0.916
72.46000 -1.866
72.48000 -0.667
72.50000 0.548
72.52000 5.949
72.54000 9.821
72.56000 7.088
72.58000 4.404
72.60000 4.553
72.62000 9.172
72.64000 8.435
72.66000 4.492
72.68000 -2.524
72.70000 1.147
72.72000 1.523
72.74000 4.429
72.76000 5.389
72.78000 5.995
72.80000 5.658
72.82000 -0.026
72.84000 -1.259
72.86000 5.205
72.88000 3.972
72.90000 -0.851
72.92000 -0.701
72.94000 -0.820
72.96000 5.794
72.98000 7.084
73.00000 6.174
73.02000 0.865
73.04000 2.479
73.06000 1.623
73.08000 2.108
73.10000 6.066
73.12000 1.262
73.14000 2.143
73.16000 2.716
73.18000 7.087
73.20000 3.578
73.22000 -2.383
73.24000 -1.824
73.26000 3.541
73.28000 6.485
73.30000 0.628
73.32000 -1.168
73.34000 -2.541
73.36000 -2.358
73.38000 3.641
73.40000 6.988
73.42000 1.897
73.44000 3.571
73.46000 -0.797
73.48000 1.323
73.50000 1.968
73.52000 0.659
73.54000 -1.497
73.56000 -0.914
73.58000 1.691
73.60000 -0.657
73.62000 1.240
73.64000 -0.536
73.66000 -0.274
73.68000 1.004
73.70000 0.668
73.72000 1.771
73.74000 5.486
73.76000 7.313
73.78000 3.955
73.80000 -0.921
73.82000 -1.225
73.84000 -2.301
73.86000 4.894
73.88000 5.638
73.90000 2.980
73.92000 2.950
73.94000 -2.534
73.96000 1.346
73.98000 3.029
74.00000 6.580
74.02000 8.615
74.04000 5.089
74.06000 2.292
74.08000 1.483
74.10000 0.831
74.12000 2.279
74.14000 -2.473
74.16000 0.436
74.18000 -2.380
74.20000 0.762
74.22000 1.818
74.24000 1.907
74.26000 5.579
74.28000 7.996
74.30000 3.246
74.32000 6.954
74.34000 4.077
74.36000 2.364
74.38000 0.204
74.40000 -2.531
74.42000 5.073
74.44000 3.822
74.46000 5.390
74.48000 5.581
74.50000 2.886
74.52000 1.906
74.54000 1.410
74.56000 -0.398
74.58000 3.033
74.60000 -0.978
74.62000 4.887
74.64000 5.330
74.66000 2.588
74.68000 5.191
74.70000 5.806
74.72000 8.795
74.74000 7.631
74.76000 5.985
74.78000 4.872
74.80000 -2.527
74.82000 0.255
74.84000 5.733
74.86000 3.688
74.88000 1.392
74.90000 8.203
74.92000 10.128
74.94000 8.522
74.96000 5.766
74.98000 5.470
75.00000 2.871
75.02000 2.891
75.04000 5.197
75.06000 3.256
75.08000 2.050
75.10000 1.424
75.12000 -1.644
75.14000 0.273
75.16000 4.809
75.18000 6.756
75.20000 6.693
75.22000 8.230
75.24000 4.916
75.26000 1.021
75.28000 3.740
75.30000 4.218
75.32000 2.455
75.34000 5.350
75.36000 11.492
75.38000 7.028
75.40000 8.612
75.42000 6.409
75.44000 0.996
75.46000 2.695
75.48000 3.963
75.50000 2.941
75.52000 5.122
75.54000 1.509
75.56000 -2.493
75.58000 2.329
75.60000 3.897
75.62000 5.584
75.64000 6.422
75.66000 0.428
75.68000 3.929
75.70000 4.375
75.72000 6.729
75.74000 8.933
75.76000 9.820
75.78000 9.198
75.80000 -0.708
75.82000 0.955
75.84000 -0.915
75.86000 4.245
75.88000 9.697
75.90000 5.150
75.92000 4.748
75.94000 2.639
75.96000 6.570
75.98000 6.899
76.00000 -0.519
76.02000 0.723
76.04000 5.851
76.06000 6.940
76.08000 6.439
76.10000 2.356
76.12000 6.322
76.14000 6.430
76.16000 9.075
76.18000 5.606
76.20000 7.392
76.22000 10.203
76.24000 12.625
76.26000 8.575
76.28000 4.030
76.30000 1.046
76.32000 2.802
76.34000 5.388
76.36000 3.344
76.38000 6.853
76.40000 4.325
76.42000 1.216
76.44000 1.596
76.46000 4.840
76.48000 1.690
76.50000 -0.478
76.52000 3.520
76.54000 2.644
76.56000 -2.481
76.58000 3.006
76.60000 4.702
76.62000 7.460
76.64000 7.459
76.66000 7.058
76.68000 5.105
76.70000 3.160
76.72000 1.501
76.74000 1.159
76.76000 3.023
76.78000 5.089
76.80000 6.778
76.82000 7.287
76.84000 9.338
76.86000 10.443
76.88000 6.007
76.90000 4.202
76.92000 7.330
76.94000 8.820
76.96000 7.912
76.98000 4.783
77.00000 1.939
77.02000 3.210
77.04000 6.353
77.06000 9.133
77.08000 8.662
77.10000 7.330
77.12000 8.055
77.14000 9.706
77.16000 6.356
77.18000 3.422
77.20000 3.049
77.22000 -2.246
77.24000 -2.516
77.26000 0.148
77.28000 2.335
77.30000 6.231
77.32000 10.080
77.34000 9.736
77.36000 3.753
77.38000 1.755
77.40000 2.546
77.42000 1.963
77.44000 3.875
77.46000 6.775
77.48000 4.851
77.50000 4.761
77.52000 7.037
77.54000 8.072
77.56000 8.644
77.58000 4.735
77.60000 5.579
77.62000 6.923
77.64000 6.370
77.66000 7.118
77.68000 8.022
77.70000 4.473
77.72000 1.752
77.74000 2.788
77.76000 1.981
77.78000 3.554
77.80000 3.742
77.82000 5.480
77.84000 4.367
77.86000 2.163
77.88000 7.002
77.90000 7.373
77.92000 1.209
77.94000 3.526
77.96000 5.344
77.98000 9.996
78.00000 13.376
78.02000 12.749
78.04000 4.329
78.06000 3.224
78.08000 5.793
78.10000 1.815
78.12000 -1.295
78.14000 -2.529
78.16000 0.219
78.18000 7.999
78.20000 8.593
78.22000 -0.157
78.24000 -0.879
78.26000 0.618
78.28000 0.439
78.30000 2.063
78.32000 -1.140
78.34000 2.011
78.36000 2.132
78.38000 -1.601
78.40000 0.974
78.42000 5.833
78.44000 3.658
78.46000 4.129
78.48000 5.510
78.50000 -0.034
78.52000 0.427
78.54000 1.715
78.56000 2.855
78.58000 3.693
78.60000 0.307
78.62000 1.500
78.64000 7.045
78.66000 7.203
78.68000 7.082
78.70000 7.632
78.72000 2.462
78.74000 5.341
78.76000 9.548
78.78000 4.246
78.80000 1.650
78.82000 -1.172
78.84000 1.999
78.86000 0.719
78.88000 4.501
78.90000 9.377
78.92000 6.419
78.94000 0.851
78.96000 2.300
78.98000 2.825
79.00000 4.805
79.02000 6.914
79.04000 3.844
79.06000 4.122
79.08000 4.181
79.10000 -0.288
79.12000 0.156
79.14000 2.714
79.16000 7.692
79.18000 7.747
79.20000 6.112
79.22000 10.957
79.24000 7.072
79.26000 2.410
79.28000 1.814
79.30000 1.983
79.32000 5.760
79.34000 4.193
79.36000 -0.420
79.38000 1.477
79.40000 2.299
79.42000 -1.530
79.44000 -1.879
79.46000 1.952
79.48000 -1.492
79.50000 -2.636
79.52000 -0.518
79.54000 0.113
79.56000 5.093
79.58000 6.363
79.60000 4.692
79.62000 0.584
79.64000 0.411
79.66000 5.580
79.68000 4.409
79.70000 3.724
79.72000 7.112
79.74000 4.508
79.76000 1.417
79.78000 1.044
79.80000 7.833
79.82000 5.965
79.84000 -0.123
79.86000 0.380
79.88000 -0.475
79.90000 1.094
79.92000 4.551
79.94000 4.707
79.96000 2.491
79.98000 1.555
80.00000 2.734
80.02000 6.142
80.04000 7.499
80.06000 8.639
80.08000 2.937
80.10000 1.559
80.12000 6.412
80.14000 14.704
80.16000 2.373
80.18000 0.919
80.20000 5.460
80.22000 11.670
80.24000 6.541
80.26000 5.884
80.28000 -2.676
80.30000 -2.553
80.32000 1.642
80.34000 3.384
80.36000 0.616
80.38000 5.010
80.40000 4.468
80.42000 6.048
80.44000 3.846
80.46000 1.229
80.48000 4.199
80.50000 5.193
80.52000 4.927
80.54000 2.608
80.56000 2.350
80.58000 2.713
80.60000 7.648
80.62000 6.685
80.64000 4.949
80.66000 3.642
80.68000 2.784
80.70000 7.627
80.72000 6.553
80.74000 7.265
80.76000 5.921
80.78000 7.647
80.80000 3.432
80.82000 7.248
80.84000 2.423
80.86000 6.570
80.88000 8.317
80.90000 7.284
80.92000 4.686
80.94000 8.683
80.96000 15.132
80.98000 9.540
81.00000 7.421
81.02000 8.692
81.04000 10.815
81.06000 10.606
81.08000 9.439
81.10000 8.926
81.12000 7.107
81.14000 4.896
81.16000 8.850
81.18000 11.115
81.20000 4.965
81.22000 6.878
81.24000 11.115
81.26000 15.753
81.28000 14.236
81.30000 9.659
81.32000 15.161
81.34000 14.483
81.36000 17.568
81.38000 20.881
81.40000 10.062
81.42000 13.151
81.44000 8.151
81.46000 10.062
81.48000 13.935
81.50000 16.479
81.52000 12.473
81.54000 9.059
81.56000 14.719
81.58000 11.680
81.60000 8.182
81.62000 13.444
81.64000 14.703
81.66000 13.411
81.68000 10.988
81.70000 16.937
81.72000 20.262
81.74000 15.520
81.76000 19.418
81.78000 18.828
81.80000 13.126
81.82000 12.372
81.84000 16.623
81.86000 21.652
81.88000 21.099
81.90000 22.298
81.92000 15.559
81.94000 16.613
81.96000 17.709
81.98000 21.975
82.00000 21.622
82.02000 19.561
82.04000 22.838
82.06000 20.979
82.08000 20.230
82.10000 23.564
82.12000 28.039
82.14000 24.070
82.16000 22.833
82.18000 25.528
82.20000 25.494
82.22000 20.313
82.24000 17.954
82.26000 19.767
82.28000 23.657
82.30000 25.979
82.32000 24.097
82.34000 26.101
82.36000 25.094
82.38000 27.813
82.40000 26.110
82.42000 22.116
82.44000 24.781
82.46000 26.876
82.48000 28.287
82.50000 22.994
82.52000 22.934
82.54000 32.394
82.56000 24.262
82.58000 21.283
82.60000 27.547
82.62000 26.334
82.64000 25.142
82.66000 28.809
82.68000 25.660
82.70000 26.207
82.72000 23.856
82.74000 27.016
82.76000 29.133
82.78000 26.372
82.80000 23.728
82.82000 32.152
82.84000 28.312
82.86000 31.693
82.88000 28.960
82.90000 26.443
82.92000 23.433
82.94000 24.465
82.96000 23.603
82.98000 29.258
83.00000 25.215
83.02000 21.891
83.04000 25.689
83.06000 20.346
83.08000 15.553
83.10000 17.486
83.12000 17.274
83.14000 14.529
83.16000 17.653
83.18000 21.100
83.20000 20.238
83.22000 21.493
83.24000 18.943
83.26000 15.041
83.28000 15.287
83.30000 21.411
83.32000 24.173
83.34000 24.499
83.36000 21.646
83.38000 16.431
83.40000 12.030
83.42000 11.578
83.44000 11.427
83.46000 13.925
83.48000 15.598
83.50000 14.120
83.52000 12.436
83.54000 13.515
83.56000 14.680
83.58000 11.837
83.60000 14.175
83.62000 12.694
83.64000 14.480
83.66000 12.315
83.68000 9.089
83.70000 9.507
83.72000 12.376
83.74000 18.095
83.76000 9.003
83.78000 5.928
83.80000 4.637
83.82000 10.557
83.84000 6.261
83.86000 8.534
83.88000 10.611
83.90000 8.527
83.92000 10.006
83.94000 9.859
83.96000 5.479
83.98000 12.434
84.00000 9.200
84.02000 5.733
84.04000 8.634
84.06000 7.170
84.08000 4.296
84.10000 4.884
84.12000 8.904
84.14000 4.272
84.16000 2.427
84.18000 6.617
84.20000 8.314
84.22000 4.328
84.24000 1.435
84.26000 1.116
84.28000 0.183
84.30000 1.941
84.32000 3.685
84.34000 2.894
84.36000 -2.703
84.38000 -0.741
84.40000 4.311
84.42000 8.810
84.44000 1.466
84.46000 -2.047
84.48000 4.921
84.50000 4.658
84.52000 7.120
84.54000 4.166
84.56000 2.173
84.58000 5.526
84.60000 5.595
84.62000 7.441
84.64000 6.869
84.66000 0.383
84.68000 -0.267
84.70000 2.147
84.72000 -0.215
84.74000 4.549
84.76000 3.255
84.78000 2.794
84.80000 2.466
84.82000 0.352
84.84000 3.961
84.86000 8.693
84.88000 6.070
84.90000 9.436
84.92000 5.008
84.94000 6.270
84.96000 7.732
84.98000 3.867
85.00000 1.743
85.02000 5.413
85.04000 -2.426
85.06000 2.091
85.08000 9.058
85.10000 3.088
85.12000 -0.696
85.14000 0.585
85.16000 4.456
85.18000 2.762
85.20000 4.395
85.22000 5.326
85.24000 4.500
85.26000 2.803
85.28000 3.439
85.30000 7.028
85.32000 6.220
85.34000 4.886
85.36000 6.492
85.38000 7.310
85.40000 15.315
85.42000 8.429
85.44000 9.576
85.46000 6.085
85.48000 -0.447
85.50000 -2.646
85.52000 6.550
85.54000 7.707
85.56000 6.123
85.58000 5.242
85.60000 6.576
85.62000 8.329
85.64000 6.612
85.66000 7.528
85.68000 9.468
85.70000 6.692
85.72000 10.656
85.74000 11.493
85.76000 9.984
85.78000 3.737
85.80000 3.532
85.82000 11.530
85.84000 15.536
85.86000 12.517
85.88000 14.981
85.90000 11.577
85.92000 15.676
85.94000 17.549
85.96000 16.274
85.98000 10.962
86.00000 12.346
86.02000 16.387
86.04000 20.464
86.06000 17.453
86.08000 18.160
86.10000 14.922
86.12000 18.177
86.14000 21.743
86.16000 18.565
86.18000 19.651
86.20000 19.560
86.22000 21.376
86.24000 20.028
86.26000 20.526
86.28000 23.988
86.30000 27.198
86.32000 28.496
86.34000 25.224
86.36000 27.120
86.38000 28.644
86.40000 26.215
86.42000 26.923
86.44000 25.840
86.46000 30.205
86.48000 32.297
86.50000 27.431
86.52000 33.006
86.54000 32.954
86.56000 34.227
86.58000 36.483
86.60000 42.282
86.62000 41.009
86.64000 43.329
86.66000 39.256
86.68000 43.169
86.70000 36.136
86.72000 35.242
86.74000 34.360
86.76000 36.862
86.78000 40.581
86.80000 40.407
86.82000 41.547
86.84000 41.109
86.86000 37.780
86.88000 39.484
86.90000 39.209
86.92000 41.699
86.94000 40.877
86.96000 40.931
86.98000 44.762
87.00000 42.030
87.02000 38.574
87.04000 35.841
87.06000 36.111
87.08000 41.099
87.10000 32.050
87.12000 30.612
87.14000 42.547
87.16000 46.555
87.18000 42.484
87.20000 36.279
87.22000 33.602
87.24000 41.536
87.26000 47.277
87.28000 41.024
87.30000 42.569
87.32000 37.762
87.34000 35.407
87.36000 35.585
87.38000 29.641
87.40000 31.244
87.42000 32.343
87.44000 33.371
87.46000 33.482
87.48000 31.794
87.50000 30.519
87.52000 27.965
87.54000 26.712
87.56000 24.785
87.58000 27.818
87.60000 26.619
87.62000 19.079
87.64000 22.977
87.66000 27.533
87.68000 27.210
87.70000 20.005
87.72000 18.438
87.74000 18.638
87.76000 18.338
87.78000 21.970
87.80000 20.477
87.82000 20.745
87.84000 23.098
87.86000 18.180
87.88000 15.921
87.90000 15.898
87.92000 18.096
87.94000 19.095
87.96000 18.951
87.98000 16.442
88.00000 12.236
88.02000 6.808
88.04000 6.137
88.06000 7.585
88.08000 13.286
88.10000 14.582
88.12000 6.925
88.14000 12.884
88.16000 12.116
88.18000 8.009
88.20000 7.904
88.22000 6.731
88.24000 5.991
88.26000 6.342
88.28000 6.138
88.30000 12.150
88.32000 11.688
88.34000 7.430
88.36000 6.092
88.38000 12.487
88.40000 4.638
88.42000 0.182
88.44000 4.971
88.46000 6.780
88.48000 5.038
88.50000 7.105
88.52000 10.112
88.54000 6.455
88.56000 8.410
88.58000 10.390
88.60000 2.661
88.62000 -0.892
88.64000 -2.193
88.66000 -0.884
88.68000 2.681
88.70000 5.042
88.72000 8.888
88.74000 8.347
88.76000 5.995
88.78000 3.098
88.80000 0.448
88.82000 2.944
88.84000 8.259
88.86000 9.670
88.88000 9.951
88.90000 2.158
88.92000 2.812
88.94000 5.777
88.96000 6.131
88.98000 6.751
89.00000 3.262
89.02000 3.151
89.04000 5.911
89.06000 2.392
89.08000 -1.167
89.10000 -1.413
89.12000 -2.407
89.14000 2.226
89.16000 7.648
89.18000 5.531
89.20000 1.968
89.22000 2.480
89.24000 7.504
89.26000 3.062
89.28000 1.688
89.30000 3.626
89.32000 7.884
89.34000 9.836
89.36000 3.937
89.38000 -0.566
89.40000 1.504
89.42000 5.855
89.44000 4.505
89.46000 3.271
89.48000 2.029
89.50000 5.203
89.52000 9.874
89.54000 9.976
89.56000 -0.050
89.58000 -0.417
89.60000 3.663
89.62000 9.327
89.64000 1.902
89.66000 4.075
89.68000 3.992
89.70000 4.081
89.72000 4.566
89.74000 2.190
89.76000 1.202
89.78000 6.830
89.80000 3.646
89.82000 3.863
89.84000 2.675
89.86000 4.815
89.88000 0.053
89.90000 2.686
89.92000 4.288
89.94000 3.358
89.96000 0.746
89.98000 -0.480
90.00000 2.101
90.02000 5.928
90.04000 5.924
90.06000 3.842
90.08000 6.023
90.10000 5.532
90.12000 4.230
90.14000 1.192
90.16000 0.734
90.18000 0.550
90.20000 5.082
90.22000 5.293
90.24000 4.264
90.26000 2.163
90.28000 1.353
90.30000 2.737
90.32000 -0.504
90.34000 -2.247
90.36000 4.924
90.38000 5.710
90.40000 3.168
90.42000 7.900
90.44000 9.258
90.46000 3.189
90.48000 0.992
90.50000 0.106
90.52000 0.175
90.54000 5.982
90.56000 6.426
90.58000 5.170
90.60000 1.446
90.62000 4.835
90.64000 0.163
90.66000 -0.734
90.68000 -2.156
90.70000 -0.031
90.72000 5.162
90.74000 4.622
90.76000 10.674
90.78000 14.025
90.80000 9.585
90.82000 4.208
90.84000 3.587
90.86000 3.835
90.88000 -2.337
90.90000 0.358
90.92000 4.963
90.94000 4.130
90.96000 3.998
90.98000 5.476
91.00000 3.930
91.02000 0.933
91.04000 6.643
91.06000 7.791
91.08000 6.639
91.10000 5.499
91.12000 6.712
91.14000 4.715
91.16000 -0.029
91.18000 5.075
91.20000 0.653
91.22000 2.232
91.24000 4.207
91.26000 5.936
91.28000 3.997
91.30000 1.246
91.32000 -1.242
91.34000 1.635
91.36000 6.666
91.38000 5.821
91.40000 6.251
91.42000 5.586
91.44000 11.259
91.46000 9.621
91.48000 5.276
91.50000 1.868
91.52000 0.444
91.54000 0.685
91.56000 5.760
91.58000 4.100
91.60000 7.269
91.62000 2.618
91.64000 4.233
91.66000 6.647
91.68000 5.665
91.70000 0.504
91.72000 2.938
91.74000 3.785
91.76000 0.583
91.78000 3.754
91.80000 -2.395
91.82000 0.681
91.84000 3.909
91.86000 8.255
91.88000 6.117
91.90000 2.034
91.92000 1.231
91.94000 -2.364
91.96000 2.680
91.98000 3.801
92.00000 4.454
92.02000 0.451
92.04000 0.243
92.06000 8.203
92.08000 8.046
92.10000 1.888
92.12000 0.315
92.14000 0.986
92.16000 1.327
92.18000 1.380
92.20000 5.292
92.22000 6.735
92.24000 3.120
92.26000 3.820
92.28000 3.472
92.30000 2.026
92.32000 3.302
92.34000 2.366
92.36000 -0.028
92.38000 7.452
92.40000 4.223
92.42000 -0.107
92.44000 -1.377
92.46000 1.500
92.48000 -0.782
92.50000 -2.345
92.52000 0.872
92.54000 6.825
92.56000 12.171
92.58000 5.024
92.60000 3.364
92.62000 2.468
92.64000 0.639
92.66000 0.761
92.68000 -1.919
92.70000 -0.310
92.72000 4.282
92.74000 5.491
92.76000 6.687
92.78000 2.814
92.80000 0.075
92.82000 3.699
92.84000 1.325
92.86000 0.937
92.88000 6.705
92.90000 3.576
92.92000 4.017
92.94000 2.044
92.96000 1.536
92.98000 6.574
93.00000 6.519
93.02000 0.286
93.04000 1.632
93.06000 -0.510
93.08000 -2.373
93.10000 0.982
93.12000 5.635
93.14000 5.033
93.16000 3.484
93.18000 6.500
93.20000 3.402
93.22000 -0.986
93.24000 1.409
93.26000 5.712
93.28000 2.511
93.30000 -2.367
93.32000 4.030
93.34000 5.306
93.36000 11.026
93.38000 5.092
93.40000 0.057
93.42000 6.719
93.44000 3.335
93.46000 3.842
93.48000 4.535
93.50000 5.763
93.52000 2.836
93.54000 -0.847
93.56000 4.478
93.58000 8.026
93.60000 4.321
93.62000 0.947
93.64000 2.187
93.66000 5.295
93.68000 6.789
93.70000 5.283
93.72000 10.346
93.74000 7.213
93.76000 4.658
93.78000 5.388
93.80000 5.521
93.82000 3.332
93.84000 2.780
93.86000 5.340
93.88000 3.585
93.90000 2.663
93.92000 6.055
93.94000 5.152
93.96000 10.155
93.98000 7.449
94.00000 3.611
94.02000 6.096
94.04000 15.789
94.06000 8.890
94.08000 2.861
94.10000 3.486
94.12000 0.230
94.14000 2.296
94.16000 7.198
94.18000 7.145
94.20000 3.114
94.22000 7.661
94.24000 4.866
94.26000 0.860
94.28000 2.049
94.30000 6.355
94.32000 6.749
94.34000 10.340
94.36000 9.484
94.38000 4.414
94.40000 4.071
94.42000 4.895
94.44000 5.059
94.46000 3.228
94.48000 5.581
94.50000 7.927
94.52000 8.868
94.54000 10.462
94.56000 2.384
94.58000 -2.368
94.60000 -1.807
94.62000 3.142
94.64000 9.127
94.66000 7.178
94.68000 0.711
94.70000 1.994
94.72000 5.868
94.74000 9.016
94.76000 9.427
94.78000 7.524
94.80000 8.779
94.82000 5.652
94.84000 -1.503
94.86000 2.917
94.88000 2.901
94.90000 5.467
94.92000 5.978
94.94000 8.530
94.96000 1.031
94.98000 3.076
95.00000 1.306
95.02000 6.252
95.04000 7.675
95.06000 11.601
95.08000 2.357
95.10000 2.557
95.12000 6.590
95.14000 8.388
95.16000 8.841
95.18000 13.655
95.20000 11.782
95.22000 10.120
95.24000 5.332
95.26000 10.835
95.28000 2.344
95.30000 9.355
95.32000 13.094
95.34000 5.493
95.36000 4.530
95.38000 6.692
95.40000 4.929
95.42000 2.247
95.44000 -2.396
95.46000 -2.276
95.48000 6.431
95.50000 8.704
95.52000 2.369
95.54000 -1.133
95.56000 1.277
95.58000 5.134
95.60000 0.817
95.62000 5.204
95.64000 2.644
95.66000 -1.980
95.68000 -2.394
95.70000 -0.642
95.72000 3.394
95.74000 1.954
95.76000 -0.512
95.78000 0.472
95.80000 2.580
95.82000 0.338
95.84000 7.195
95.86000 11.201
95.88000 8.414
95.90000 0.098
95.92000 3.054
95.94000 9.203
95.96000 12.684
95.98000 12.234
96.00000 9.066
96.02000 8.569
96.04000 13.399
96.06000 13.619
96.08000 10.323
96.10000 4.669
96.12000 3.988
96.14000 5.470
96.16000 7.044
96.18000 4.530
96.20000 6.297
96.22000 13.724
96.24000 8.026
96.26000 3.704
96.28000 5.338
96.30000 8.803
96.32000 6.953
96.34000 6.268
96.36000 8.158
96.38000 11.415
96.40000 11.662
96.42000 6.373
96.44000 4.976
96.46000 2.102
96.48000 -2.362
96.50000 -0.672
96.52000 2.722
96.54000 0.128
96.56000 1.139
96.58000 -0.430
96.60000 3.579
96.62000 9.465
96.64000 7.620
96.66000 4.244
96.68000 3.647
96.70000 3.278
96.72000 6.904
96.74000 6.312
96.76000 6.380
96.78000 5.658
96.80000 8.770
96.82000 9.888
96.84000 8.197
96.86000 5.264
96.88000 4.810
96.90000 10.839
96.92000 14.042
96.94000 8.673
96.96000 5.099
96.98000 7.299
97.00000 3.220
97.02000 2.086
97.04000 3.229
97.06000 3.363
97.08000 8.575
97.10000 8.435
97.12000 6.544
97.14000 2.974
97.16000 7.822
97.18000 10.827
97.20000 4.440
97.22000 5.008
97.24000 12.342
97.26000 10.916
97.28000 7.025
97.30000 7.720
97.32000 8.892
97.34000 3.461
97.36000 4.845
97.38000 10.370
97.40000 5.749
97.42000 -0.979
97.44000 5.272
97.46000 5.050
97.48000 5.191
97.50000 12.073
97.52000 7.787
97.54000 2.533
97.56000 13.899
97.58000 12.269
97.60000 3.555
97.62000 -2.385
97.64000 4.450
97.66000 3.129
97.68000 1.685
97.70000 1.265
97.72000 3.199
97.74000 5.209
97.76000 6.686
97.78000 3.309
97.80000 2.352
97.82000 7.121
97.84000 11.075
97.86000 9.258
97.88000 5.510
97.90000 6.668
97.92000 16.736
97.94000 9.148
97.96000 11.455
97.98000 7.521
98.00000 10.651
98.02000 6.660
98.04000 6.407
98.06000 -0.089
98.08000 -0.884
98.10000 2.217
98.12000 8.962
98.14000 13.756
98.16000 8.906
98.18000 7.864
98.20000 6.961
98.22000 4.489
98.24000 2.604
98.26000 -1.149
98.28000 7.671
98.30000 7.583
98.32000 4.655
98.34000 4.156
98.36000 5.689
98.38000 0.965
98.40000 0.707
98.42000 5.673
98.44000 6.458
98.46000 -0.290
98.48000 -2.360
98.50000 7.838
98.52000 12.491
98.54000 12.549
98.56000 10.127
98.58000 2.154
98.60000 3.857
98.62000 10.287
98.64000 10.425
98.66000 13.655
98.68000 14.031
98.70000 9.808
98.72000 9.513
98.74000 9.929
98.76000 3.167
98.78000 3.154
98.80000 13.473
98.82000 13.245
98.84000 0.604
98.86000 -2.333
98.88000 4.480
98.90000 3.814
98.92000 7.575
98.94000 9.788
98.96000 11.300
98.98000 4.008
99.00000 -2.329
99.02000 5.923
99.04000 11.146
99.06000 5.881
99.08000 10.686
99.10000 11.102
99.12000 7.160
99.14000 5.000
99.16000 15.627
99.18000 12.294
99.20000 2.982
99.22000 2.705
99.24000 8.820
99.26000 14.463
99.28000 2.396
99.30000 4.199
99.32000 8.702
99.34000 5.912
99.36000 7.497
99.38000 9.943
99.40000 3.242
99.42000 7.375
99.44000 21.741
99.46000 31.107
99.48000 14.670
99.50000 12.866
99.52000 4.899
99.54000 7.880
99.56000 5.136
99.58000 1.226
99.60000 6.033
99.62000 8.907
99.64000 14.412
99.66000 7.709
99.68000 3.529
99.70000 -2.343
99.72000 0.963
99.74000 8.075
99.76000 7.779
99.78000 -4.210
99.80000 4.321
99.82000 3.415
99.84000 -1.725
99.86000 1.360
99.88000 3.061
99.90000 4.757
99.92000 -0.703
99.94000 3.567
99.96000 -2.592
99.98000 0.000
