'Id: "0011387" Comment: "Integrate frame 0011387_Au-Ir-Rh_Rh-rich_XRD-Mapping-013-0000.gfrmwith cursor Wedge Cursor #5" Operator: "B?rgel" Anode: "Cu" Wavelength: "1.5406" Scantype: "2Theta (TwoTheta)" TimePerStep: "1" X: "-18" Y: "-36" Z: "5.95" 
10.00000 0.000
10.02000 -4.768
10.04000 9.124
10.06000 21.433
10.08000 19.719
10.10000 16.948
10.12000 18.347
10.14000 33.212
10.16000 25.500
10.18000 18.658
10.20000 19.024
10.22000 16.930
10.24000 8.528
10.26000 11.747
10.28000 21.028
10.30000 19.538
10.32000 24.886
10.34000 17.940
10.36000 10.667
10.38000 21.516
10.40000 10.383
10.42000 15.558
10.44000 29.948
10.46000 25.028
10.48000 23.829
10.50000 30.172
10.52000 12.688
10.54000 18.848
10.56000 10.639
10.58000 -4.709
10.60000 8.386
10.62000 13.376
10.64000 21.840
10.66000 11.498
10.68000 6.875
10.70000 -4.707
10.72000 0.587
10.74000 9.318
10.76000 22.488
10.78000 27.263
10.80000 12.127
10.82000 17.560
10.84000 9.475
10.86000 9.956
10.88000 4.163
10.90000 8.100
10.92000 28.692
10.94000 35.271
10.96000 29.256
10.98000 17.913
11.00000 16.427
11.02000 25.218
11.04000 17.504
11.06000 33.336
11.08000 30.490
11.10000 15.674
11.12000 7.693
11.14000 15.195
11.16000 5.308
11.18000 -1.335
11.20000 4.165
11.22000 3.157
11.24000 15.365
11.26000 25.234
11.28000 18.652
11.30000 9.743
11.32000 9.508
11.34000 5.642
11.36000 9.479
11.38000 14.865
11.40000 15.686
11.42000 14.199
11.44000 18.036
11.46000 16.546
11.48000 7.734
11.50000 26.642
11.52000 22.300
11.54000 19.123
11.56000 22.493
11.58000 9.860
11.60000 22.407
11.62000 27.536
11.64000 5.494
11.66000 6.250
11.68000 24.810
11.70000 29.047
11.72000 25.387
11.74000 11.387
11.76000 4.429
11.78000 16.980
11.80000 16.411
11.82000 14.197
11.84000 16.593
11.86000 22.490
11.88000 23.178
11.90000 23.349
11.92000 20.233
11.94000 26.996
11.96000 23.594
11.98000 11.419
12.00000 17.765
12.02000 9.471
12.04000 14.291
12.06000 13.509
12.08000 17.237
12.10000 22.935
12.12000 22.986
12.14000 32.281
12.16000 22.621
12.18000 0.334
12.20000 8.287
12.22000 23.214
12.24000 28.069
12.26000 16.636
12.28000 16.206
12.30000 7.850
12.32000 12.634
12.34000 17.902
12.36000 12.105
12.38000 25.129
12.40000 21.097
12.42000 4.711
12.44000 -4.663
12.46000 12.892
12.48000 16.764
12.50000 8.298
12.52000 19.748
12.54000 25.545
12.56000 15.366
12.58000 8.722
12.60000 12.128
12.62000 13.163
12.64000 17.885
12.66000 27.640
12.68000 20.491
12.70000 14.839
12.72000 13.485
12.74000 8.248
12.76000 6.683
12.78000 13.796
12.80000 8.662
12.82000 13.149
12.84000 12.152
12.86000 21.526
12.88000 18.450
12.90000 5.426
12.92000 8.030
12.94000 12.543
12.96000 11.130
12.98000 13.528
13.00000 20.575
13.02000 21.354
13.04000 19.988
13.06000 19.135
13.08000 16.066
13.10000 20.560
13.12000 16.245
13.14000 8.004
13.16000 10.774
13.18000 15.411
13.20000 19.391
13.22000 22.454
13.24000 22.571
13.26000 15.384
13.28000 20.680
13.30000 19.725
13.32000 21.235
13.34000 25.484
13.36000 18.137
13.38000 6.604
13.40000 -0.407
13.42000 4.095
13.44000 8.498
13.46000 3.512
13.48000 5.673
13.50000 16.896
13.52000 14.568
13.54000 16.313
13.56000 8.101
13.58000 11.192
13.60000 10.109
13.62000 12.087
13.64000 15.074
13.66000 18.408
13.68000 20.154
13.70000 19.332
13.72000 15.388
13.74000 8.555
13.76000 7.179
13.78000 -0.399
13.80000 2.282
13.82000 10.829
13.84000 34.191
13.86000 24.285
13.88000 10.887
13.90000 12.422
13.92000 13.565
13.94000 7.430
13.96000 -2.340
13.98000 0.881
14.00000 13.128
14.02000 10.543
14.04000 15.871
14.06000 13.120
14.08000 6.176
14.10000 7.193
14.12000 8.003
14.14000 18.254
14.16000 9.562
14.18000 4.266
14.20000 5.684
14.22000 -2.037
14.24000 7.103
14.26000 6.523
14.28000 0.610
14.30000 5.224
14.32000 19.145
14.34000 18.290
14.36000 2.088
14.38000 1.026
14.40000 9.740
14.42000 11.511
14.44000 2.424
14.46000 2.533
14.48000 7.048
14.50000 -1.702
14.52000 4.337
14.54000 8.379
14.56000 6.430
14.58000 5.657
14.60000 -1.295
14.62000 7.096
14.64000 7.866
14.66000 8.610
14.68000 -3.660
14.70000 8.357
14.72000 6.626
14.74000 11.507
14.76000 13.298
14.78000 4.548
14.80000 7.946
14.82000 24.063
14.84000 3.848
14.86000 -4.704
14.88000 -3.844
14.90000 -0.333
14.92000 6.818
14.94000 13.893
14.96000 12.235
14.98000 9.089
15.00000 9.969
15.02000 9.620
15.04000 6.226
15.06000 7.269
15.08000 14.213
15.10000 16.071
15.12000 17.942
15.14000 4.451
15.16000 -0.969
15.18000 2.683
15.20000 10.606
15.22000 10.705
15.24000 10.972
15.26000 5.523
15.28000 7.193
15.30000 12.931
15.32000 1.766
15.34000 4.044
15.36000 5.689
15.38000 11.620
15.40000 -0.497
15.42000 7.767
15.44000 3.590
15.46000 -1.316
15.48000 0.474
15.50000 8.533
15.52000 11.084
15.54000 20.315
15.56000 18.426
15.58000 0.064
15.60000 1.705
15.62000 4.527
15.64000 8.874
15.66000 3.151
15.68000 6.046
15.70000 3.797
15.72000 2.610
15.74000 8.218
15.76000 7.038
15.78000 0.405
15.80000 2.901
15.82000 8.144
15.84000 0.976
15.86000 -2.903
15.88000 1.381
15.90000 0.096
15.92000 -0.970
15.94000 1.102
15.96000 0.283
15.98000 2.926
16.00000 0.327
16.02000 -0.467
16.04000 -0.843
16.06000 -4.675
16.08000 -2.186
16.10000 18.082
16.12000 9.244
16.14000 2.322
16.16000 6.696
16.18000 4.164
16.20000 2.406
16.22000 5.674
16.24000 1.970
16.26000 1.562
16.28000 0.757
16.30000 5.454
16.32000 3.498
16.34000 7.161
16.36000 -2.886
16.38000 1.077
16.40000 1.838
16.42000 5.663
16.44000 10.875
16.46000 2.048
16.48000 -1.594
16.50000 -0.393
16.52000 6.498
16.54000 8.149
16.56000 5.919
16.58000 2.959
16.60000 6.068
16.62000 7.141
16.64000 3.751
16.66000 5.959
16.68000 7.122
16.70000 8.896
16.72000 -2.509
16.74000 2.994
16.76000 8.810
16.78000 7.371
16.80000 -1.092
16.82000 -4.508
16.84000 -0.314
16.86000 -2.289
16.88000 3.508
16.90000 -0.999
16.92000 -4.629
16.94000 -2.174
16.96000 -0.114
16.98000 2.381
17.00000 7.475
17.02000 9.595
17.04000 2.893
17.06000 2.451
17.08000 2.099
17.10000 2.976
17.12000 10.385
17.14000 12.505
17.16000 8.595
17.18000 -1.542
17.20000 -2.060
17.22000 5.595
17.24000 9.034
17.26000 1.773
17.28000 -3.568
17.30000 -3.401
17.32000 1.295
17.34000 7.653
17.36000 17.447
17.38000 6.260
17.40000 2.537
17.42000 6.822
17.44000 8.590
17.46000 7.837
17.48000 10.338
17.50000 10.541
17.52000 10.221
17.54000 21.095
17.56000 23.946
17.58000 11.332
17.60000 6.267
17.62000 8.083
17.64000 6.479
17.66000 5.688
17.68000 13.202
17.70000 9.868
17.72000 10.541
17.74000 -1.489
17.76000 -2.322
17.78000 5.904
17.80000 4.233
17.82000 -4.556
17.84000 5.066
17.86000 7.901
17.88000 7.454
17.90000 9.828
17.92000 10.725
17.94000 0.145
17.96000 -0.968
17.98000 1.145
18.00000 4.249
18.02000 9.647
18.04000 9.642
18.06000 1.653
18.08000 2.530
18.10000 3.699
18.12000 4.743
18.14000 5.441
18.16000 6.844
18.18000 9.424
18.20000 10.925
18.22000 7.608
18.24000 12.415
18.26000 14.163
18.28000 0.490
18.30000 -0.129
18.32000 5.771
18.34000 1.122
18.36000 5.551
18.38000 4.262
18.40000 7.193
18.42000 8.918
18.44000 4.729
18.46000 10.383
18.48000 8.282
18.50000 3.529
18.52000 9.187
18.54000 13.294
18.56000 15.698
18.58000 12.448
18.60000 1.346
18.62000 -4.475
18.64000 4.999
18.66000 11.841
18.68000 15.187
18.70000 8.447
18.72000 5.621
18.74000 9.286
18.76000 10.535
18.78000 5.233
18.80000 6.235
18.82000 8.377
18.84000 13.056
18.86000 10.845
18.88000 4.619
18.90000 3.755
18.92000 6.331
18.94000 5.727
18.96000 1.229
18.98000 7.297
19.00000 10.000
19.02000 12.150
19.04000 14.300
19.06000 7.926
19.08000 2.333
19.10000 -0.044
19.12000 1.942
19.14000 7.183
19.16000 5.673
19.18000 10.311
19.20000 5.167
19.22000 8.985
19.24000 11.415
19.26000 17.336
19.28000 15.525
19.30000 9.088
19.32000 8.507
19.34000 8.471
19.36000 6.446
19.38000 3.641
19.40000 5.774
19.42000 5.116
19.44000 -2.523
19.46000 0.797
19.48000 6.106
19.50000 6.980
19.52000 8.168
19.54000 5.809
19.56000 6.622
19.58000 -0.793
19.60000 3.771
19.62000 0.539
19.64000 0.614
19.66000 -4.406
19.68000 -0.097
19.70000 1.293
19.72000 4.176
19.74000 1.114
19.76000 2.452
19.78000 6.764
19.80000 1.494
19.82000 1.738
19.84000 7.370
19.86000 6.381
19.88000 5.371
19.90000 6.423
19.92000 5.866
19.94000 -2.337
19.96000 -2.560
19.98000 5.653
20.00000 8.363
20.02000 10.019
20.04000 5.144
20.06000 9.854
20.08000 3.302
20.10000 3.237
20.12000 3.019
20.14000 4.970
20.16000 8.612
20.18000 6.561
20.20000 4.793
20.22000 0.276
20.24000 -3.835
20.26000 -1.008
20.28000 3.354
20.30000 4.430
20.32000 -3.175
20.34000 5.187
20.36000 8.161
20.38000 10.608
20.40000 1.018
20.42000 5.593
20.44000 15.623
20.46000 9.606
20.48000 2.571
20.50000 5.674
20.52000 3.274
20.54000 -0.627
20.56000 0.428
20.58000 1.598
20.60000 0.098
20.62000 0.983
20.64000 6.356
20.66000 0.264
20.68000 4.354
20.70000 7.267
20.72000 2.979
20.74000 -3.285
20.76000 6.504
20.78000 14.275
20.80000 10.929
20.82000 2.022
20.84000 1.324
20.86000 -1.665
20.88000 0.784
20.90000 0.025
20.92000 6.930
20.94000 5.176
20.96000 2.402
20.98000 1.611
21.00000 2.524
21.02000 7.211
21.04000 4.058
21.06000 -3.026
21.08000 0.429
21.10000 3.048
21.12000 7.077
21.14000 8.106
21.16000 5.673
21.18000 5.083
21.20000 -1.502
21.22000 2.422
21.24000 0.001
21.26000 1.942
21.28000 6.543
21.30000 4.983
21.32000 2.804
21.34000 5.326
21.36000 2.107
21.38000 11.165
21.40000 8.106
21.42000 -0.217
21.44000 4.781
21.46000 8.874
21.48000 9.025
21.50000 7.692
21.52000 1.244
21.54000 7.045
21.56000 1.203
21.58000 -2.791
21.60000 5.398
21.62000 3.712
21.64000 1.973
21.66000 2.220
21.68000 4.548
21.70000 6.866
21.72000 11.768
21.74000 9.085
21.76000 6.161
21.78000 2.673
21.80000 2.938
21.82000 6.670
21.84000 9.803
21.86000 12.194
21.88000 5.766
21.90000 3.879
21.92000 5.602
21.94000 10.481
21.96000 10.150
21.98000 10.579
22.00000 6.186
22.02000 3.467
22.04000 2.799
22.06000 2.365
22.08000 9.498
22.10000 9.927
22.12000 3.540
22.14000 3.256
22.16000 8.890
22.18000 12.028
22.20000 10.745
22.22000 3.417
22.24000 -4.235
22.26000 -3.019
22.28000 4.194
22.30000 1.696
22.32000 1.368
22.34000 10.933
22.36000 11.401
22.38000 -0.048
22.40000 3.286
22.42000 11.711
22.44000 14.177
22.46000 7.464
22.48000 3.441
22.50000 5.180
22.52000 -1.129
22.54000 2.133
22.56000 4.227
22.58000 3.329
22.60000 4.837
22.62000 5.622
22.64000 1.608
22.66000 -0.786
22.68000 -1.412
22.70000 -1.433
22.72000 1.497
22.74000 3.759
22.76000 4.815
22.78000 13.328
22.80000 11.689
22.82000 11.639
22.84000 8.528
22.86000 2.420
22.88000 4.128
22.90000 5.047
22.92000 5.472
22.94000 3.210
22.96000 4.135
22.98000 -1.068
23.00000 -2.270
23.02000 1.760
23.04000 2.202
23.06000 6.113
23.08000 5.621
23.10000 2.809
23.12000 7.989
23.14000 8.879
23.16000 5.816
23.18000 2.272
23.20000 3.387
23.22000 0.030
23.24000 1.682
23.26000 1.903
23.28000 -0.735
23.30000 2.505
23.32000 5.679
23.34000 8.444
23.36000 7.985
23.38000 10.046
23.40000 8.665
23.42000 3.441
23.44000 6.261
23.46000 6.168
23.48000 9.662
23.50000 6.691
23.52000 2.666
23.54000 7.959
23.56000 5.058
23.58000 -0.079
23.60000 2.959
23.62000 11.149
23.64000 15.182
23.66000 10.786
23.68000 5.686
23.70000 3.578
23.72000 5.241
23.74000 2.408
23.76000 6.663
23.78000 11.020
23.80000 3.743
23.82000 5.405
23.84000 7.751
23.86000 -1.068
23.88000 0.900
23.90000 13.766
23.92000 5.852
23.94000 -2.125
23.96000 3.278
23.98000 2.884
24.00000 2.908
24.02000 5.492
24.04000 7.152
24.06000 0.142
24.08000 -0.129
24.10000 1.123
24.12000 -2.963
24.14000 0.231
24.16000 -0.199
24.18000 1.033
24.20000 0.915
24.22000 -4.146
24.24000 -0.746
24.26000 5.088
24.28000 8.737
24.30000 7.323
24.32000 6.800
24.34000 1.810
24.36000 -1.421
24.38000 -1.680
24.40000 -1.132
24.42000 -1.445
24.44000 5.137
24.46000 11.131
24.48000 5.889
24.50000 5.586
24.52000 2.502
24.54000 6.005
24.56000 10.709
24.58000 10.280
24.60000 5.047
24.62000 -0.075
24.64000 2.076
24.66000 6.435
24.68000 3.420
24.70000 -0.939
24.72000 1.429
24.74000 4.755
24.76000 6.443
24.78000 -0.029
24.80000 2.757
24.82000 4.687
24.84000 2.808
24.86000 5.556
24.88000 4.201
24.90000 4.636
24.92000 9.913
24.94000 7.028
24.96000 2.435
24.98000 -4.105
25.00000 2.047
25.02000 8.982
25.04000 12.634
25.06000 6.398
25.08000 7.683
25.10000 2.819
25.12000 1.785
25.14000 2.150
25.16000 5.218
25.18000 3.286
25.20000 4.493
25.22000 7.221
25.24000 7.887
25.26000 4.068
25.28000 0.041
25.30000 1.576
25.32000 0.396
25.34000 0.579
25.36000 1.082
25.38000 1.540
25.40000 2.802
25.42000 -1.389
25.44000 -1.610
25.46000 1.046
25.48000 4.619
25.50000 3.099
25.52000 0.907
25.54000 5.781
25.56000 2.433
25.58000 -1.776
25.60000 3.402
25.62000 0.335
25.64000 2.090
25.66000 9.875
25.68000 11.663
25.70000 7.248
25.72000 4.133
25.74000 -4.066
25.76000 -0.527
25.78000 2.059
25.80000 6.464
25.82000 9.949
25.84000 3.118
25.86000 -1.681
25.88000 1.142
25.90000 5.492
25.92000 5.807
25.94000 0.618
25.96000 -3.105
25.98000 3.584
26.00000 3.500
26.02000 6.672
26.04000 4.192
26.06000 5.623
26.08000 -3.334
26.10000 2.238
26.12000 6.821
26.14000 0.416
26.16000 3.389
26.18000 7.492
26.20000 6.974
26.22000 5.007
26.24000 4.475
26.26000 4.953
26.28000 11.720
26.30000 8.359
26.32000 7.049
26.34000 9.611
26.36000 4.147
26.38000 3.532
26.40000 6.664
26.42000 2.822
26.44000 -4.035
26.46000 -2.784
26.48000 8.149
26.50000 7.431
26.52000 3.508
26.54000 1.286
26.56000 0.280
26.58000 -0.007
26.60000 0.217
26.62000 5.040
26.64000 3.419
26.66000 1.907
26.68000 11.509
26.70000 11.574
26.72000 8.786
26.74000 8.569
26.76000 4.690
26.78000 3.285
26.80000 0.397
26.82000 0.162
26.84000 -0.025
26.86000 -1.086
26.88000 -0.003
26.90000 0.751
26.92000 1.952
26.94000 2.805
26.96000 7.491
26.98000 9.024
27.00000 5.689
27.02000 5.636
27.04000 6.374
27.06000 4.428
27.08000 8.463
27.10000 10.064
27.12000 9.878
27.14000 8.275
27.16000 1.471
27.18000 0.621
27.20000 -1.784
27.22000 4.053
27.24000 8.161
27.26000 8.584
27.28000 7.781
27.30000 4.355
27.32000 7.015
27.34000 4.345
27.36000 6.507
27.38000 10.055
27.40000 3.098
27.42000 -3.973
27.44000 2.145
27.46000 8.076
27.48000 11.272
27.50000 10.420
27.52000 8.918
27.54000 8.073
27.56000 3.695
27.58000 3.103
27.60000 1.043
27.62000 0.096
27.64000 7.773
27.66000 9.552
27.68000 6.832
27.70000 1.745
27.72000 4.632
27.74000 -1.904
27.76000 -3.949
27.78000 1.342
27.80000 5.013
27.82000 6.051
27.84000 1.128
27.86000 3.382
27.88000 7.951
27.90000 7.867
27.92000 3.612
27.94000 3.876
27.96000 4.071
27.98000 1.784
28.00000 1.864
28.02000 -1.649
28.04000 4.262
28.06000 3.897
28.08000 5.813
28.10000 6.485
28.12000 6.239
28.14000 8.479
28.16000 7.126
28.18000 1.340
28.20000 0.518
28.22000 3.264
28.24000 5.889
28.26000 4.309
28.28000 1.148
28.30000 -0.547
28.32000 -3.422
28.34000 -3.902
28.36000 2.398
28.38000 3.847
28.40000 5.697
28.42000 7.033
28.44000 4.076
28.46000 7.700
28.48000 6.688
28.50000 5.972
28.52000 7.099
28.54000 8.741
28.56000 10.661
28.58000 4.716
28.60000 3.147
28.62000 1.071
28.64000 3.467
28.66000 0.307
28.68000 4.396
28.70000 8.045
28.72000 1.149
28.74000 2.510
28.76000 6.631
28.78000 6.691
28.80000 10.835
28.82000 4.852
28.84000 1.464
28.86000 1.910
28.88000 1.313
28.90000 1.362
28.92000 4.323
28.94000 8.701
28.96000 10.619
28.98000 6.178
29.00000 2.461
29.02000 4.167
29.04000 3.684
29.06000 3.490
29.08000 0.627
29.10000 -3.030
29.12000 -1.847
29.14000 3.647
29.16000 4.290
29.18000 8.905
29.20000 11.393
29.22000 8.007
29.24000 -1.107
29.26000 1.967
29.28000 0.634
29.30000 3.845
29.32000 3.857
29.34000 4.211
29.36000 0.923
29.38000 2.068
29.40000 3.230
29.42000 1.320
29.44000 -3.856
29.46000 -3.855
29.48000 -1.180
29.50000 0.436
29.52000 1.401
29.54000 2.185
29.56000 6.165
29.58000 7.015
29.60000 3.779
29.62000 5.911
29.64000 4.721
29.66000 5.263
29.68000 5.590
29.70000 5.064
29.72000 6.268
29.74000 5.916
29.76000 4.889
29.78000 5.692
29.80000 1.856
29.82000 -2.047
29.84000 3.779
29.86000 6.075
29.88000 3.477
29.90000 4.348
29.92000 5.020
29.94000 6.219
29.96000 2.806
29.98000 2.732
30.00000 -0.786
30.02000 4.727
30.04000 9.539
30.06000 7.236
30.08000 1.814
30.10000 0.211
30.12000 2.909
30.14000 4.951
30.16000 6.432
30.18000 4.274
30.20000 0.799
30.22000 -1.032
30.24000 -1.001
30.26000 5.721
30.28000 4.982
30.30000 5.987
30.32000 -0.863
30.34000 2.276
30.36000 4.591
30.38000 0.054
30.40000 5.144
30.42000 6.439
30.44000 6.373
30.46000 6.145
30.48000 4.657
30.50000 -1.378
30.52000 -2.176
30.54000 1.993
30.56000 3.305
30.58000 1.915
30.60000 0.109
30.62000 6.735
30.64000 6.966
30.66000 0.905
30.68000 3.525
30.70000 5.188
30.72000 2.020
30.74000 5.006
30.76000 5.884
30.78000 10.858
30.80000 9.614
30.82000 -0.768
30.84000 -3.790
30.86000 0.055
30.88000 2.741
30.90000 4.287
30.92000 0.722
30.94000 0.310
30.96000 1.334
30.98000 5.915
31.00000 2.127
31.02000 3.005
31.04000 0.568
31.06000 -0.783
31.08000 -2.129
31.10000 -1.942
31.12000 0.766
31.14000 4.935
31.16000 9.641
31.18000 4.607
31.20000 5.567
31.22000 9.475
31.24000 9.577
31.26000 7.764
31.28000 6.072
31.30000 -3.761
31.32000 3.183
31.34000 6.599
31.36000 8.185
31.38000 9.161
31.40000 4.090
31.42000 2.723
31.44000 2.324
31.46000 3.586
31.48000 4.240
31.50000 3.258
31.52000 -0.443
31.54000 0.747
31.56000 0.268
31.58000 -0.487
31.60000 0.771
31.62000 5.261
31.64000 6.418
31.66000 8.565
31.68000 2.998
31.70000 5.934
31.72000 6.190
31.74000 1.883
31.76000 2.199
31.78000 5.385
31.80000 -1.252
31.82000 2.961
31.84000 5.574
31.86000 10.234
31.88000 4.989
31.90000 3.851
31.92000 1.006
31.94000 1.758
31.96000 7.886
31.98000 4.012
32.00000 3.915
32.02000 5.823
32.04000 7.807
32.06000 2.408
32.08000 4.414
32.10000 10.586
32.12000 5.115
32.14000 1.807
32.16000 3.196
32.18000 -3.727
32.20000 0.386
32.22000 4.402
32.24000 5.110
32.26000 9.969
32.28000 4.561
32.30000 3.639
32.32000 1.737
32.34000 -0.981
32.36000 1.428
32.38000 3.641
32.40000 8.912
32.42000 8.899
32.44000 7.087
32.46000 -0.433
32.48000 -0.494
32.50000 1.303
32.52000 4.503
32.54000 4.932
32.56000 2.760
32.58000 4.282
32.60000 5.081
32.62000 4.507
32.64000 2.697
32.66000 -0.902
32.68000 3.306
32.70000 8.381
32.72000 7.404
32.74000 6.345
32.76000 1.553
32.78000 -3.214
32.80000 4.968
32.82000 2.272
32.84000 2.616
32.86000 4.044
32.88000 -0.713
32.90000 4.505
32.92000 6.685
32.94000 4.961
32.96000 1.000
32.98000 3.837
33.00000 3.876
33.02000 1.600
33.04000 -0.348
33.06000 3.278
33.08000 3.290
33.10000 1.862
33.12000 4.305
33.14000 5.633
33.16000 2.425
33.18000 7.972
33.20000 5.804
33.22000 3.097
33.24000 6.179
33.26000 8.693
33.28000 1.665
33.30000 -0.082
33.32000 -0.980
33.34000 -3.293
33.36000 0.356
33.38000 4.801
33.40000 3.124
33.42000 2.069
33.44000 3.681
33.46000 5.195
33.48000 4.790
33.50000 1.139
33.52000 2.201
33.54000 -0.091
33.56000 4.771
33.58000 1.168
33.60000 -2.233
33.62000 -3.675
33.64000 6.802
33.66000 8.888
33.68000 4.833
33.70000 8.171
33.72000 5.947
33.74000 0.585
33.76000 3.499
33.78000 8.563
33.80000 5.456
33.82000 0.582
33.84000 7.136
33.86000 8.251
33.88000 4.646
33.90000 3.141
33.92000 5.472
33.94000 6.007
33.96000 4.782
33.98000 7.190
34.00000 8.060
34.02000 2.235
34.04000 8.656
34.06000 8.311
34.08000 11.822
34.10000 8.480
34.12000 8.908
34.14000 6.607
34.16000 6.989
34.18000 5.722
34.20000 4.635
34.22000 5.988
34.24000 5.428
34.26000 5.469
34.28000 7.021
34.30000 4.306
34.32000 2.296
34.34000 2.783
34.36000 4.764
34.38000 5.539
34.40000 3.286
34.42000 3.407
34.44000 4.644
34.46000 7.495
34.48000 6.692
34.50000 5.196
34.52000 1.285
34.54000 5.424
34.56000 6.316
34.58000 2.930
34.60000 5.499
34.62000 0.920
34.64000 -1.114
34.66000 -0.799
34.68000 -2.122
34.70000 -0.031
34.72000 4.014
34.74000 0.671
34.76000 5.588
34.78000 1.312
34.80000 1.160
34.82000 3.964
34.84000 2.910
34.86000 -1.558
34.88000 4.278
34.90000 0.739
34.92000 -1.542
34.94000 -3.348
34.96000 2.810
34.98000 -1.186
35.00000 1.424
35.02000 -3.006
35.04000 -3.408
35.06000 -2.557
35.08000 1.100
35.10000 0.105
35.12000 -1.152
35.14000 1.586
35.16000 4.272
35.18000 3.297
35.20000 3.857
35.22000 4.032
35.24000 1.878
35.26000 4.024
35.28000 6.546
35.30000 3.974
35.32000 1.293
35.34000 0.230
35.36000 0.943
35.38000 4.141
35.40000 3.327
35.42000 6.823
35.44000 7.913
35.46000 1.666
35.48000 1.423
35.50000 5.073
35.52000 8.237
35.54000 7.563
35.56000 1.164
35.58000 3.878
35.60000 5.211
35.62000 7.092
35.64000 4.511
35.66000 4.978
35.68000 1.229
35.70000 -0.040
35.72000 0.278
35.74000 -3.598
35.76000 1.855
35.78000 5.710
35.80000 9.857
35.82000 3.035
35.84000 -2.554
35.86000 1.794
35.88000 3.687
35.90000 3.394
35.92000 6.300
35.94000 2.074
35.96000 -3.583
35.98000 2.592
36.00000 3.045
36.02000 5.268
36.04000 1.009
36.06000 3.767
36.08000 3.581
36.10000 3.215
36.12000 4.055
36.14000 1.390
36.16000 -2.743
36.18000 2.617
36.20000 5.499
36.22000 4.377
36.24000 5.000
36.26000 4.200
36.28000 7.085
36.30000 7.905
36.32000 3.851
36.34000 -0.105
36.36000 8.739
36.38000 4.967
36.40000 6.927
36.42000 12.579
36.44000 7.454
36.46000 3.573
36.48000 0.433
36.50000 0.319
36.52000 1.825
36.54000 5.511
36.56000 4.553
36.58000 1.342
36.60000 1.700
36.62000 0.740
36.64000 0.133
36.66000 1.044
36.68000 2.682
36.70000 3.126
36.72000 3.268
36.74000 1.396
36.76000 -0.886
36.78000 -1.891
36.80000 4.286
36.82000 9.334
36.84000 6.686
36.86000 4.723
36.88000 4.197
36.90000 1.825
36.92000 0.761
36.94000 -0.243
36.96000 1.845
36.98000 0.357
37.00000 5.640
37.02000 7.263
37.04000 11.268
37.06000 2.561
37.08000 2.755
37.10000 1.792
37.12000 2.583
37.14000 1.699
37.16000 2.134
37.18000 -3.617
37.20000 5.037
37.22000 6.439
37.24000 7.438
37.26000 4.305
37.28000 4.468
37.30000 3.561
37.32000 3.695
37.34000 3.663
37.36000 3.826
37.38000 2.223
37.40000 -0.999
37.42000 7.983
37.44000 8.686
37.46000 5.958
37.48000 7.033
37.50000 0.740
37.52000 0.089
37.54000 -1.339
37.56000 2.883
37.58000 8.771
37.60000 7.932
37.62000 4.210
37.64000 6.416
37.66000 6.674
37.68000 1.696
37.70000 2.263
37.72000 3.149
37.74000 0.512
37.76000 -3.698
37.78000 -0.931
37.80000 6.605
37.82000 12.371
37.84000 3.150
37.86000 1.044
37.88000 -1.022
37.90000 6.652
37.92000 10.254
37.94000 4.692
37.96000 8.786
37.98000 10.439
38.00000 2.090
38.02000 2.860
38.04000 7.769
38.06000 7.896
38.08000 4.327
38.10000 3.956
38.12000 6.022
38.14000 7.800
38.16000 11.985
38.18000 12.255
38.20000 10.160
38.22000 11.105
38.24000 9.978
38.26000 16.997
38.28000 14.678
38.30000 12.065
38.32000 12.100
38.34000 11.748
38.36000 12.445
38.38000 16.227
38.40000 19.050
38.42000 20.567
38.44000 12.078
38.46000 12.191
38.48000 17.301
38.50000 21.866
38.52000 17.805
38.54000 17.153
38.56000 19.133
38.58000 20.263
38.60000 15.918
38.62000 13.033
38.64000 19.730
38.66000 20.603
38.68000 16.793
38.70000 14.482
38.72000 13.408
38.74000 20.543
38.76000 18.987
38.78000 20.010
38.80000 24.410
38.82000 27.536
38.84000 31.062
38.86000 25.710
38.88000 29.366
38.90000 32.774
38.92000 28.581
38.94000 31.934
38.96000 29.863
38.98000 29.166
39.00000 28.689
39.02000 28.079
39.04000 33.810
39.06000 36.964
39.08000 32.103
39.10000 36.579
39.12000 42.579
39.14000 43.641
39.16000 44.399
39.18000 40.747
39.20000 40.769
39.22000 47.373
39.24000 49.114
39.26000 53.326
39.28000 50.839
39.30000 53.169
39.32000 56.026
39.34000 55.205
39.36000 61.914
39.38000 60.319
39.40000 63.605
39.42000 67.541
39.44000 67.864
39.46000 76.222
39.48000 79.713
39.50000 84.462
39.52000 92.556
39.54000 99.498
39.56000 112.029
39.58000 114.050
39.60000 115.792
39.62000 125.798
39.64000 125.335
39.66000 129.458
39.68000 147.422
39.70000 163.062
39.72000 174.879
39.74000 181.804
39.76000 193.318
39.78000 207.169
39.80000 216.953
39.82000 234.019
39.84000 249.472
39.86000 274.668
39.88000 285.463
39.90000 311.965
39.92000 338.261
39.94000 356.312
39.96000 392.453
39.98000 412.693
40.00000 444.245
40.02000 478.894
40.04000 521.632
40.06000 565.664
40.08000 613.669
40.10000 655.747
40.12000 703.440
40.14000 745.843
40.16000 790.519
40.18000 860.005
40.20000 906.842
40.22000 968.640
40.24000 1027.769
40.26000 1088.240
40.28000 1135.362
40.30000 1175.930
40.32000 1209.749
40.34000 1239.295
40.36000 1284.127
40.38000 1337.843
40.40000 1361.256
40.42000 1369.145
40.44000 1392.317
40.46000 1388.856
40.48000 1374.585
40.50000 1379.303
40.52000 1367.416
40.54000 1336.569
40.56000 1315.581
40.58000 1306.333
40.60000 1279.399
40.62000 1245.960
40.64000 1217.620
40.66000 1172.011
40.68000 1123.946
40.70000 1097.627
40.72000 1074.552
40.74000 1041.228
40.76000 1003.339
40.78000 963.905
40.80000 924.851
40.82000 868.124
40.84000 833.276
40.86000 800.408
40.88000 767.755
40.90000 734.906
40.92000 701.937
40.94000 657.680
40.96000 631.100
40.98000 602.931
41.00000 572.476
41.02000 537.653
41.04000 516.072
41.06000 492.812
41.08000 467.190
41.10000 434.823
41.12000 403.491
41.14000 393.063
41.16000 373.635
41.18000 351.277
41.20000 336.224
41.22000 321.416
41.24000 300.530
41.26000 287.923
41.28000 268.215
41.30000 255.093
41.32000 241.075
41.34000 231.860
41.36000 223.149
41.38000 210.602
41.40000 202.660
41.42000 192.229
41.44000 185.824
41.46000 171.814
41.48000 160.556
41.50000 150.391
41.52000 148.024
41.54000 139.508
41.56000 138.087
41.58000 125.816
41.60000 122.911
41.62000 123.373
41.64000 116.090
41.66000 111.829
41.68000 109.171
41.70000 102.786
41.72000 98.505
41.74000 94.364
41.76000 86.216
41.78000 84.467
41.80000 83.760
41.82000 85.690
41.84000 77.908
41.86000 71.049
41.88000 63.839
41.90000 64.533
41.92000 67.922
41.94000 66.259
41.96000 60.409
41.98000 57.072
42.00000 52.753
42.02000 54.107
42.04000 52.813
42.06000 50.782
42.08000 46.248
42.10000 41.958
42.12000 40.242
42.14000 38.649
42.16000 40.307
42.18000 44.484
42.20000 36.994
42.22000 34.254
42.24000 34.743
42.26000 38.663
42.28000 34.595
42.30000 35.457
42.32000 27.386
42.34000 23.699
42.36000 21.071
42.38000 24.626
42.40000 30.971
42.42000 26.091
42.44000 22.915
42.46000 21.185
42.48000 21.251
42.50000 22.812
42.52000 23.114
42.54000 24.493
42.56000 18.965
42.58000 19.369
42.60000 13.007
42.62000 7.796
42.64000 12.221
42.66000 15.850
42.68000 13.743
42.70000 12.557
42.72000 16.854
42.74000 14.027
42.76000 14.095
42.78000 15.587
42.80000 14.224
42.82000 11.939
42.84000 13.548
42.86000 13.430
42.88000 13.010
42.90000 12.150
42.92000 11.245
42.94000 7.540
42.96000 9.031
42.98000 7.825
43.00000 5.326
43.02000 4.084
43.04000 1.945
43.06000 2.206
43.08000 3.509
43.10000 1.183
43.12000 3.292
43.14000 7.235
43.16000 8.051
43.18000 6.244
43.20000 7.779
43.22000 6.771
43.24000 3.131
43.26000 4.282
43.28000 6.270
43.30000 2.130
43.32000 5.935
43.34000 6.414
43.36000 4.953
43.38000 0.290
43.40000 0.275
43.42000 -1.170
43.44000 2.520
43.46000 3.377
43.48000 3.600
43.50000 2.342
43.52000 4.255
43.54000 2.752
43.56000 0.328
43.58000 -1.054
43.60000 -3.482
43.62000 -0.206
43.64000 4.317
43.66000 1.106
43.68000 5.693
43.70000 0.741
43.72000 -1.677
43.74000 -0.255
43.76000 0.160
43.78000 0.156
43.80000 0.189
43.82000 0.902
43.84000 1.759
43.86000 3.041
43.88000 1.332
43.90000 1.174
43.92000 -2.721
43.94000 -0.365
43.96000 -0.660
43.98000 3.788
44.00000 6.320
44.02000 2.108
44.04000 -1.536
44.06000 -0.796
44.08000 -0.694
44.10000 -2.549
44.12000 0.934
44.14000 -0.389
44.16000 -2.998
44.18000 -3.406
44.20000 -1.004
44.22000 -1.944
44.24000 -2.308
44.26000 -1.619
44.28000 -2.858
44.30000 -1.280
44.32000 2.300
44.34000 2.451
44.36000 3.677
44.38000 -2.213
44.40000 -1.538
44.42000 0.242
44.44000 2.935
44.46000 -0.259
44.48000 -0.467
44.50000 0.328
44.52000 -0.984
44.54000 1.812
44.56000 -0.032
44.58000 -0.869
44.60000 0.904
44.62000 -0.553
44.64000 -0.919
44.66000 -0.756
44.68000 1.650
44.70000 -1.010
44.72000 -1.238
44.74000 2.097
44.76000 1.686
44.78000 -0.757
44.80000 -1.602
44.82000 1.480
44.84000 5.823
44.86000 9.927
44.88000 5.126
44.90000 0.808
44.92000 3.507
44.94000 1.925
44.96000 -3.264
44.98000 0.646
45.00000 1.188
45.02000 4.016
45.04000 8.366
45.06000 4.623
45.08000 1.074
45.10000 0.056
45.12000 2.596
45.14000 4.846
45.16000 5.468
45.18000 3.569
45.20000 3.928
45.22000 2.082
45.24000 1.988
45.26000 3.504
45.28000 1.929
45.30000 1.189
45.32000 1.290
45.34000 1.813
45.36000 4.820
45.38000 2.728
45.40000 1.692
45.42000 2.545
45.44000 4.205
45.46000 3.532
45.48000 7.001
45.50000 9.983
45.52000 7.064
45.54000 4.335
45.56000 5.078
45.58000 6.719
45.60000 5.312
45.62000 7.207
45.64000 8.683
45.66000 8.380
45.68000 8.932
45.70000 8.607
45.72000 11.300
45.74000 8.193
45.76000 10.112
45.78000 8.878
45.80000 7.179
45.82000 8.874
45.84000 9.511
45.86000 7.155
45.88000 11.765
45.90000 13.225
45.92000 12.804
45.94000 14.344
45.96000 12.213
45.98000 10.917
46.00000 11.666
46.02000 16.733
46.04000 16.081
46.06000 15.726
46.08000 15.887
46.10000 18.313
46.12000 21.303
46.14000 19.250
46.16000 20.570
46.18000 17.746
46.20000 19.309
46.22000 25.624
46.24000 28.993
46.26000 27.675
46.28000 27.457
46.30000 27.342
46.32000 31.081
46.34000 30.283
46.36000 34.459
46.38000 35.778
46.40000 39.099
46.42000 42.459
46.44000 42.576
46.46000 42.705
46.48000 43.956
46.50000 43.024
46.52000 47.425
46.54000 54.344
46.56000 54.412
46.58000 55.942
46.60000 60.909
46.62000 60.482
46.64000 61.065
46.66000 63.131
46.68000 71.380
46.70000 77.124
46.72000 76.247
46.74000 80.263
46.76000 79.639
46.78000 84.298
46.80000 86.311
46.82000 92.040
46.84000 92.389
46.86000 99.008
46.88000 103.929
46.90000 104.740
46.92000 104.884
46.94000 105.976
46.96000 111.663
46.98000 116.876
47.00000 118.073
47.02000 119.380
47.04000 125.983
47.06000 123.728
47.08000 122.097
47.10000 125.113
47.12000 127.767
47.14000 127.538
47.16000 129.409
47.18000 128.635
47.20000 119.430
47.22000 117.749
47.24000 120.859
47.26000 121.175
47.28000 119.307
47.30000 115.338
47.32000 116.129
47.34000 108.459
47.36000 109.155
47.38000 107.936
47.40000 100.315
47.42000 99.470
47.44000 97.326
47.46000 90.986
47.48000 93.396
47.50000 86.079
47.52000 86.475
47.54000 82.320
47.56000 70.771
47.58000 66.723
47.60000 66.715
47.62000 68.164
47.64000 56.679
47.66000 52.137
47.68000 52.937
47.70000 49.874
47.72000 48.069
47.74000 50.081
47.76000 49.801
47.78000 45.021
47.80000 39.436
47.82000 36.778
47.84000 36.123
47.86000 34.186
47.88000 31.521
47.90000 26.299
47.92000 22.570
47.94000 23.821
47.96000 22.976
47.98000 20.909
48.00000 21.921
48.02000 24.594
48.04000 21.836
48.06000 22.430
48.08000 19.631
48.10000 15.303
48.12000 12.853
48.14000 13.627
48.16000 13.882
48.18000 8.941
48.20000 11.012
48.22000 9.068
48.24000 10.316
48.26000 10.205
48.28000 10.812
48.30000 10.042
48.32000 9.852
48.34000 6.918
48.36000 3.170
48.38000 3.449
48.40000 2.823
48.42000 5.715
48.44000 3.965
48.46000 4.860
48.48000 4.213
48.50000 1.439
48.52000 2.184
48.54000 0.368
48.56000 -0.551
48.58000 4.364
48.60000 3.991
48.62000 2.421
48.64000 4.399
48.66000 2.365
48.68000 -0.278
48.70000 0.032
48.72000 -0.941
48.74000 2.137
48.76000 4.035
48.78000 4.146
48.80000 2.516
48.82000 1.698
48.84000 -0.890
48.86000 2.961
48.88000 4.486
48.90000 1.180
48.92000 2.769
48.94000 6.596
48.96000 0.074
48.98000 -2.663
49.00000 -0.526
49.02000 3.339
49.04000 10.271
49.06000 4.416
49.08000 3.388
49.10000 1.664
49.12000 0.781
49.14000 1.915
49.16000 0.691
49.18000 4.697
49.20000 4.098
49.22000 4.281
49.24000 3.188
49.26000 0.802
49.28000 0.465
49.30000 2.280
49.32000 3.261
49.34000 -0.656
49.36000 -1.442
49.38000 0.942
49.40000 -0.105
49.42000 -0.165
49.44000 -0.009
49.46000 -1.743
49.48000 -1.630
49.50000 0.550
49.52000 -1.511
49.54000 -2.584
49.56000 2.646
49.58000 1.938
49.60000 -1.650
49.62000 -0.958
49.64000 2.060
49.66000 0.594
49.68000 -0.496
49.70000 -2.575
49.72000 -1.588
49.74000 4.371
49.76000 2.089
49.78000 1.612
49.80000 4.518
49.82000 4.794
49.84000 2.698
49.86000 2.882
49.88000 1.465
49.90000 2.988
49.92000 4.360
49.94000 2.179
49.96000 0.674
49.98000 -0.121
50.00000 -0.895
50.02000 -0.954
50.04000 0.322
50.06000 -2.130
50.08000 3.843
50.10000 0.807
50.12000 0.823
50.14000 1.552
50.16000 -1.872
50.18000 -2.180
50.20000 0.861
50.22000 2.069
50.24000 -1.076
50.26000 -2.534
50.28000 0.355
50.30000 0.703
50.32000 -1.830
50.34000 -2.288
50.36000 1.372
50.38000 0.606
50.40000 -0.030
50.42000 2.077
50.44000 1.945
50.46000 -0.365
50.48000 -0.260
50.50000 0.375
50.52000 0.406
50.54000 -1.569
50.56000 1.636
50.58000 1.972
50.60000 4.352
50.62000 0.783
50.64000 -0.015
50.66000 -1.984
50.68000 1.478
50.70000 3.533
50.72000 3.783
50.74000 8.186
50.76000 1.647
50.78000 1.253
50.80000 0.887
50.82000 0.413
50.84000 3.064
50.86000 -2.480
50.88000 -0.783
50.90000 0.200
50.92000 0.209
50.94000 1.281
50.96000 5.751
50.98000 4.618
51.00000 1.393
51.02000 2.883
51.04000 2.473
51.06000 2.631
51.08000 3.031
51.10000 0.686
51.12000 2.795
51.14000 3.630
51.16000 1.019
51.18000 -0.896
51.20000 -1.820
51.22000 0.690
51.24000 -0.065
51.26000 2.542
51.28000 3.841
51.30000 2.056
51.32000 2.744
51.34000 1.835
51.36000 4.080
51.38000 0.825
51.40000 3.185
51.42000 4.569
51.44000 1.094
51.46000 -0.258
51.48000 -2.420
51.50000 0.539
51.52000 5.431
51.54000 0.464
51.56000 0.014
51.58000 2.507
51.60000 3.511
51.62000 -0.696
51.64000 1.685
51.66000 4.563
51.68000 3.477
51.70000 -0.706
51.72000 -0.244
51.74000 1.006
51.76000 1.680
51.78000 0.944
51.80000 2.009
51.82000 4.388
51.84000 1.387
51.86000 1.829
51.88000 2.448
51.90000 1.289
51.92000 2.563
51.94000 3.419
51.96000 3.324
51.98000 2.638
52.00000 -0.502
52.02000 3.940
52.04000 4.771
52.06000 2.419
52.08000 -0.336
52.10000 0.433
52.12000 2.888
52.14000 -0.500
52.16000 -0.921
52.18000 1.180
52.20000 7.070
52.22000 6.044
52.24000 5.357
52.26000 4.585
52.28000 4.532
52.30000 2.949
52.32000 3.406
52.34000 0.184
52.36000 2.137
52.38000 3.547
52.40000 4.366
52.42000 1.093
52.44000 -0.962
52.46000 0.366
52.48000 -2.388
52.50000 -1.342
52.52000 -0.858
52.54000 -1.367
52.56000 1.741
52.58000 4.017
52.60000 2.326
52.62000 -0.261
52.64000 -0.075
52.66000 0.809
52.68000 -2.143
52.70000 -1.065
52.72000 2.935
52.74000 2.855
52.76000 2.802
52.78000 0.282
52.80000 2.523
52.82000 6.149
52.84000 4.354
52.86000 3.792
52.88000 9.051
52.90000 4.131
52.92000 -0.715
52.94000 2.312
52.96000 -0.031
52.98000 0.347
53.00000 1.113
53.02000 1.942
53.04000 1.522
53.06000 0.897
53.08000 1.921
53.10000 1.284
53.12000 -1.076
53.14000 2.291
53.16000 3.432
53.18000 -1.082
53.20000 1.304
53.22000 2.633
53.24000 3.284
53.26000 1.513
53.28000 1.283
53.30000 4.344
53.32000 2.026
53.34000 1.268
53.36000 4.794
53.38000 3.563
53.40000 -2.366
53.42000 3.567
53.44000 5.619
53.46000 5.084
53.48000 3.393
53.50000 1.976
53.52000 3.314
53.54000 3.356
53.56000 1.715
53.58000 0.798
53.60000 1.377
53.62000 0.852
53.64000 0.607
53.66000 0.177
53.68000 -0.764
53.70000 4.519
53.72000 6.097
53.74000 4.221
53.76000 5.738
53.78000 7.618
53.80000 3.970
53.82000 1.246
53.84000 3.696
53.86000 5.438
53.88000 5.357
53.90000 3.699
53.92000 0.602
53.94000 -2.327
53.96000 -0.268
53.98000 3.217
54.00000 1.405
54.02000 1.765
54.04000 2.842
54.06000 3.369
54.08000 -0.589
54.10000 -0.122
54.12000 -0.520
54.14000 1.743
54.16000 2.145
54.18000 -1.212
54.20000 0.944
54.22000 -1.356
54.24000 0.059
54.26000 0.460
54.28000 0.168
54.30000 3.252
54.32000 2.391
54.34000 0.440
54.36000 0.047
54.38000 2.304
54.40000 1.933
54.42000 4.722
54.44000 5.169
54.46000 4.086
54.48000 1.566
54.50000 -0.370
54.52000 1.430
54.54000 2.313
54.56000 3.678
54.58000 2.434
54.60000 1.444
54.62000 1.864
54.64000 2.455
54.66000 3.596
54.68000 -1.816
54.70000 -0.585
54.72000 0.884
54.74000 1.230
54.76000 1.005
54.78000 0.275
54.80000 2.590
54.82000 0.962
54.84000 -0.852
54.86000 -0.263
54.88000 -1.249
54.90000 3.737
54.92000 2.545
54.94000 2.707
54.96000 -1.417
54.98000 -2.345
55.00000 -1.585
55.02000 0.580
55.04000 1.092
55.06000 -2.094
55.08000 -0.211
55.10000 5.862
55.12000 3.912
55.14000 3.235
55.16000 2.214
55.18000 0.126
55.20000 -1.904
55.22000 1.965
55.24000 3.873
55.26000 2.897
55.28000 4.659
55.30000 2.156
55.32000 2.464
55.34000 0.523
55.36000 1.481
55.38000 3.268
55.40000 0.905
55.42000 -1.329
55.44000 0.568
55.46000 1.694
55.48000 1.630
55.50000 3.391
55.52000 5.856
55.54000 3.109
55.56000 -1.164
55.58000 -2.312
55.60000 4.748
55.62000 4.737
55.64000 1.732
55.66000 -0.084
55.68000 0.532
55.70000 0.533
55.72000 1.829
55.74000 0.164
55.76000 3.884
55.78000 1.595
55.80000 0.176
55.82000 4.776
55.84000 6.190
55.86000 6.249
55.88000 1.034
55.90000 -0.999
55.92000 1.077
55.94000 2.225
55.96000 1.724
55.98000 -0.903
56.00000 0.661
56.02000 0.884
56.04000 2.688
56.06000 1.100
56.08000 1.169
56.10000 0.006
56.12000 2.776
56.14000 0.386
56.16000 -0.299
56.18000 0.722
56.20000 0.150
56.22000 0.005
56.24000 1.075
56.26000 0.102
56.28000 1.926
56.30000 1.125
56.32000 1.673
56.34000 4.611
56.36000 3.449
56.38000 0.807
56.40000 1.000
56.42000 1.925
56.44000 0.808
56.46000 0.089
56.48000 -1.650
56.50000 1.277
56.52000 0.883
56.54000 4.160
56.56000 6.666
56.58000 5.295
56.60000 3.643
56.62000 1.612
56.64000 1.605
56.66000 -2.275
56.68000 -1.136
56.70000 4.624
56.72000 3.041
56.74000 1.378
56.76000 1.061
56.78000 2.965
56.80000 4.063
56.82000 3.700
56.84000 2.365
56.86000 -0.017
56.88000 1.300
56.90000 0.714
56.92000 0.881
56.94000 0.232
56.96000 1.262
56.98000 -1.432
57.00000 2.557
57.02000 2.751
57.04000 3.389
57.06000 1.382
57.08000 -0.841
57.10000 -0.291
57.12000 2.141
57.14000 4.370
57.16000 2.205
57.18000 0.644
57.20000 3.486
57.22000 1.916
57.24000 2.515
57.26000 0.806
57.28000 1.284
57.30000 2.186
57.32000 3.456
57.34000 1.167
57.36000 -2.262
57.38000 -0.486
57.40000 5.276
57.42000 4.612
57.44000 1.400
57.46000 1.953
57.48000 1.736
57.50000 5.008
57.52000 0.811
57.54000 -2.223
57.56000 -1.150
57.58000 -0.381
57.60000 -2.246
57.62000 0.662
57.64000 -0.253
57.66000 2.053
57.68000 1.374
57.70000 1.105
57.72000 3.498
57.74000 2.418
57.76000 1.777
57.78000 1.705
57.80000 0.391
57.82000 -0.418
57.84000 1.513
57.86000 1.663
57.88000 -0.303
57.90000 0.358
57.92000 1.284
57.94000 -0.600
57.96000 2.767
57.98000 3.629
58.00000 1.929
58.02000 2.867
58.04000 -0.652
58.06000 0.611
58.08000 2.056
58.10000 2.494
58.12000 2.670
58.14000 1.072
58.16000 0.626
58.18000 2.152
58.20000 3.992
58.22000 3.552
58.24000 3.653
58.26000 2.049
58.28000 1.551
58.30000 -0.090
58.32000 -0.294
58.34000 -1.851
58.36000 -1.878
58.38000 1.180
58.40000 -1.209
58.42000 -1.191
58.44000 -0.043
58.46000 3.123
58.48000 2.064
58.50000 2.664
58.52000 -0.880
58.54000 -1.266
58.56000 0.087
58.58000 -2.248
58.60000 1.182
58.62000 1.417
58.64000 1.177
58.66000 -0.411
58.68000 2.099
58.70000 1.221
58.72000 0.267
58.74000 3.353
58.76000 2.536
58.78000 0.753
58.80000 1.336
58.82000 -0.089
58.84000 1.187
58.86000 2.334
58.88000 1.944
58.90000 -0.727
58.92000 2.205
58.94000 1.726
58.96000 -0.862
58.98000 1.278
59.00000 3.526
59.02000 0.463
59.04000 0.148
59.06000 -0.557
59.08000 0.893
59.10000 1.642
59.12000 2.592
59.14000 -0.305
59.16000 1.388
59.18000 1.845
59.20000 -1.493
59.22000 1.049
59.24000 4.187
59.26000 1.254
59.28000 0.441
59.30000 -1.377
59.32000 -0.871
59.34000 2.467
59.36000 2.499
59.38000 0.827
59.40000 -0.289
59.42000 -1.680
59.44000 0.945
59.46000 0.282
59.48000 -0.358
59.50000 -0.593
59.52000 -0.528
59.54000 -0.750
59.56000 -0.919
59.58000 0.199
59.60000 -2.209
59.62000 -0.989
59.64000 1.057
59.66000 1.331
59.68000 -0.604
59.70000 0.078
59.72000 0.147
59.74000 -0.968
59.76000 0.463
59.78000 1.545
59.80000 1.668
59.82000 2.719
59.84000 1.078
59.86000 1.322
59.88000 -0.757
59.90000 2.701
59.92000 2.168
59.94000 1.673
59.96000 1.629
59.98000 1.995
60.00000 0.429
60.02000 1.772
60.04000 3.269
60.06000 1.802
60.08000 1.961
60.10000 -1.300
60.12000 -2.188
60.14000 0.424
60.16000 3.918
60.18000 2.873
60.20000 0.627
60.22000 1.415
60.24000 0.429
60.26000 0.491
60.28000 0.881
60.30000 0.786
60.32000 -1.921
60.34000 0.670
60.36000 2.494
60.38000 -0.306
60.40000 2.064
60.42000 1.996
60.44000 2.703
60.46000 3.718
60.48000 1.897
60.50000 1.175
60.52000 1.101
60.54000 2.665
60.56000 3.014
60.58000 0.672
60.60000 0.150
60.62000 -0.384
60.64000 -0.188
60.66000 -2.164
60.68000 -1.036
60.70000 -1.684
60.72000 -1.243
60.74000 2.474
60.76000 0.719
60.78000 0.778
60.80000 -0.266
60.82000 1.778
60.84000 1.345
60.86000 0.021
60.88000 0.032
60.90000 0.308
60.92000 1.353
60.94000 3.596
60.96000 0.450
60.98000 0.010
61.00000 3.873
61.02000 3.900
61.04000 1.943
61.06000 0.749
61.08000 0.745
61.10000 -0.927
61.12000 -1.664
61.14000 -2.154
61.16000 -0.968
61.18000 -1.756
61.20000 -0.041
61.22000 -0.854
61.24000 3.380
61.26000 2.114
61.28000 1.200
61.30000 1.382
61.32000 3.609
61.34000 1.469
61.36000 2.983
61.38000 3.433
61.40000 1.263
61.42000 -0.357
61.44000 0.679
61.46000 2.728
61.48000 2.927
61.50000 2.335
61.52000 3.090
61.54000 1.487
61.56000 -0.275
61.58000 -2.132
61.60000 2.234
61.62000 2.678
61.64000 3.182
61.66000 3.566
61.68000 3.312
61.70000 0.835
61.72000 -0.988
61.74000 0.579
61.76000 0.134
61.78000 1.284
61.80000 0.488
61.82000 -1.207
61.84000 -1.122
61.86000 -0.556
61.88000 1.661
61.90000 1.160
61.92000 -1.139
61.94000 2.109
61.96000 3.641
61.98000 5.279
62.00000 1.884
62.02000 2.541
62.04000 3.208
62.06000 1.202
62.08000 2.213
62.10000 1.562
62.12000 2.260
62.14000 3.385
62.16000 5.713
62.18000 2.405
62.20000 0.777
62.22000 -0.490
62.24000 -0.350
62.26000 -0.683
62.28000 3.090
62.30000 4.912
62.32000 3.009
62.34000 -1.581
62.36000 -2.118
62.38000 4.504
62.40000 4.165
62.42000 4.587
62.44000 2.212
62.46000 0.190
62.48000 2.428
62.50000 2.386
62.52000 2.326
62.54000 -2.105
62.56000 1.367
62.58000 2.004
62.60000 3.076
62.62000 2.357
62.64000 1.456
62.66000 2.449
62.68000 2.268
62.70000 0.905
62.72000 2.132
62.74000 4.275
62.76000 2.422
62.78000 0.751
62.80000 0.879
62.82000 1.005
62.84000 3.614
62.86000 0.767
62.88000 -0.202
62.90000 1.473
62.92000 3.534
62.94000 1.432
62.96000 2.024
62.98000 0.209
63.00000 -1.290
63.02000 0.638
63.04000 0.778
63.06000 0.932
63.08000 1.635
63.10000 3.418
63.12000 1.558
63.14000 0.415
63.16000 0.339
63.18000 1.555
63.20000 -1.401
63.22000 -1.428
63.24000 -1.020
63.26000 -0.682
63.28000 -1.530
63.30000 1.575
63.32000 0.077
63.34000 0.254
63.36000 -0.753
63.38000 0.271
63.40000 -0.399
63.42000 0.182
63.44000 -1.391
63.46000 0.479
63.48000 -1.110
63.50000 1.141
63.52000 -0.364
63.54000 -2.131
63.56000 -0.234
63.58000 -0.625
63.60000 -0.597
63.62000 -1.478
63.64000 -0.561
63.66000 -0.079
63.68000 -0.007
63.70000 -0.500
63.72000 0.739
63.74000 0.189
63.76000 -0.666
63.78000 -0.205
63.80000 0.011
63.82000 1.881
63.84000 2.695
63.86000 3.720
63.88000 5.307
63.90000 0.771
63.92000 0.841
63.94000 0.430
63.96000 1.534
63.98000 0.723
64.00000 1.907
64.02000 4.991
64.04000 5.075
64.06000 1.210
64.08000 -2.109
64.10000 0.238
64.12000 3.185
64.14000 4.037
64.16000 2.147
64.18000 4.489
64.20000 3.903
64.22000 3.391
64.24000 2.644
64.26000 3.117
64.28000 0.182
64.30000 3.743
64.32000 4.085
64.34000 2.428
64.36000 1.109
64.38000 0.052
64.40000 0.191
64.42000 -0.358
64.44000 1.130
64.46000 -2.129
64.48000 -0.860
64.50000 1.730
64.52000 -0.574
64.54000 -0.335
64.56000 2.977
64.58000 -0.158
64.60000 2.566
64.62000 1.182
64.64000 0.125
64.66000 2.293
64.68000 0.123
64.70000 1.749
64.72000 4.064
64.74000 5.245
64.76000 2.548
64.78000 0.540
64.80000 2.479
64.82000 2.541
64.84000 0.902
64.86000 1.194
64.88000 3.086
64.90000 -0.603
64.92000 0.719
64.94000 1.345
64.96000 -0.759
64.98000 -1.621
65.00000 -0.981
65.02000 -0.846
65.04000 -2.136
65.06000 0.247
65.08000 3.040
65.10000 0.648
65.12000 -0.506
65.14000 0.378
65.16000 -0.232
65.18000 0.394
65.20000 -0.204
65.22000 -0.964
65.24000 0.107
65.26000 -1.111
65.28000 -0.527
65.30000 2.829
65.32000 2.984
65.34000 0.009
65.36000 0.646
65.38000 1.707
65.40000 1.399
65.42000 0.468
65.44000 2.414
65.46000 2.500
65.48000 1.160
65.50000 3.522
65.52000 1.591
65.54000 -0.859
65.56000 2.467
65.58000 1.935
65.60000 3.770
65.62000 0.588
65.64000 -2.109
65.66000 1.580
65.68000 2.856
65.70000 0.525
65.72000 -2.108
65.74000 -0.685
65.76000 -1.179
65.78000 -0.725
65.80000 1.293
65.82000 -0.327
65.84000 0.226
65.86000 -0.515
65.88000 1.061
65.90000 -1.616
65.92000 -0.490
65.94000 1.380
65.96000 4.742
65.98000 2.339
66.00000 -0.500
66.02000 -2.104
66.04000 -0.080
66.06000 1.383
66.08000 0.520
66.10000 -0.681
66.12000 1.571
66.14000 -0.272
66.16000 -0.124
66.18000 1.151
66.20000 1.093
66.22000 1.157
66.24000 1.794
66.26000 1.555
66.28000 0.691
66.30000 0.685
66.32000 -0.696
66.34000 -1.162
66.36000 -1.038
66.38000 -0.305
66.40000 -0.771
66.42000 -0.852
66.44000 1.424
66.46000 3.223
66.48000 3.249
66.50000 2.347
66.52000 2.502
66.54000 1.914
66.56000 1.744
66.58000 3.415
66.60000 0.951
66.62000 -1.538
66.64000 -1.024
66.66000 1.002
66.68000 1.617
66.70000 0.285
66.72000 -0.678
66.74000 -1.940
66.76000 0.939
66.78000 -0.900
66.80000 -0.514
66.82000 1.559
66.84000 1.896
66.86000 2.188
66.88000 2.477
66.90000 0.672
66.92000 -1.100
66.94000 -2.121
66.96000 -1.845
66.98000 1.168
67.00000 2.628
67.02000 2.958
67.04000 4.866
67.06000 3.915
67.08000 2.986
67.10000 1.864
67.12000 -0.487
67.14000 0.131
67.16000 -0.188
67.18000 -0.528
67.20000 2.324
67.22000 2.092
67.24000 0.011
67.26000 2.504
67.28000 1.174
67.30000 0.205
67.32000 1.390
67.34000 3.353
67.36000 1.835
67.38000 -1.290
67.40000 -0.195
67.42000 2.091
67.44000 3.164
67.46000 4.239
67.48000 -0.766
67.50000 -2.108
67.52000 0.807
67.54000 3.351
67.56000 6.218
67.58000 5.628
67.60000 2.271
67.62000 0.166
67.64000 1.914
67.66000 1.104
67.68000 0.734
67.70000 2.445
67.72000 1.536
67.74000 1.421
67.76000 3.234
67.78000 0.442
67.80000 1.457
67.82000 0.067
67.84000 2.065
67.86000 3.107
67.88000 3.257
67.90000 1.002
67.92000 -0.364
67.94000 0.096
67.96000 -0.723
67.98000 -0.807
68.00000 0.840
68.02000 3.485
68.04000 4.155
68.06000 2.351
68.08000 1.205
68.10000 3.992
68.12000 3.646
68.14000 5.404
68.16000 4.360
68.18000 2.868
68.20000 3.705
68.22000 5.501
68.24000 4.027
68.26000 3.175
68.28000 1.020
68.30000 1.884
68.32000 3.598
68.34000 7.852
68.36000 9.154
68.38000 5.409
68.40000 5.660
68.42000 5.803
68.44000 7.281
68.46000 9.665
68.48000 9.496
68.50000 9.953
68.52000 10.108
68.54000 11.452
68.56000 11.138
68.58000 11.652
68.60000 12.081
68.62000 13.903
68.64000 10.752
68.66000 11.627
68.68000 10.530
68.70000 11.958
68.72000 12.899
68.74000 15.288
68.76000 16.415
68.78000 17.206
68.80000 16.551
68.82000 17.912
68.84000 14.387
68.86000 14.900
68.88000 17.504
68.90000 19.984
68.92000 18.155
68.94000 18.261
68.96000 19.608
68.98000 19.873
69.00000 20.032
69.02000 17.433
69.04000 16.532
69.06000 19.911
69.08000 17.760
69.10000 14.203
69.12000 12.134
69.14000 14.508
69.16000 14.470
69.18000 14.414
69.20000 13.770
69.22000 16.558
69.24000 17.181
69.26000 15.052
69.28000 11.829
69.30000 9.930
69.32000 7.736
69.34000 8.178
69.36000 9.451
69.38000 14.083
69.40000 11.937
69.42000 5.780
69.44000 8.802
69.46000 7.642
69.48000 5.188
69.50000 4.686
69.52000 7.306
69.54000 5.835
69.56000 4.899
69.58000 6.690
69.60000 5.390
69.62000 4.827
69.64000 4.413
69.66000 8.943
69.68000 6.138
69.70000 5.530
69.72000 3.738
69.74000 4.586
69.76000 3.084
69.78000 5.765
69.80000 4.606
69.82000 3.964
69.84000 3.501
69.86000 3.042
69.88000 -0.614
69.90000 0.778
69.92000 2.743
69.94000 2.414
69.96000 3.398
69.98000 3.400
70.00000 2.531
70.02000 3.872
70.04000 5.267
70.06000 5.512
70.08000 1.566
70.10000 -2.076
70.12000 -1.002
70.14000 3.284
70.16000 4.303
70.18000 3.054
70.20000 1.525
70.22000 2.759
70.24000 0.596
70.26000 -0.250
70.28000 -0.575
70.30000 1.806
70.32000 -1.378
70.34000 -0.617
70.36000 5.039
70.38000 1.353
70.40000 0.944
70.42000 2.288
70.44000 2.987
70.46000 1.237
70.48000 1.674
70.50000 0.668
70.52000 2.107
70.54000 1.822
70.56000 -0.320
70.58000 0.730
70.60000 1.850
70.62000 2.107
70.64000 0.775
70.66000 0.106
70.68000 2.850
70.70000 3.700
70.72000 3.635
70.74000 3.964
70.76000 2.008
70.78000 3.784
70.80000 1.207
70.82000 -2.030
70.84000 -1.242
70.86000 2.882
70.88000 2.922
70.90000 0.668
70.92000 2.239
70.94000 2.225
70.96000 -0.747
70.98000 1.022
71.00000 2.479
71.02000 1.886
71.04000 1.192
71.06000 0.515
71.08000 0.670
71.10000 2.994
71.12000 2.971
71.14000 2.244
71.16000 1.271
71.18000 2.074
71.20000 -1.874
71.22000 -2.015
71.24000 -1.453
71.26000 -1.147
71.28000 1.521
71.30000 1.160
71.32000 0.611
71.34000 1.341
71.36000 1.868
71.38000 1.017
71.40000 1.240
71.42000 1.306
71.44000 2.797
71.46000 0.875
71.48000 -1.362
71.50000 0.773
71.52000 1.492
71.54000 0.387
71.56000 0.459
71.58000 -0.562
71.60000 -1.107
71.62000 -0.848
71.64000 -0.276
71.66000 -0.944
71.68000 -0.396
71.70000 1.018
71.72000 2.857
71.74000 3.703
71.76000 2.868
71.78000 -1.995
71.80000 -0.171
71.82000 -0.619
71.84000 -0.556
71.86000 2.448
71.88000 2.682
71.90000 3.315
71.92000 3.287
71.94000 1.281
71.96000 0.718
71.98000 0.621
72.00000 0.959
72.02000 2.871
72.04000 2.138
72.06000 1.824
72.08000 1.010
72.10000 -1.977
72.12000 -1.026
72.14000 0.321
72.16000 2.310
72.18000 2.366
72.20000 0.421
72.22000 -0.309
72.24000 3.722
72.26000 1.766
72.28000 0.685
72.30000 0.689
72.32000 -1.161
72.34000 0.416
72.36000 -0.540
72.38000 2.822
72.40000 0.765
72.42000 0.402
72.44000 1.763
72.46000 1.295
72.48000 1.991
72.50000 0.291
72.52000 0.923
72.54000 0.541
72.56000 2.616
72.58000 1.508
72.60000 2.814
72.62000 1.221
72.64000 1.998
72.66000 2.327
72.68000 0.768
72.70000 2.099
72.72000 3.175
72.74000 -0.315
72.76000 -1.300
72.78000 -1.083
72.80000 -0.039
72.82000 2.335
72.84000 4.366
72.86000 2.242
72.88000 -0.332
72.90000 0.326
72.92000 -1.960
72.94000 1.244
72.96000 4.118
72.98000 1.207
73.00000 -1.648
73.02000 0.540
73.04000 1.479
73.06000 3.001
73.08000 3.331
73.10000 1.125
73.12000 1.238
73.14000 -0.401
73.16000 -0.980
73.18000 -0.599
73.20000 3.452
73.22000 4.753
73.24000 4.554
73.26000 4.644
73.28000 2.992
73.30000 -0.383
73.32000 -1.961
73.34000 0.823
73.36000 0.543
73.38000 -1.672
73.40000 2.236
73.42000 4.116
73.44000 1.102
73.46000 0.726
73.48000 -1.770
73.50000 1.543
73.52000 0.734
73.54000 -0.844
73.56000 -0.335
73.58000 0.537
73.60000 -0.487
73.62000 0.193
73.64000 1.216
73.66000 0.995
73.68000 0.210
73.70000 -1.946
73.72000 2.092
73.74000 3.616
73.76000 1.085
73.78000 1.673
73.80000 1.373
73.82000 2.846
73.84000 0.721
73.86000 1.737
73.88000 2.261
73.90000 3.954
73.92000 1.596
73.94000 0.057
73.96000 -0.611
73.98000 -0.627
74.00000 -1.959
74.02000 0.468
74.04000 3.617
74.06000 -0.239
74.08000 -1.961
74.10000 -0.895
74.12000 0.778
74.14000 -0.388
74.16000 -1.302
74.18000 -0.344
74.20000 0.250
74.22000 -0.074
74.24000 -0.311
74.26000 -1.407
74.28000 0.577
74.30000 0.807
74.32000 0.371
74.34000 -0.491
74.36000 1.443
74.38000 -1.150
74.40000 3.545
74.42000 4.419
74.44000 1.621
74.46000 0.117
74.48000 1.999
74.50000 1.229
74.52000 -0.322
74.54000 -0.079
74.56000 -1.063
74.58000 -1.954
74.60000 0.352
74.62000 1.817
74.64000 2.246
74.66000 -0.763
74.68000 2.312
74.70000 5.239
74.72000 3.384
74.74000 0.449
74.76000 1.663
74.78000 -0.537
74.80000 0.445
74.82000 1.937
74.84000 2.913
74.86000 1.958
74.88000 4.622
74.90000 6.004
74.92000 3.112
74.94000 0.701
74.96000 0.958
74.98000 0.471
75.00000 -1.509
75.02000 0.136
75.04000 0.645
75.06000 0.083
75.08000 1.291
75.10000 0.973
75.12000 2.644
75.14000 3.996
75.16000 4.068
75.18000 2.633
75.20000 -0.873
75.22000 1.944
75.24000 5.821
75.26000 2.060
75.28000 0.146
75.30000 -0.163
75.32000 -1.925
75.34000 -0.268
75.36000 2.144
75.38000 4.582
75.40000 4.989
75.42000 0.985
75.44000 3.870
75.46000 3.112
75.48000 0.440
75.50000 1.046
75.52000 1.980
75.54000 4.787
75.56000 2.531
75.58000 1.466
75.60000 3.215
75.62000 4.532
75.64000 4.134
75.66000 0.991
75.68000 4.010
75.70000 2.102
75.72000 -0.193
75.74000 2.536
75.76000 -0.962
75.78000 0.968
75.80000 0.902
75.82000 0.064
75.84000 1.782
75.86000 5.734
75.88000 5.708
75.90000 7.559
75.92000 2.460
75.94000 0.286
75.96000 2.721
75.98000 3.396
76.00000 2.714
76.02000 0.614
76.04000 2.684
76.06000 2.824
76.08000 0.691
76.10000 1.625
76.12000 3.808
76.14000 1.451
76.16000 3.108
76.18000 2.280
76.20000 4.027
76.22000 6.786
76.24000 2.252
76.26000 1.178
76.28000 1.105
76.30000 -0.083
76.32000 1.479
76.34000 1.055
76.36000 -0.260
76.38000 1.982
76.40000 2.461
76.42000 4.723
76.44000 1.179
76.46000 1.641
76.48000 4.771
76.50000 -1.921
76.52000 -1.920
76.54000 1.594
76.56000 1.442
76.58000 3.315
76.60000 9.228
76.62000 5.394
76.64000 7.289
76.66000 2.953
76.68000 -1.812
76.70000 -1.941
76.72000 1.923
76.74000 4.578
76.76000 4.641
76.78000 7.388
76.80000 3.618
76.82000 -0.246
76.84000 0.814
76.86000 2.120
76.88000 0.907
76.90000 2.348
76.92000 2.223
76.94000 2.657
76.96000 2.157
76.98000 1.662
77.00000 -0.367
77.02000 2.439
77.04000 2.056
77.06000 0.753
77.08000 1.852
77.10000 3.793
77.12000 -0.222
77.14000 1.220
77.16000 1.177
77.18000 -0.030
77.20000 -0.056
77.22000 0.864
77.24000 1.006
77.26000 0.841
77.28000 0.820
77.30000 1.561
77.32000 5.306
77.34000 2.041
77.36000 2.143
77.38000 -0.480
77.40000 3.045
77.42000 1.826
77.44000 -0.402
77.46000 0.141
77.48000 3.795
77.50000 3.020
77.52000 1.701
77.54000 3.402
77.56000 3.417
77.58000 1.134
77.60000 0.992
77.62000 3.245
77.64000 1.030
77.66000 1.636
77.68000 0.592
77.70000 1.134
77.72000 -0.827
77.74000 0.002
77.76000 0.648
77.78000 0.538
77.80000 0.419
77.82000 -1.770
77.84000 -1.997
77.86000 0.312
77.88000 0.879
77.90000 1.245
77.92000 1.853
77.94000 2.524
77.96000 0.429
77.98000 -0.100
78.00000 3.014
78.02000 1.127
78.04000 1.401
78.06000 -1.853
78.08000 -0.398
78.10000 2.180
78.12000 2.522
78.14000 0.329
78.16000 -0.234
78.18000 1.743
78.20000 0.245
78.22000 1.446
78.24000 2.157
78.26000 0.112
78.28000 0.880
78.30000 2.505
78.32000 3.839
78.34000 4.191
78.36000 4.766
78.38000 4.564
78.40000 2.804
78.42000 1.873
78.44000 1.174
78.46000 -1.986
78.48000 -0.864
78.50000 1.756
78.52000 0.646
78.54000 -0.570
78.56000 -0.387
78.58000 1.743
78.60000 1.353
78.62000 2.353
78.64000 4.549
78.66000 6.122
78.68000 3.710
78.70000 2.165
78.72000 -0.103
78.74000 -1.980
78.76000 -0.069
78.78000 3.214
78.80000 1.909
78.82000 0.248
78.84000 -0.125
78.86000 4.193
78.88000 2.194
78.90000 0.880
78.92000 2.040
78.94000 2.404
78.96000 2.387
78.98000 1.455
79.00000 -0.232
79.02000 0.285
79.04000 1.457
79.06000 3.297
79.08000 1.304
79.10000 1.811
79.12000 -0.305
79.14000 0.910
79.16000 0.402
79.18000 1.085
79.20000 2.665
79.22000 1.558
79.24000 2.898
79.26000 4.444
79.28000 2.809
79.30000 1.029
79.32000 -1.515
79.34000 0.956
79.36000 5.973
79.38000 3.286
79.40000 1.750
79.42000 3.814
79.44000 1.733
79.46000 1.457
79.48000 3.309
79.50000 4.363
79.52000 4.096
79.54000 5.222
79.56000 2.710
79.58000 3.923
79.60000 1.625
79.62000 0.106
79.64000 -0.100
79.66000 3.868
79.68000 4.422
79.70000 3.269
79.72000 -0.257
79.74000 -2.013
79.76000 0.287
79.78000 0.006
79.80000 3.374
79.82000 2.886
79.84000 3.536
79.86000 2.295
79.88000 -1.442
79.90000 0.187
79.92000 3.461
79.94000 0.579
79.96000 2.087
79.98000 1.023
80.00000 1.576
80.02000 0.114
80.04000 2.642
80.06000 1.695
80.08000 0.202
80.10000 0.606
80.12000 4.191
80.14000 1.339
80.16000 0.934
80.18000 1.079
80.20000 0.359
80.22000 2.282
80.24000 0.216
80.26000 -0.256
80.28000 -0.122
80.30000 1.277
80.32000 -0.734
80.34000 -0.203
80.36000 -2.039
80.38000 -1.429
80.40000 0.762
80.42000 3.485
80.44000 1.112
80.46000 3.458
80.48000 2.500
80.50000 2.333
80.52000 1.342
80.54000 2.041
80.56000 2.921
80.58000 3.442
80.60000 1.352
80.62000 2.705
80.64000 0.810
80.66000 1.785
80.68000 1.350
80.70000 0.518
80.72000 -0.066
80.74000 0.629
80.76000 -1.214
80.78000 -1.166
80.80000 -1.745
80.82000 -0.735
80.84000 2.102
80.86000 4.440
80.88000 5.251
80.90000 2.593
80.92000 -2.050
80.94000 -1.319
80.96000 2.056
80.98000 4.001
81.00000 4.234
81.02000 4.647
81.04000 0.713
81.06000 2.016
81.08000 4.682
81.10000 4.082
81.12000 3.499
81.14000 2.450
81.16000 2.159
81.18000 -0.177
81.20000 -1.202
81.22000 4.722
81.24000 3.084
81.26000 1.313
81.28000 1.159
81.30000 2.584
81.32000 2.338
81.34000 0.571
81.36000 0.552
81.38000 4.227
81.40000 1.724
81.42000 2.969
81.44000 1.552
81.46000 3.797
81.48000 2.835
81.50000 5.068
81.52000 2.579
81.54000 1.987
81.56000 -0.363
81.58000 -0.192
81.60000 0.649
81.62000 -2.140
81.64000 -1.741
81.66000 1.674
81.68000 5.802
81.70000 4.016
81.72000 1.828
81.74000 3.413
81.76000 1.354
81.78000 1.312
81.80000 2.317
81.82000 0.462
81.84000 7.118
81.86000 6.612
81.88000 3.843
81.90000 1.404
81.92000 5.117
81.94000 10.434
81.96000 5.793
81.98000 6.993
82.00000 8.515
82.02000 7.488
82.04000 13.417
82.06000 9.132
82.08000 9.504
82.10000 8.292
82.12000 9.444
82.14000 9.358
82.16000 11.193
82.18000 9.058
82.20000 9.829
82.22000 8.230
82.24000 9.947
82.26000 14.187
82.28000 15.147
82.30000 17.951
82.32000 17.657
82.34000 14.768
82.36000 15.358
82.38000 16.268
82.40000 18.634
82.42000 20.456
82.44000 19.515
82.46000 23.285
82.48000 26.811
82.50000 26.886
82.52000 26.351
82.54000 30.276
82.56000 30.443
82.58000 30.881
82.60000 35.274
82.62000 31.006
82.64000 35.493
82.66000 35.997
82.68000 35.045
82.70000 37.576
82.72000 41.429
82.74000 38.072
82.76000 42.282
82.78000 47.953
82.80000 51.600
82.82000 51.318
82.84000 48.912
82.86000 45.750
82.88000 53.266
82.90000 54.558
82.92000 53.560
82.94000 52.748
82.96000 55.085
82.98000 58.060
83.00000 60.381
83.02000 59.270
83.04000 56.317
83.06000 60.371
83.08000 60.082
83.10000 57.775
83.12000 60.710
83.14000 61.404
83.16000 64.644
83.18000 54.334
83.20000 53.845
83.22000 57.768
83.24000 57.644
83.26000 57.828
83.28000 59.708
83.30000 54.578
83.32000 51.750
83.34000 54.258
83.36000 56.881
83.38000 55.849
83.40000 51.139
83.42000 48.640
83.44000 46.627
83.46000 43.106
83.48000 43.118
83.50000 44.547
83.52000 43.932
83.54000 39.592
83.56000 41.416
83.58000 38.392
83.60000 32.301
83.62000 28.758
83.64000 30.761
83.66000 34.831
83.68000 34.042
83.70000 32.554
83.72000 27.715
83.74000 24.043
83.76000 23.310
83.78000 22.105
83.80000 22.058
83.82000 18.942
83.84000 20.506
83.86000 17.731
83.88000 15.036
83.90000 17.844
83.92000 15.751
83.94000 19.059
83.96000 18.425
83.98000 12.422
84.00000 15.974
84.02000 16.102
84.04000 17.805
84.06000 15.209
84.08000 13.044
84.10000 12.627
84.12000 9.668
84.14000 8.911
84.16000 5.047
84.18000 7.666
84.20000 10.505
84.22000 10.300
84.24000 8.242
84.26000 7.233
84.28000 6.396
84.30000 3.981
84.32000 2.937
84.34000 8.011
84.36000 9.483
84.38000 8.715
84.40000 6.249
84.42000 3.258
84.44000 3.201
84.46000 0.035
84.48000 0.959
84.50000 1.551
84.52000 1.051
84.54000 3.899
84.56000 1.997
84.58000 2.781
84.60000 2.565
84.62000 1.341
84.64000 -0.303
84.66000 1.135
84.68000 2.060
84.70000 2.389
84.72000 -2.181
84.74000 0.686
84.76000 0.996
84.78000 1.283
84.80000 -0.063
84.82000 -0.519
84.84000 0.281
84.86000 3.838
84.88000 4.106
84.90000 6.496
84.92000 2.632
84.94000 2.330
84.96000 2.733
84.98000 4.276
85.00000 2.820
85.02000 3.581
85.04000 1.287
85.06000 2.436
85.08000 2.764
85.10000 1.325
85.12000 2.919
85.14000 4.443
85.16000 0.556
85.18000 1.742
85.20000 -0.129
85.22000 1.494
85.24000 1.888
85.26000 3.913
85.28000 5.617
85.30000 2.799
85.32000 4.900
85.34000 6.335
85.36000 5.848
85.38000 3.501
85.40000 -0.316
85.42000 -1.501
85.44000 3.671
85.46000 4.598
85.48000 4.414
85.50000 5.726
85.52000 2.412
85.54000 -2.027
85.56000 -0.598
85.58000 1.945
85.60000 4.602
85.62000 4.104
85.64000 4.246
85.66000 3.140
85.68000 4.109
85.70000 4.774
85.72000 3.755
85.74000 2.124
85.76000 4.708
85.78000 0.677
85.80000 1.695
85.82000 1.345
85.84000 1.961
85.86000 3.730
85.88000 6.923
85.90000 7.511
85.92000 5.962
85.94000 3.287
85.96000 1.775
85.98000 1.780
86.00000 4.401
86.02000 2.030
86.04000 0.044
86.06000 -2.071
86.08000 -0.776
86.10000 4.367
86.12000 4.161
86.14000 5.529
86.16000 2.252
86.18000 3.355
86.20000 1.962
86.22000 0.444
86.24000 0.651
86.26000 0.648
86.28000 3.011
86.30000 1.693
86.32000 1.179
86.34000 1.002
86.36000 1.019
86.38000 0.343
86.40000 3.391
86.42000 3.940
86.44000 4.169
86.46000 5.051
86.48000 5.020
86.50000 5.303
86.52000 5.812
86.54000 6.976
86.56000 6.766
86.58000 4.038
86.60000 6.123
86.62000 3.056
86.64000 0.749
86.66000 1.757
86.68000 4.982
86.70000 7.148
86.72000 6.192
86.74000 8.315
86.76000 9.282
86.78000 7.422
86.80000 11.876
86.82000 12.291
86.84000 11.846
86.86000 10.074
86.88000 9.474
86.90000 13.796
86.92000 13.854
86.94000 11.540
86.96000 11.175
86.98000 15.667
87.00000 20.292
87.02000 19.243
87.04000 18.920
87.06000 19.269
87.08000 18.232
87.10000 22.803
87.12000 24.625
87.14000 24.329
87.16000 22.290
87.18000 22.724
87.20000 20.824
87.22000 27.542
87.24000 29.784
87.26000 28.611
87.28000 30.941
87.30000 33.613
87.32000 34.603
87.34000 31.084
87.36000 29.142
87.38000 27.710
87.40000 34.266
87.42000 34.803
87.44000 37.297
87.46000 33.843
87.48000 30.764
87.50000 32.493
87.52000 37.698
87.54000 37.677
87.56000 33.764
87.58000 35.038
87.60000 37.653
87.62000 33.722
87.64000 32.513
87.66000 31.593
87.68000 31.307
87.70000 31.667
87.72000 28.486
87.74000 31.189
87.76000 31.007
87.78000 28.625
87.80000 28.595
87.82000 30.247
87.84000 27.231
87.86000 25.773
87.88000 26.420
87.90000 26.019
87.92000 26.623
87.94000 22.568
87.96000 22.743
87.98000 24.619
88.00000 25.043
88.02000 21.251
88.04000 20.562
88.06000 24.384
88.08000 23.908
88.10000 22.039
88.12000 20.467
88.14000 16.995
88.16000 16.381
88.18000 17.435
88.20000 14.816
88.22000 18.617
88.24000 15.569
88.26000 13.904
88.28000 15.886
88.30000 14.421
88.32000 15.878
88.34000 19.027
88.36000 16.889
88.38000 10.782
88.40000 9.270
88.42000 8.595
88.44000 10.935
88.46000 9.234
88.48000 7.708
88.50000 4.954
88.52000 5.677
88.54000 5.947
88.56000 6.794
88.58000 5.497
88.60000 2.187
88.62000 5.264
88.64000 4.385
88.66000 5.130
88.68000 6.043
88.70000 9.302
88.72000 12.666
88.74000 8.731
88.76000 6.098
88.78000 3.808
88.80000 4.100
88.82000 7.586
88.84000 6.125
88.86000 5.609
88.88000 3.620
88.90000 4.922
88.92000 6.230
88.94000 1.063
88.96000 0.669
88.98000 2.612
89.00000 -0.164
89.02000 -1.026
89.04000 0.227
89.06000 2.739
89.08000 1.828
89.10000 2.161
89.12000 3.686
89.14000 2.976
89.16000 4.169
89.18000 2.672
89.20000 0.180
89.22000 -0.561
89.24000 1.043
89.26000 1.914
89.28000 4.318
89.30000 -1.703
89.32000 -1.941
89.34000 1.709
89.36000 2.766
89.38000 3.097
89.40000 2.377
89.42000 1.974
89.44000 1.182
89.46000 -1.471
89.48000 -1.350
89.50000 4.536
89.52000 3.190
89.54000 4.020
89.56000 1.572
89.58000 -1.915
89.60000 5.572
89.62000 2.224
89.64000 1.262
89.66000 3.771
89.68000 5.081
89.70000 -0.491
89.72000 0.927
89.74000 1.928
89.76000 0.603
89.78000 0.244
89.80000 -1.127
89.82000 2.924
89.84000 5.131
89.86000 2.205
89.88000 1.505
89.90000 0.245
89.92000 0.774
89.94000 2.181
89.96000 1.866
89.98000 0.318
90.00000 1.340
90.02000 5.010
90.04000 6.003
90.06000 4.401
90.08000 2.586
90.10000 -1.870
90.12000 2.266
90.14000 3.418
90.16000 1.095
90.18000 2.962
90.20000 5.371
90.22000 3.553
90.24000 4.140
90.26000 2.021
90.28000 2.416
90.30000 2.903
90.32000 4.680
90.34000 3.014
90.36000 -1.854
90.38000 2.380
90.40000 6.337
90.42000 2.208
90.44000 3.534
90.46000 1.559
90.48000 1.459
90.50000 2.392
90.52000 1.900
90.54000 3.718
90.56000 3.512
90.58000 4.686
90.60000 5.019
90.62000 6.352
90.64000 -1.844
90.66000 1.283
90.68000 1.578
90.70000 2.208
90.72000 -0.582
90.74000 2.285
90.76000 3.096
90.78000 3.389
90.80000 5.829
90.82000 2.212
90.84000 -0.434
90.86000 1.277
90.88000 4.085
90.90000 2.156
90.92000 2.327
90.94000 5.138
90.96000 4.206
90.98000 2.877
91.00000 1.882
91.02000 0.130
91.04000 -0.168
91.06000 1.207
91.08000 2.864
91.10000 2.968
91.12000 -0.765
91.14000 1.254
91.16000 1.886
91.18000 6.987
91.20000 5.102
91.22000 2.721
91.24000 0.258
91.26000 2.033
91.28000 2.596
91.30000 0.353
91.32000 -1.837
91.34000 2.625
91.36000 -0.606
91.38000 0.260
91.40000 1.394
91.42000 1.686
91.44000 2.049
91.46000 4.308
91.48000 4.812
91.50000 3.454
91.52000 1.206
91.54000 2.907
91.56000 1.819
91.58000 3.078
91.60000 2.406
91.62000 0.789
91.64000 -0.966
91.66000 -0.182
91.68000 2.823
91.70000 2.897
91.72000 0.129
91.74000 0.510
91.76000 2.367
91.78000 0.752
91.80000 2.282
91.82000 2.874
91.84000 0.776
91.86000 2.409
91.88000 2.140
91.90000 5.477
91.92000 4.543
91.94000 1.346
91.96000 0.215
91.98000 2.887
92.00000 4.273
92.02000 2.328
92.04000 -1.867
92.06000 -1.106
92.08000 -1.649
92.10000 -1.067
92.12000 0.243
92.14000 2.074
92.16000 1.998
92.18000 2.863
92.20000 3.779
92.22000 1.564
92.24000 0.141
92.26000 2.163
92.28000 3.289
92.30000 3.566
92.32000 2.659
92.34000 3.354
92.36000 0.187
92.38000 0.062
92.40000 -0.731
92.42000 0.395
92.44000 -0.785
92.46000 -1.217
92.48000 2.185
92.50000 0.033
92.52000 -1.870
92.54000 0.014
92.56000 1.251
92.58000 3.003
92.60000 3.223
92.62000 0.851
92.64000 1.479
92.66000 2.255
92.68000 2.289
92.70000 0.937
92.72000 0.068
92.74000 0.483
92.76000 3.165
92.78000 6.371
92.80000 7.057
92.82000 6.243
92.84000 2.719
92.86000 1.470
92.88000 0.548
92.90000 -1.856
92.92000 1.623
92.94000 -0.078
92.96000 3.183
92.98000 3.771
93.00000 -0.590
93.02000 3.522
93.04000 1.029
93.06000 0.461
93.08000 0.540
93.10000 3.190
93.12000 0.971
93.14000 2.080
93.16000 0.035
93.18000 0.427
93.20000 4.599
93.22000 2.805
93.24000 1.177
93.26000 3.278
93.28000 5.454
93.30000 3.919
93.32000 2.628
93.34000 2.047
93.36000 0.788
93.38000 -1.886
93.40000 0.372
93.42000 4.165
93.44000 -0.341
93.46000 -1.330
93.48000 0.567
93.50000 -1.890
93.52000 -1.268
93.54000 2.643
93.56000 4.466
93.58000 5.161
93.60000 3.434
93.62000 3.870
93.64000 2.926
93.66000 1.748
93.68000 4.003
93.70000 4.671
93.72000 0.187
93.74000 0.187
93.76000 1.462
93.78000 1.315
93.80000 4.041
93.82000 3.137
93.84000 0.231
93.86000 -0.166
93.88000 0.650
93.90000 1.346
93.92000 0.726
93.94000 -0.289
93.96000 0.190
93.98000 2.777
94.00000 1.350
94.02000 3.870
94.04000 3.719
94.06000 2.838
94.08000 3.538
94.10000 2.935
94.12000 0.317
94.14000 1.701
94.16000 1.391
94.18000 -1.899
94.20000 2.040
94.22000 2.847
94.24000 1.984
94.26000 2.501
94.28000 1.539
94.30000 -1.005
94.32000 0.219
94.34000 0.554
94.36000 -0.082
94.38000 0.820
94.40000 3.127
94.42000 4.985
94.44000 3.204
94.46000 1.158
94.48000 -0.177
94.50000 -0.135
94.52000 1.208
94.54000 2.191
94.56000 1.647
94.58000 2.511
94.60000 -0.539
94.62000 -1.002
94.64000 -1.729
94.66000 1.426
94.68000 0.810
94.70000 1.050
94.72000 0.256
94.74000 -1.439
94.76000 -0.147
94.78000 1.543
94.80000 0.261
94.82000 0.691
94.84000 0.852
94.86000 3.322
94.88000 0.277
94.90000 -1.531
94.92000 1.092
94.94000 1.991
94.96000 1.459
94.98000 0.906
95.00000 -1.188
95.02000 2.807
95.04000 1.572
95.06000 0.066
95.08000 0.025
95.10000 -0.417
95.12000 1.553
95.14000 -1.926
95.16000 2.658
95.18000 2.036
95.20000 0.790
95.22000 3.658
95.24000 0.552
95.26000 0.482
95.28000 1.756
95.30000 2.278
95.32000 0.841
95.34000 1.431
95.36000 2.428
95.38000 1.733
95.40000 1.474
95.42000 -0.659
95.44000 -0.695
95.46000 4.593
95.48000 6.395
95.50000 1.546
95.52000 4.119
95.54000 2.826
95.56000 0.941
95.58000 4.742
95.60000 2.208
95.62000 0.647
95.64000 -1.037
95.66000 0.451
95.68000 0.693
95.70000 0.449
95.72000 1.957
95.74000 3.160
95.76000 0.885
95.78000 2.461
95.80000 0.666
95.82000 -0.037
95.84000 2.198
95.86000 3.431
95.88000 4.581
95.90000 2.869
95.92000 3.442
95.94000 4.422
95.96000 5.887
95.98000 5.154
96.00000 6.643
96.02000 4.896
96.04000 6.442
96.06000 7.482
96.08000 7.474
96.10000 7.780
96.12000 2.348
96.14000 0.929
96.16000 1.845
96.18000 3.458
96.20000 3.073
96.22000 2.696
96.24000 3.281
96.26000 1.506
96.28000 4.799
96.30000 3.570
96.32000 5.433
96.34000 5.250
96.36000 5.839
96.38000 5.185
96.40000 6.756
96.42000 0.226
96.44000 4.272
96.46000 7.865
96.48000 2.105
96.50000 -1.839
96.52000 3.748
96.54000 9.428
96.56000 10.062
96.58000 5.016
96.60000 2.345
96.62000 0.514
96.64000 2.869
96.66000 5.646
96.68000 4.177
96.70000 1.052
96.72000 4.833
96.74000 5.164
96.76000 5.026
96.78000 2.603
96.80000 -1.863
96.82000 1.064
96.84000 1.973
96.86000 4.243
96.88000 1.474
96.90000 1.642
96.92000 0.617
96.94000 0.204
96.96000 3.447
96.98000 5.219
97.00000 -0.800
97.02000 -0.680
97.04000 3.170
97.06000 4.350
97.08000 3.963
97.10000 6.711
97.12000 6.219
97.14000 5.450
97.16000 2.584
97.18000 1.190
97.20000 5.090
97.22000 3.823
97.24000 2.461
97.26000 4.469
97.28000 1.720
97.30000 0.825
97.32000 2.513
97.34000 1.500
97.36000 0.601
97.38000 2.496
97.40000 -0.694
97.42000 1.089
97.44000 0.692
97.46000 3.347
97.48000 1.682
97.50000 2.876
97.52000 3.524
97.54000 2.236
97.56000 5.549
97.58000 3.093
97.60000 2.167
97.62000 2.046
97.64000 3.426
97.66000 3.120
97.68000 -0.615
97.70000 1.281
97.72000 0.470
97.74000 6.564
97.76000 2.013
97.78000 -0.692
97.80000 1.071
97.82000 0.480
97.84000 2.307
97.86000 7.255
97.88000 2.555
97.90000 2.365
97.92000 3.066
97.94000 2.477
97.96000 3.313
97.98000 4.998
98.00000 2.559
98.02000 6.786
98.04000 2.351
98.06000 2.864
98.08000 -1.846
98.10000 -0.646
98.12000 4.644
98.14000 2.473
98.16000 3.722
98.18000 4.172
98.20000 6.737
98.22000 9.328
98.24000 10.241
98.26000 10.013
98.28000 2.894
98.30000 4.135
98.32000 8.348
98.34000 4.455
98.36000 4.316
98.38000 10.521
98.40000 7.403
98.42000 -0.336
98.44000 6.887
98.46000 6.726
98.48000 4.479
98.50000 8.976
98.52000 6.558
98.54000 0.737
98.56000 -1.811
98.58000 1.573
98.60000 4.059
98.62000 5.388
98.64000 8.033
98.66000 11.056
98.68000 6.792
98.70000 0.931
98.72000 2.216
98.74000 2.310
98.76000 5.039
98.78000 5.360
98.80000 3.593
98.82000 6.014
98.84000 6.105
98.86000 1.766
98.88000 6.952
98.90000 5.961
98.92000 4.699
98.94000 6.042
98.96000 9.154
98.98000 4.084
99.00000 6.516
99.02000 -1.452
99.04000 1.708
99.06000 2.550
99.08000 3.977
99.10000 11.840
99.12000 7.480
99.14000 8.112
99.16000 -0.021
99.18000 2.154
99.20000 5.309
99.22000 11.981
99.24000 6.745
99.26000 5.521
99.28000 5.892
99.30000 2.911
99.32000 2.797
99.34000 4.535
99.36000 -0.887
99.38000 -0.533
99.40000 7.857
99.42000 6.286
99.44000 5.530
99.46000 10.693
99.48000 9.572
99.50000 2.250
99.52000 -1.820
99.54000 6.749
99.56000 8.967
99.58000 8.644
99.60000 5.258
99.62000 -0.456
99.64000 -1.425
99.66000 4.700
99.68000 -0.023
99.70000 3.617
99.72000 7.535
99.74000 9.960
99.76000 8.078
99.78000 4.901
99.80000 -1.802
99.82000 1.803
99.84000 -1.310
99.86000 2.564
99.88000 4.283
99.90000 4.253
99.92000 4.635
99.94000 -1.958
99.96000 2.031
99.98000 0.000
