'Id: "0011388" Comment: "Integrate frame 0011388_Au-Ir-Rh_Rh-rich_XRD-Mapping-226-0000.gfrmwith cursor Wedge Cursor #5" Operator: "B?rgel" Anode: "Cu" Wavelength: "1.5406" Scantype: "2Theta (TwoTheta)" TimePerStep: "1" X: "-18" Y: "13.5" Z: "5.95" 
10.00000 0.000
10.02000 17.531
10.04000 8.295
10.06000 1.672
10.08000 9.710
10.10000 14.399
10.12000 0.234
10.14000 9.346
10.16000 11.438
10.18000 -4.392
10.20000 5.414
10.22000 6.295
10.24000 9.411
10.26000 -0.801
10.28000 15.921
10.30000 14.567
10.32000 6.558
10.34000 10.046
10.36000 5.130
10.38000 1.959
10.40000 2.156
10.42000 8.179
10.44000 8.991
10.46000 13.996
10.48000 4.679
10.50000 -0.279
10.52000 -2.237
10.54000 -3.159
10.56000 -2.709
10.58000 1.051
10.60000 15.325
10.62000 21.455
10.64000 14.713
10.66000 23.182
10.68000 8.248
10.70000 5.121
10.72000 -0.129
10.74000 7.230
10.76000 14.647
10.78000 17.433
10.80000 3.616
10.82000 12.023
10.84000 10.031
10.86000 -4.367
10.88000 -0.500
10.90000 8.024
10.92000 16.130
10.94000 15.261
10.96000 7.519
10.98000 2.302
11.00000 -0.926
11.02000 11.605
11.04000 9.697
11.06000 2.935
11.08000 6.434
11.10000 16.476
11.12000 13.059
11.14000 20.582
11.16000 15.283
11.18000 17.601
11.20000 18.374
11.22000 15.634
11.24000 11.321
11.26000 21.105
11.28000 22.928
11.30000 18.136
11.32000 15.076
11.34000 4.682
11.36000 5.621
11.38000 10.282
11.40000 10.490
11.42000 20.203
11.44000 14.406
11.46000 6.293
11.48000 1.145
11.50000 5.500
11.52000 12.193
11.54000 20.690
11.56000 19.637
11.58000 9.098
11.60000 10.843
11.62000 18.814
11.64000 8.065
11.66000 14.383
11.68000 17.794
11.70000 16.738
11.72000 9.124
11.74000 4.522
11.76000 11.874
11.78000 12.521
11.80000 11.953
11.82000 13.540
11.84000 3.563
11.86000 11.278
11.88000 13.832
11.90000 1.642
11.92000 2.633
11.94000 1.174
11.96000 9.836
11.98000 11.489
12.00000 2.614
12.02000 7.846
12.04000 14.183
12.06000 11.401
12.08000 14.421
12.10000 20.454
12.12000 8.551
12.14000 -1.954
12.16000 -0.938
12.18000 9.790
12.20000 14.621
12.22000 16.415
12.24000 20.581
12.26000 11.278
12.28000 8.702
12.30000 12.915
12.32000 18.494
12.34000 9.675
12.36000 0.710
12.38000 8.879
12.40000 16.413
12.42000 7.737
12.44000 6.566
12.46000 11.784
12.48000 16.670
12.50000 15.974
12.52000 19.493
12.54000 19.046
12.56000 20.438
12.58000 12.320
12.60000 22.182
12.62000 17.523
12.64000 0.534
12.66000 9.075
12.68000 9.835
12.70000 12.888
12.72000 6.858
12.74000 17.839
12.76000 22.836
12.78000 21.030
12.80000 11.257
12.82000 13.410
12.84000 11.556
12.86000 2.252
12.88000 6.220
12.90000 15.999
12.92000 18.525
12.94000 11.450
12.96000 5.560
12.98000 10.378
13.00000 13.657
13.02000 19.765
13.04000 15.178
13.06000 10.951
13.08000 8.640
13.10000 14.444
13.12000 0.631
13.14000 10.979
13.16000 18.910
13.18000 10.903
13.20000 11.526
13.22000 9.902
13.24000 6.545
13.26000 5.346
13.28000 11.409
13.30000 10.685
13.32000 8.391
13.34000 14.356
13.36000 12.108
13.38000 10.811
13.40000 7.827
13.42000 2.655
13.44000 -0.225
13.46000 11.961
13.48000 9.889
13.50000 7.989
13.52000 10.913
13.54000 4.855
13.56000 7.036
13.58000 12.235
13.60000 13.739
13.62000 11.379
13.64000 9.925
13.66000 13.552
13.68000 13.155
13.70000 -2.400
13.72000 -3.841
13.74000 9.417
13.76000 5.420
13.78000 9.857
13.80000 7.618
13.82000 -1.770
13.84000 8.918
13.86000 12.037
13.88000 10.899
13.90000 16.075
13.92000 14.887
13.94000 12.867
13.96000 11.746
13.98000 5.199
14.00000 3.104
14.02000 -4.503
14.04000 -1.495
14.06000 11.963
14.08000 8.401
14.10000 4.685
14.12000 5.774
14.14000 1.925
14.16000 4.242
14.18000 4.156
14.20000 3.657
14.22000 14.484
14.24000 19.536
14.26000 9.721
14.28000 4.780
14.30000 8.581
14.32000 7.629
14.34000 2.805
14.36000 -3.837
14.38000 4.866
14.40000 15.614
14.42000 15.800
14.44000 10.251
14.46000 11.354
14.48000 12.741
14.50000 5.693
14.52000 0.766
14.54000 6.233
14.56000 6.692
14.58000 2.875
14.60000 2.425
14.62000 9.524
14.64000 12.479
14.66000 10.502
14.68000 2.299
14.70000 1.182
14.72000 2.207
14.74000 6.777
14.76000 12.827
14.78000 9.313
14.80000 3.577
14.82000 0.565
14.84000 10.439
14.86000 3.858
14.88000 11.513
14.90000 7.176
14.92000 8.812
14.94000 12.189
14.96000 11.827
14.98000 8.846
15.00000 7.310
15.02000 5.985
15.04000 7.048
15.06000 2.578
15.08000 9.204
15.10000 8.096
15.12000 0.125
15.14000 4.860
15.16000 10.388
15.18000 10.590
15.20000 7.926
15.22000 4.170
15.24000 8.861
15.26000 7.507
15.28000 4.873
15.30000 7.105
15.32000 7.098
15.34000 11.755
15.36000 5.477
15.38000 6.262
15.40000 2.729
15.42000 6.913
15.44000 13.590
15.46000 5.322
15.48000 7.526
15.50000 7.179
15.52000 7.197
15.54000 5.686
15.56000 9.960
15.58000 4.829
15.60000 -1.612
15.62000 2.705
15.64000 7.518
15.66000 18.196
15.68000 12.315
15.70000 8.308
15.72000 5.868
15.74000 6.405
15.76000 5.021
15.78000 1.377
15.80000 7.079
15.82000 5.710
15.84000 7.547
15.86000 14.663
15.88000 9.646
15.90000 5.661
15.92000 2.482
15.94000 -2.174
15.96000 3.059
15.98000 12.548
16.00000 6.921
16.02000 5.459
16.04000 16.512
16.06000 11.727
16.08000 1.406
16.10000 5.553
16.12000 7.697
16.14000 3.255
16.16000 7.217
16.18000 5.872
16.20000 2.374
16.22000 2.811
16.24000 5.626
16.26000 6.212
16.28000 4.196
16.30000 5.175
16.32000 1.563
16.34000 0.639
16.36000 7.115
16.38000 11.653
16.40000 -1.447
16.42000 -4.428
16.44000 2.563
16.46000 2.658
16.48000 16.139
16.50000 12.611
16.52000 11.594
16.54000 10.801
16.56000 6.080
16.58000 4.258
16.60000 10.804
16.62000 12.280
16.64000 0.997
16.66000 -0.475
16.68000 2.808
16.70000 -1.738
16.72000 -1.350
16.74000 7.653
16.76000 10.103
16.78000 9.308
16.80000 6.549
16.82000 6.544
16.84000 10.062
16.86000 4.000
16.88000 1.212
16.90000 -4.411
16.92000 9.087
16.94000 17.642
16.96000 7.963
16.98000 1.078
17.00000 -3.238
17.02000 4.858
17.04000 4.954
17.06000 1.322
17.08000 -0.599
17.10000 2.980
17.12000 8.950
17.14000 8.085
17.16000 8.385
17.18000 3.570
17.20000 3.431
17.22000 3.978
17.24000 2.750
17.26000 1.316
17.28000 1.293
17.30000 7.036
17.32000 7.067
17.34000 8.057
17.36000 10.489
17.38000 6.256
17.40000 8.449
17.42000 6.405
17.44000 15.900
17.46000 8.531
17.48000 1.785
17.50000 5.163
17.52000 1.211
17.54000 -0.460
17.56000 3.865
17.58000 7.571
17.60000 5.652
17.62000 -4.033
17.64000 3.947
17.66000 14.085
17.68000 9.826
17.70000 7.073
17.72000 6.053
17.74000 7.142
17.76000 4.774
17.78000 5.970
17.80000 6.420
17.82000 4.976
17.84000 5.410
17.86000 4.164
17.88000 6.642
17.90000 7.823
17.92000 6.057
17.94000 4.372
17.96000 8.695
17.98000 9.281
18.00000 3.690
18.02000 -1.701
18.04000 -3.642
18.06000 -1.183
18.08000 7.134
18.10000 5.942
18.12000 1.963
18.14000 8.916
18.16000 9.851
18.18000 7.906
18.20000 6.051
18.22000 10.787
18.24000 5.945
18.26000 7.426
18.28000 19.030
18.30000 7.785
18.32000 3.424
18.34000 1.337
18.36000 5.892
18.38000 8.508
18.40000 1.594
18.42000 -0.402
18.44000 9.447
18.46000 8.525
18.48000 3.551
18.50000 6.437
18.52000 6.815
18.54000 3.232
18.56000 7.447
18.58000 2.870
18.60000 3.234
18.62000 -3.760
18.64000 0.658
18.66000 2.955
18.68000 5.713
18.70000 8.596
18.72000 13.802
18.74000 8.984
18.76000 5.405
18.78000 3.609
18.80000 7.452
18.82000 8.195
18.84000 11.629
18.86000 14.946
18.88000 17.107
18.90000 6.915
18.92000 14.117
18.94000 18.056
18.96000 4.628
18.98000 10.883
19.00000 1.883
19.02000 -4.252
19.04000 9.110
19.06000 14.845
19.08000 9.539
19.10000 9.271
19.12000 11.354
19.14000 6.552
19.16000 8.679
19.18000 7.139
19.20000 3.387
19.22000 10.890
19.24000 14.837
19.26000 5.695
19.28000 0.764
19.30000 3.788
19.32000 4.364
19.34000 4.900
19.36000 0.086
19.38000 5.981
19.40000 17.872
19.42000 17.691
19.44000 7.800
19.46000 9.721
19.48000 7.902
19.50000 6.222
19.52000 7.504
19.54000 12.397
19.56000 13.758
19.58000 10.307
19.60000 6.419
19.62000 3.307
19.64000 1.756
19.66000 3.851
19.68000 1.160
19.70000 1.867
19.72000 12.520
19.74000 7.126
19.76000 6.517
19.78000 3.841
19.80000 3.506
19.82000 6.195
19.84000 11.020
19.86000 7.016
19.88000 5.380
19.90000 11.243
19.92000 11.758
19.94000 11.342
19.96000 14.396
19.98000 7.827
20.00000 2.099
20.02000 5.955
20.04000 4.154
20.06000 0.300
20.08000 8.312
20.10000 6.929
20.12000 3.754
20.14000 11.518
20.16000 13.366
20.18000 10.421
20.20000 3.427
20.22000 5.921
20.24000 8.211
20.26000 4.119
20.28000 4.656
20.30000 2.747
20.32000 -1.868
20.34000 -2.018
20.36000 1.280
20.38000 5.682
20.40000 1.583
20.42000 1.911
20.44000 6.006
20.46000 3.937
20.48000 9.207
20.50000 5.472
20.52000 7.223
20.54000 3.385
20.56000 -4.202
20.58000 8.288
20.60000 8.743
20.62000 1.539
20.64000 -3.597
20.66000 0.915
20.68000 3.616
20.70000 1.298
20.72000 0.647
20.74000 3.483
20.76000 6.350
20.78000 5.809
20.80000 7.040
20.82000 -0.041
20.84000 3.231
20.86000 14.478
20.88000 10.557
20.90000 10.958
20.92000 7.393
20.94000 5.121
20.96000 10.013
20.98000 14.063
21.00000 7.873
21.02000 4.563
21.04000 5.404
21.06000 -2.322
21.08000 3.053
21.10000 0.680
21.12000 4.125
21.14000 8.089
21.16000 8.251
21.18000 1.107
21.20000 3.418
21.22000 8.182
21.24000 -1.277
21.26000 1.129
21.28000 2.160
21.30000 1.921
21.32000 2.246
21.34000 3.751
21.36000 4.091
21.38000 0.336
21.40000 3.522
21.42000 2.765
21.44000 2.158
21.46000 -4.165
21.48000 -4.113
21.50000 0.924
21.52000 7.129
21.54000 12.002
21.56000 8.365
21.58000 3.020
21.60000 3.001
21.62000 4.598
21.64000 2.903
21.66000 0.978
21.68000 4.567
21.70000 4.646
21.72000 0.274
21.74000 1.958
21.76000 6.058
21.78000 9.519
21.80000 4.318
21.82000 0.880
21.84000 -0.357
21.86000 7.748
21.88000 3.329
21.90000 2.689
21.92000 7.846
21.94000 3.265
21.96000 4.731
21.98000 4.943
22.00000 1.833
22.02000 -0.247
22.04000 -3.861
22.06000 -1.513
22.08000 1.819
22.10000 2.690
22.12000 9.370
22.14000 3.778
22.16000 6.093
22.18000 5.665
22.20000 5.455
22.22000 5.141
22.24000 3.714
22.26000 0.977
22.28000 4.050
22.30000 8.717
22.32000 8.189
22.34000 3.338
22.36000 -3.304
22.38000 0.605
22.40000 12.726
22.42000 9.808
22.44000 2.863
22.46000 5.639
22.48000 1.942
22.50000 1.799
22.52000 5.917
22.54000 2.987
22.56000 0.052
22.58000 0.786
22.60000 6.679
22.62000 2.690
22.64000 2.464
22.66000 2.780
22.68000 0.116
22.70000 1.291
22.72000 -0.483
22.74000 2.199
22.76000 0.921
22.78000 1.801
22.80000 3.200
22.82000 2.292
22.84000 -3.239
22.86000 4.008
22.88000 6.717
22.90000 -4.089
22.92000 0.611
22.94000 2.993
22.96000 2.690
22.98000 1.758
23.00000 3.680
23.02000 1.623
23.04000 2.106
23.06000 5.461
23.08000 4.794
23.10000 4.435
23.12000 5.868
23.14000 4.074
23.16000 6.858
23.18000 -0.929
23.20000 0.248
23.22000 1.046
23.24000 4.110
23.26000 5.971
23.28000 -0.855
23.30000 -2.366
23.32000 0.678
23.34000 3.902
23.36000 5.293
23.38000 3.654
23.40000 3.756
23.42000 5.855
23.44000 2.426
23.46000 2.269
23.48000 2.263
23.50000 2.681
23.52000 2.326
23.54000 3.397
23.56000 4.695
23.58000 4.212
23.60000 3.870
23.62000 3.887
23.64000 3.712
23.66000 4.868
23.68000 5.457
23.70000 8.634
23.72000 7.356
23.74000 5.103
23.76000 3.826
23.78000 5.224
23.80000 7.906
23.82000 5.601
23.84000 4.252
23.86000 0.538
23.88000 0.787
23.90000 -4.020
23.92000 -0.009
23.94000 7.014
23.96000 7.149
23.98000 3.687
24.00000 5.230
24.02000 4.944
24.04000 2.100
24.06000 0.454
24.08000 4.436
24.10000 7.089
24.12000 6.885
24.14000 4.532
24.16000 2.429
24.18000 -2.079
24.20000 0.589
24.22000 13.376
24.24000 8.739
24.26000 11.417
24.28000 5.578
24.30000 -3.997
24.32000 1.091
24.34000 -1.891
24.36000 -2.500
24.38000 5.309
24.40000 -2.334
24.42000 -0.300
24.44000 2.263
24.46000 4.483
24.48000 7.016
24.50000 0.592
24.52000 2.890
24.54000 1.532
24.56000 1.335
24.58000 5.866
24.60000 7.740
24.62000 7.382
24.64000 4.272
24.66000 0.436
24.68000 3.352
24.70000 3.886
24.72000 -0.248
24.74000 1.457
24.76000 0.436
24.78000 -2.354
24.80000 -0.352
24.82000 -0.984
24.84000 2.463
24.86000 5.037
24.88000 3.282
24.90000 -0.533
24.92000 -3.984
24.94000 4.058
24.96000 0.813
24.98000 -0.831
25.00000 -1.590
25.02000 3.288
25.04000 2.723
25.06000 2.834
25.08000 -1.540
25.10000 -1.682
25.12000 5.019
25.14000 0.974
25.16000 0.798
25.18000 5.050
25.20000 5.108
25.22000 1.094
25.24000 4.063
25.26000 9.326
25.28000 6.163
25.30000 5.879
25.32000 4.690
25.34000 3.288
25.36000 2.934
25.38000 5.150
25.40000 2.083
25.42000 6.707
25.44000 5.133
25.46000 2.978
25.48000 2.980
25.50000 0.691
25.52000 2.554
25.54000 6.886
25.56000 5.255
25.58000 4.718
25.60000 3.755
25.62000 -1.365
25.64000 -2.794
25.66000 4.318
25.68000 3.976
25.70000 -2.740
25.72000 1.133
25.74000 0.113
25.76000 0.758
25.78000 1.289
25.80000 -2.327
25.82000 -3.939
25.84000 -2.555
25.86000 1.760
25.88000 -0.127
25.90000 0.984
25.92000 -2.031
25.94000 0.460
25.96000 1.652
25.98000 3.063
26.00000 4.861
26.02000 8.713
26.04000 2.626
26.06000 -0.125
26.08000 7.782
26.10000 8.912
26.12000 2.114
26.14000 -1.605
26.16000 -1.291
26.18000 3.696
26.20000 1.831
26.22000 3.829
26.24000 4.707
26.26000 3.624
26.28000 4.427
26.30000 0.622
26.32000 0.557
26.34000 -1.016
26.36000 0.600
26.38000 3.768
26.40000 1.386
26.42000 0.680
26.44000 1.893
26.46000 7.348
26.48000 5.274
26.50000 3.768
26.52000 2.841
26.54000 3.988
26.56000 4.022
26.58000 0.156
26.60000 6.065
26.62000 9.380
26.64000 8.433
26.66000 9.766
26.68000 8.062
26.70000 7.290
26.72000 5.366
26.74000 6.117
26.76000 1.919
26.78000 4.583
26.80000 8.573
26.82000 4.502
26.84000 0.653
26.86000 -0.908
26.88000 -3.855
26.90000 3.523
26.92000 2.224
26.94000 1.105
26.96000 3.648
26.98000 3.931
27.00000 3.579
27.02000 4.850
27.04000 3.250
27.06000 -0.347
27.08000 4.551
27.10000 5.831
27.12000 4.052
27.14000 5.909
27.16000 0.527
27.18000 1.625
27.20000 2.670
27.22000 0.217
27.24000 1.305
27.26000 2.969
27.28000 5.205
27.30000 3.161
27.32000 5.173
27.34000 6.873
27.36000 9.066
27.38000 4.288
27.40000 4.811
27.42000 8.380
27.44000 1.424
27.46000 0.017
27.48000 2.758
27.50000 2.387
27.52000 -0.890
27.54000 7.213
27.56000 5.875
27.58000 1.672
27.60000 1.012
27.62000 -1.581
27.64000 -1.834
27.66000 1.208
27.68000 0.495
27.70000 2.364
27.72000 5.276
27.74000 2.357
27.76000 1.651
27.78000 3.884
27.80000 8.426
27.82000 10.735
27.84000 12.865
27.86000 10.303
27.88000 -0.332
27.90000 2.121
27.92000 4.150
27.94000 4.396
27.96000 3.443
27.98000 0.950
28.00000 1.173
28.02000 0.010
28.04000 0.859
28.06000 5.861
28.08000 5.959
28.10000 0.941
28.12000 0.336
28.14000 -0.514
28.16000 -3.796
28.18000 2.240
28.20000 4.437
28.22000 1.485
28.24000 4.207
28.26000 4.063
28.28000 3.340
28.30000 4.585
28.32000 2.758
28.34000 1.931
28.36000 -0.902
28.38000 2.544
28.40000 6.377
28.42000 5.039
28.44000 2.763
28.46000 12.008
28.48000 7.654
28.50000 3.510
28.52000 5.580
28.54000 5.651
28.56000 2.738
28.58000 1.653
28.60000 -1.085
28.62000 1.611
28.64000 0.498
28.66000 -1.175
28.68000 1.350
28.70000 4.211
28.72000 6.145
28.74000 2.522
28.76000 2.484
28.78000 2.595
28.80000 4.268
28.82000 -0.728
28.84000 -3.752
28.86000 2.154
28.88000 4.788
28.90000 5.015
28.92000 6.491
28.94000 4.389
28.96000 3.177
28.98000 3.081
29.00000 -1.439
29.02000 1.758
29.04000 3.601
29.06000 1.374
29.08000 2.612
29.10000 -0.031
29.12000 -1.599
29.14000 -0.054
29.16000 -2.511
29.18000 1.508
29.20000 3.325
29.22000 6.484
29.24000 3.287
29.26000 3.740
29.28000 3.844
29.30000 6.221
29.32000 5.650
29.34000 3.845
29.36000 -1.053
29.38000 0.487
29.40000 -0.938
29.42000 -1.229
29.44000 -1.819
29.46000 2.639
29.48000 6.210
29.50000 2.126
29.52000 1.886
29.54000 1.500
29.56000 1.778
29.58000 -2.140
29.60000 -1.815
29.62000 0.578
29.64000 -3.410
29.66000 -1.041
29.68000 4.662
29.70000 8.473
29.72000 6.349
29.74000 0.108
29.76000 -1.165
29.78000 -0.450
29.80000 2.579
29.82000 8.530
29.84000 2.637
29.86000 -2.699
29.88000 -1.665
29.90000 -0.544
29.92000 3.125
29.94000 5.589
29.96000 5.218
29.98000 6.506
30.00000 5.183
30.02000 3.710
30.04000 2.311
30.06000 1.786
30.08000 3.437
30.10000 0.311
30.12000 0.430
30.14000 4.563
30.16000 7.225
30.18000 5.741
30.20000 -0.936
30.22000 0.086
30.24000 1.880
30.26000 -3.704
30.28000 1.904
30.30000 3.206
30.32000 2.872
30.34000 5.872
30.36000 2.994
30.38000 1.824
30.40000 7.674
30.42000 9.653
30.44000 7.857
30.46000 5.600
30.48000 0.700
30.50000 -2.611
30.52000 2.995
30.54000 4.389
30.56000 3.044
30.58000 -0.327
30.60000 5.896
30.62000 0.392
30.64000 1.348
30.66000 2.128
30.68000 6.223
30.70000 3.503
30.72000 5.809
30.74000 2.820
30.76000 3.106
30.78000 0.432
30.80000 0.788
30.82000 1.331
30.84000 4.916
30.86000 6.077
30.88000 7.150
30.90000 2.666
30.92000 0.099
30.94000 4.072
30.96000 1.343
30.98000 1.579
31.00000 -3.648
31.02000 -0.250
31.04000 7.685
31.06000 6.103
31.08000 7.512
31.10000 8.273
31.12000 5.807
31.14000 5.588
31.16000 3.286
31.18000 2.600
31.20000 9.834
31.22000 9.864
31.24000 3.661
31.26000 5.940
31.28000 7.255
31.30000 11.242
31.32000 11.825
31.34000 6.349
31.36000 7.178
31.38000 3.907
31.40000 2.656
31.42000 4.399
31.44000 1.515
31.46000 -0.711
31.48000 3.674
31.50000 11.706
31.52000 7.814
31.54000 10.503
31.56000 9.869
31.58000 13.138
31.60000 8.310
31.62000 2.320
31.64000 0.486
31.66000 0.702
31.68000 7.804
31.70000 6.068
31.72000 4.159
31.74000 4.118
31.76000 2.956
31.78000 9.021
31.80000 6.448
31.82000 6.146
31.84000 5.529
31.86000 4.381
31.88000 1.325
31.90000 4.628
31.92000 3.593
31.94000 7.084
31.96000 4.683
31.98000 1.337
32.00000 -0.254
32.02000 -3.595
32.04000 3.673
32.06000 6.913
32.08000 6.350
32.10000 3.970
32.12000 5.093
32.14000 0.849
32.16000 1.248
32.18000 2.178
32.20000 2.753
32.22000 1.062
32.24000 -1.986
32.26000 1.129
32.28000 4.489
32.30000 8.535
32.32000 2.777
32.34000 6.547
32.36000 6.697
32.38000 7.538
32.40000 7.782
32.42000 3.910
32.44000 2.127
32.46000 4.717
32.48000 0.723
32.50000 -2.672
32.52000 0.203
32.54000 4.836
32.56000 5.197
32.58000 0.587
32.60000 -0.118
32.62000 5.282
32.64000 4.127
32.66000 8.612
32.68000 7.966
32.70000 2.419
32.72000 4.521
32.74000 5.465
32.76000 6.158
32.78000 9.117
32.80000 6.755
32.82000 6.592
32.84000 5.958
32.86000 3.931
32.88000 -0.017
32.90000 3.053
32.92000 1.193
32.94000 -1.352
32.96000 -1.301
32.98000 0.484
33.00000 6.437
33.02000 7.438
33.04000 2.550
33.06000 -0.078
33.08000 5.809
33.10000 -1.908
33.12000 -0.058
33.14000 2.203
33.16000 -0.072
33.18000 6.287
33.20000 2.000
33.22000 0.452
33.24000 4.342
33.26000 4.398
33.28000 0.831
33.30000 6.213
33.32000 8.271
33.34000 3.647
33.36000 2.699
33.38000 1.798
33.40000 -3.591
33.42000 1.040
33.44000 5.378
33.46000 2.524
33.48000 0.802
33.50000 -3.139
33.52000 -3.592
33.54000 5.381
33.56000 10.854
33.58000 5.932
33.60000 2.000
33.62000 6.803
33.64000 7.017
33.66000 5.644
33.68000 4.814
33.70000 3.113
33.72000 3.209
33.74000 1.927
33.76000 -0.641
33.78000 -1.059
33.80000 -1.119
33.82000 -2.525
33.84000 -0.336
33.86000 3.137
33.88000 -1.092
33.90000 -1.828
33.92000 -0.275
33.94000 0.221
33.96000 -3.067
33.98000 -1.596
34.00000 -0.618
34.02000 1.926
34.04000 5.365
34.06000 5.663
34.08000 6.850
34.10000 7.769
34.12000 3.894
34.14000 1.283
34.16000 1.580
34.18000 -0.394
34.20000 0.091
34.22000 4.307
34.24000 1.562
34.26000 2.866
34.28000 2.976
34.30000 6.272
34.32000 4.684
34.34000 3.339
34.36000 1.465
34.38000 2.033
34.40000 -2.614
34.42000 2.744
34.44000 5.116
34.46000 3.482
34.48000 3.373
34.50000 5.549
34.52000 6.810
34.54000 6.965
34.56000 3.987
34.58000 0.997
34.60000 -0.661
34.62000 -2.424
34.64000 -0.288
34.66000 0.553
34.68000 6.976
34.70000 7.578
34.72000 2.706
34.74000 3.816
34.76000 9.240
34.78000 6.697
34.80000 1.306
34.82000 -3.567
34.84000 0.683
34.86000 5.585
34.88000 2.875
34.90000 -1.989
34.92000 0.553
34.94000 -0.267
34.96000 3.580
34.98000 -0.670
35.00000 0.458
35.02000 -1.387
35.04000 -3.559
35.06000 -0.925
35.08000 2.455
35.10000 5.046
35.12000 2.145
35.14000 6.157
35.16000 4.843
35.18000 -1.541
35.20000 -0.070
35.22000 1.924
35.24000 5.056
35.26000 3.924
35.28000 1.140
35.30000 6.873
35.32000 3.891
35.34000 -0.807
35.36000 2.862
35.38000 3.731
35.40000 4.426
35.42000 5.102
35.44000 1.352
35.46000 -1.712
35.48000 1.373
35.50000 0.808
35.52000 2.734
35.54000 2.851
35.56000 4.257
35.58000 2.985
35.60000 3.187
35.62000 3.423
35.64000 1.512
35.66000 6.422
35.68000 6.340
35.70000 7.349
35.72000 5.607
35.74000 -3.551
35.76000 0.486
35.78000 -0.336
35.80000 -0.708
35.82000 1.175
35.84000 -2.056
35.86000 -3.551
35.88000 -0.773
35.90000 0.288
35.92000 0.089
35.94000 -1.192
35.96000 5.209
35.98000 2.898
36.00000 2.304
36.02000 1.033
36.04000 1.471
36.06000 3.811
36.08000 2.277
36.10000 5.174
36.12000 6.522
36.14000 6.009
36.16000 0.821
36.18000 2.325
36.20000 6.760
36.22000 7.360
36.24000 3.471
36.26000 3.896
36.28000 4.344
36.30000 0.748
36.32000 0.772
36.34000 3.178
36.36000 5.774
36.38000 2.047
36.40000 0.877
36.42000 2.868
36.44000 2.261
36.46000 3.796
36.48000 0.508
36.50000 -1.704
36.52000 1.167
36.54000 4.452
36.56000 6.823
36.58000 5.087
36.60000 -0.163
36.62000 -0.872
36.64000 5.505
36.66000 5.381
36.68000 1.426
36.70000 4.172
36.72000 4.455
36.74000 7.805
36.76000 3.287
36.78000 0.481
36.80000 2.205
36.82000 6.817
36.84000 4.234
36.86000 -3.591
36.88000 -1.776
36.90000 7.518
36.92000 2.086
36.94000 -2.255
36.96000 -1.030
36.98000 3.202
37.00000 5.258
37.02000 1.150
37.04000 1.273
37.06000 2.686
37.08000 4.098
37.10000 2.211
37.12000 0.761
37.14000 0.008
37.16000 -0.381
37.18000 -2.412
37.20000 -3.278
37.22000 -0.932
37.24000 0.048
37.26000 0.530
37.28000 -0.822
37.30000 -0.225
37.32000 -0.955
37.34000 1.158
37.36000 3.338
37.38000 2.327
37.40000 -0.009
37.42000 -2.017
37.44000 1.266
37.46000 4.402
37.48000 10.812
37.50000 6.711
37.52000 -0.811
37.54000 3.417
37.56000 7.178
37.58000 9.398
37.60000 11.933
37.62000 11.604
37.64000 9.467
37.66000 8.548
37.68000 5.916
37.70000 5.582
37.72000 7.042
37.74000 7.348
37.76000 3.954
37.78000 2.315
37.80000 2.014
37.82000 8.849
37.84000 8.024
37.86000 6.371
37.88000 2.093
37.90000 8.997
37.92000 13.382
37.94000 7.929
37.96000 11.109
37.98000 8.172
38.00000 8.889
38.02000 10.650
38.04000 7.964
38.06000 9.456
38.08000 8.108
38.10000 16.245
38.12000 15.230
38.14000 10.850
38.16000 9.810
38.18000 12.309
38.20000 12.062
38.22000 12.523
38.24000 13.378
38.26000 13.433
38.28000 11.788
38.30000 16.348
38.32000 19.240
38.34000 18.495
38.36000 21.556
38.38000 23.027
38.40000 19.919
38.42000 21.014
38.44000 23.254
38.46000 24.839
38.48000 21.905
38.50000 27.013
38.52000 32.185
38.54000 29.152
38.56000 28.129
38.58000 29.248
38.60000 28.941
38.62000 30.032
38.64000 28.868
38.66000 30.713
38.68000 30.608
38.70000 35.863
38.72000 37.215
38.74000 36.131
38.76000 41.827
38.78000 42.067
38.80000 41.670
38.82000 45.347
38.84000 44.228
38.86000 46.892
38.88000 46.267
38.90000 48.625
38.92000 48.368
38.94000 54.869
38.96000 58.544
38.98000 57.687
39.00000 58.174
39.02000 61.241
39.04000 65.548
39.06000 66.114
39.08000 65.235
39.10000 70.301
39.12000 73.565
39.14000 84.436
39.16000 85.348
39.18000 92.808
39.20000 88.213
39.22000 94.903
39.24000 97.695
39.26000 102.226
39.28000 109.622
39.30000 115.714
39.32000 123.270
39.34000 122.177
39.36000 125.744
39.38000 131.023
39.40000 140.544
39.42000 150.402
39.44000 156.959
39.46000 168.774
39.48000 171.590
39.50000 180.748
39.52000 188.364
39.54000 199.341
39.56000 197.762
39.58000 210.554
39.60000 221.603
39.62000 236.974
39.64000 245.794
39.66000 253.405
39.68000 271.760
39.70000 289.535
39.72000 301.150
39.74000 306.559
39.76000 325.787
39.78000 340.026
39.80000 334.213
39.82000 356.988
39.84000 384.091
39.86000 405.503
39.88000 416.529
39.90000 433.312
39.92000 452.172
39.94000 462.976
39.96000 477.892
39.98000 493.860
40.00000 498.018
40.02000 510.600
40.04000 533.575
40.06000 550.512
40.08000 564.374
40.10000 560.761
40.12000 573.971
40.14000 593.034
40.16000 585.333
40.18000 590.830
40.20000 609.034
40.22000 614.732
40.24000 621.727
40.26000 621.816
40.28000 610.868
40.30000 603.914
40.32000 596.273
40.34000 585.569
40.36000 582.161
40.38000 572.348
40.40000 571.889
40.42000 559.876
40.44000 551.756
40.46000 541.429
40.48000 519.699
40.50000 498.267
40.52000 478.130
40.54000 469.911
40.56000 458.599
40.58000 431.673
40.60000 414.231
40.62000 406.895
40.64000 383.200
40.66000 370.944
40.68000 346.237
40.70000 326.445
40.72000 317.227
40.74000 308.487
40.76000 292.531
40.78000 273.001
40.80000 266.004
40.82000 254.969
40.84000 245.908
40.86000 227.093
40.88000 205.958
40.90000 198.990
40.92000 191.896
40.94000 187.087
40.96000 174.846
40.98000 165.209
41.00000 158.373
41.02000 143.785
41.04000 128.944
41.06000 127.589
41.08000 125.107
41.10000 115.928
41.12000 108.845
41.14000 102.071
41.16000 93.075
41.18000 93.912
41.20000 87.260
41.22000 79.257
41.24000 74.060
41.26000 71.665
41.28000 68.207
41.30000 69.711
41.32000 59.719
41.34000 55.634
41.36000 56.197
41.38000 52.648
41.40000 47.128
41.42000 46.498
41.44000 44.488
41.46000 44.000
41.48000 37.497
41.50000 34.519
41.52000 31.907
41.54000 31.074
41.56000 29.332
41.58000 28.104
41.60000 29.867
41.62000 31.883
41.64000 29.702
41.66000 29.593
41.68000 24.357
41.70000 24.657
41.72000 16.886
41.74000 18.929
41.76000 19.295
41.78000 19.866
41.80000 13.512
41.82000 18.424
41.84000 20.181
41.86000 16.524
41.88000 19.699
41.90000 21.278
41.92000 15.323
41.94000 6.373
41.96000 8.332
41.98000 10.799
42.00000 11.428
42.02000 7.572
42.04000 10.055
42.06000 6.714
42.08000 7.007
42.10000 9.030
42.12000 6.509
42.14000 8.208
42.16000 6.905
42.18000 1.202
42.20000 3.547
42.22000 7.763
42.24000 5.994
42.26000 3.345
42.28000 4.420
42.30000 6.818
42.32000 5.878
42.34000 7.139
42.36000 4.833
42.38000 5.557
42.40000 4.693
42.42000 6.309
42.44000 5.439
42.46000 5.665
42.48000 3.094
42.50000 1.006
42.52000 2.292
42.54000 -0.444
42.56000 2.038
42.58000 3.034
42.60000 1.516
42.62000 4.145
42.64000 5.038
42.66000 4.279
42.68000 2.183
42.70000 5.310
42.72000 0.564
42.74000 1.132
42.76000 1.338
42.78000 2.047
42.80000 -0.015
42.82000 -0.102
42.84000 1.940
42.86000 1.366
42.88000 2.704
42.90000 0.927
42.92000 -0.046
42.94000 -2.575
42.96000 -2.805
42.98000 2.302
43.00000 4.719
43.02000 5.466
43.04000 3.412
43.06000 -3.542
43.08000 0.494
43.10000 3.173
43.12000 -0.277
43.14000 -3.381
43.16000 0.399
43.18000 -1.861
43.20000 -2.154
43.22000 -0.489
43.24000 2.795
43.26000 4.258
43.28000 4.430
43.30000 0.645
43.32000 0.957
43.34000 -2.026
43.36000 -2.272
43.38000 3.468
43.40000 -1.832
43.42000 1.802
43.44000 3.309
43.46000 4.615
43.48000 0.725
43.50000 4.959
43.52000 3.690
43.54000 -1.019
43.56000 -3.519
43.58000 -0.826
43.60000 -2.669
43.62000 -0.321
43.64000 -0.888
43.66000 -0.216
43.68000 1.382
43.70000 2.809
43.72000 -0.628
43.74000 -1.752
43.76000 -0.528
43.78000 1.472
43.80000 4.905
43.82000 1.380
43.84000 -0.925
43.86000 2.639
43.88000 1.764
43.90000 1.076
43.92000 1.196
43.94000 -0.883
43.96000 -2.643
43.98000 -3.499
44.00000 -0.604
44.02000 1.597
44.04000 0.174
44.06000 -2.424
44.08000 1.812
44.10000 -0.049
44.12000 4.740
44.14000 7.733
44.16000 0.252
44.18000 4.194
44.20000 0.926
44.22000 0.485
44.24000 1.705
44.26000 0.525
44.28000 -2.583
44.30000 -0.696
44.32000 -2.145
44.34000 -0.199
44.36000 1.015
44.38000 0.264
44.40000 1.515
44.42000 2.356
44.44000 3.024
44.46000 -1.231
44.48000 5.665
44.50000 7.427
44.52000 5.489
44.54000 -2.385
44.56000 1.789
44.58000 0.367
44.60000 -2.464
44.62000 -0.624
44.64000 -0.325
44.66000 0.946
44.68000 -2.993
44.70000 4.535
44.72000 -0.716
44.74000 0.157
44.76000 0.646
44.78000 4.981
44.80000 6.569
44.82000 6.606
44.84000 4.223
44.86000 7.659
44.88000 3.298
44.90000 3.097
44.92000 6.270
44.94000 10.083
44.96000 8.000
44.98000 6.595
45.00000 10.172
45.02000 8.822
45.04000 2.050
45.06000 -0.993
45.08000 2.912
45.10000 3.977
45.12000 7.996
45.14000 7.123
45.16000 6.614
45.18000 11.722
45.20000 12.423
45.22000 6.973
45.24000 8.594
45.26000 5.139
45.28000 10.558
45.30000 12.007
45.32000 9.010
45.34000 12.565
45.36000 13.906
45.38000 14.068
45.40000 13.248
45.42000 20.619
45.44000 15.411
45.46000 12.083
45.48000 11.191
45.50000 17.478
45.52000 15.450
45.54000 19.066
45.56000 22.947
45.58000 24.604
45.60000 23.555
45.62000 24.583
45.64000 27.237
45.66000 29.953
45.68000 18.815
45.70000 18.570
45.72000 25.362
45.74000 36.661
45.76000 31.679
45.78000 34.078
45.80000 29.277
45.82000 30.553
45.84000 32.088
45.86000 30.265
45.88000 33.286
45.90000 33.693
45.92000 37.031
45.94000 44.817
45.96000 36.274
45.98000 38.578
46.00000 39.531
46.02000 39.629
46.04000 43.767
46.06000 48.070
46.08000 44.215
46.10000 51.425
46.12000 54.972
46.14000 52.196
46.16000 49.819
46.18000 49.985
46.20000 53.115
46.22000 59.873
46.24000 63.054
46.26000 58.708
46.28000 49.553
46.30000 59.935
46.32000 61.812
46.34000 62.845
46.36000 67.846
46.38000 73.341
46.40000 67.043
46.42000 68.164
46.44000 70.220
46.46000 63.683
46.48000 70.151
46.50000 70.595
46.52000 70.845
46.54000 70.919
46.56000 77.780
46.58000 85.549
46.60000 84.900
46.62000 80.515
46.64000 75.614
46.66000 77.671
46.68000 74.160
46.70000 76.227
46.72000 76.588
46.74000 84.585
46.76000 88.817
46.78000 88.440
46.80000 89.658
46.82000 85.731
46.84000 78.677
46.86000 78.517
46.88000 80.016
46.90000 79.363
46.92000 78.040
46.94000 79.578
46.96000 86.938
46.98000 77.074
47.00000 72.228
47.02000 76.087
47.04000 77.064
47.06000 73.985
47.08000 74.455
47.10000 67.255
47.12000 77.572
47.14000 72.188
47.16000 64.137
47.18000 62.442
47.20000 64.354
47.22000 70.425
47.24000 61.728
47.26000 62.375
47.28000 61.602
47.30000 53.763
47.32000 54.114
47.34000 58.655
47.36000 56.262
47.38000 53.528
47.40000 48.558
47.42000 49.907
47.44000 49.877
47.46000 46.814
47.48000 43.754
47.50000 52.170
47.52000 47.913
47.54000 41.793
47.56000 40.962
47.58000 42.035
47.60000 45.226
47.62000 33.668
47.64000 27.001
47.66000 24.057
47.68000 33.017
47.70000 26.887
47.72000 27.409
47.74000 26.819
47.76000 21.890
47.78000 24.355
47.80000 22.938
47.82000 23.359
47.84000 25.909
47.86000 23.805
47.88000 18.856
47.90000 20.035
47.92000 16.127
47.94000 14.522
47.96000 20.946
47.98000 18.845
48.00000 12.104
48.02000 14.683
48.04000 10.009
48.06000 6.864
48.08000 11.032
48.10000 11.143
48.12000 15.655
48.14000 11.051
48.16000 13.260
48.18000 11.461
48.20000 8.138
48.22000 5.854
48.24000 10.628
48.26000 7.562
48.28000 12.626
48.30000 11.197
48.32000 9.935
48.34000 10.518
48.36000 4.362
48.38000 3.761
48.40000 0.710
48.42000 3.252
48.44000 2.647
48.46000 -0.239
48.48000 2.293
48.50000 0.592
48.52000 3.088
48.54000 4.672
48.56000 8.033
48.58000 -1.274
48.60000 2.108
48.62000 5.015
48.64000 2.312
48.66000 3.716
48.68000 5.321
48.70000 3.646
48.72000 -0.204
48.74000 2.824
48.76000 -1.934
48.78000 1.355
48.80000 3.737
48.82000 3.748
48.84000 -1.226
48.86000 4.311
48.88000 4.462
48.90000 2.320
48.92000 -2.338
48.94000 1.308
48.96000 2.293
48.98000 0.604
49.00000 -0.835
49.02000 -0.605
49.04000 0.731
49.06000 5.666
49.08000 0.187
49.10000 3.688
49.12000 0.982
49.14000 1.602
49.16000 4.856
49.18000 5.557
49.20000 7.200
49.22000 -3.100
49.24000 1.432
49.26000 5.865
49.28000 4.821
49.30000 3.277
49.32000 1.517
49.34000 4.611
49.36000 5.507
49.38000 2.623
49.40000 6.992
49.42000 7.267
49.44000 2.960
49.46000 1.835
49.48000 -1.717
49.50000 2.421
49.52000 2.350
49.54000 4.159
49.56000 2.596
49.58000 1.747
49.60000 -0.899
49.62000 0.106
49.64000 -1.024
49.66000 -1.239
49.68000 0.042
49.70000 6.891
49.72000 6.876
49.74000 5.504
49.76000 2.988
49.78000 2.822
49.80000 5.877
49.82000 10.016
49.84000 8.605
49.86000 5.345
49.88000 -0.722
49.90000 -3.036
49.92000 3.873
49.94000 5.723
49.96000 7.460
49.98000 2.891
50.00000 3.456
50.02000 3.692
50.04000 4.226
50.06000 3.626
50.08000 4.918
50.10000 0.804
50.12000 -3.030
50.14000 -2.717
50.16000 4.175
50.18000 0.732
50.20000 0.462
50.22000 -2.241
50.24000 -2.346
50.26000 3.830
50.28000 3.265
50.30000 2.585
50.32000 4.601
50.34000 4.495
50.36000 4.191
50.38000 3.737
50.40000 2.493
50.42000 1.004
50.44000 1.056
50.46000 1.674
50.48000 4.725
50.50000 0.581
50.52000 2.870
50.54000 3.749
50.56000 2.369
50.58000 0.196
50.60000 -0.786
50.62000 3.299
50.64000 1.765
50.66000 2.971
50.68000 3.117
50.70000 0.812
50.72000 -1.509
50.74000 0.260
50.76000 0.843
50.78000 -0.152
50.80000 -3.007
50.82000 -2.120
50.84000 -0.597
50.86000 1.424
50.88000 3.173
50.90000 6.836
50.92000 4.688
50.94000 5.332
50.96000 -0.367
50.98000 2.814
51.00000 -0.055
51.02000 3.831
51.04000 -0.174
51.06000 2.640
51.08000 5.076
51.10000 4.411
51.12000 3.237
51.14000 0.863
51.16000 1.346
51.18000 1.098
51.20000 2.771
51.22000 4.653
51.24000 5.199
51.26000 3.375
51.28000 1.035
51.30000 0.309
51.32000 -1.020
51.34000 -1.147
51.36000 2.810
51.38000 5.256
51.40000 0.801
51.42000 3.826
51.44000 3.837
51.46000 10.562
51.48000 6.296
51.50000 4.823
51.52000 5.246
51.54000 -0.760
51.56000 6.206
51.58000 5.072
51.60000 4.897
51.62000 3.023
51.64000 2.896
51.66000 6.488
51.68000 2.916
51.70000 5.258
51.72000 2.471
51.74000 2.792
51.76000 8.927
51.78000 4.540
51.80000 -2.929
51.82000 -1.878
51.84000 2.745
51.86000 6.511
51.88000 8.127
51.90000 2.543
51.92000 5.284
51.94000 4.167
51.96000 5.812
51.98000 2.656
52.00000 2.522
52.02000 13.104
52.04000 5.763
52.06000 3.891
52.08000 3.195
52.10000 2.266
52.12000 3.051
52.14000 4.167
52.16000 3.289
52.18000 10.839
52.20000 6.604
52.22000 7.385
52.24000 6.128
52.26000 5.406
52.28000 3.471
52.30000 6.159
52.32000 8.344
52.34000 1.987
52.36000 0.302
52.38000 3.362
52.40000 3.963
52.42000 5.383
52.44000 -1.413
52.46000 -1.633
52.48000 5.526
52.50000 3.828
52.52000 3.997
52.54000 4.567
52.56000 1.504
52.58000 -1.103
52.60000 3.405
52.62000 -0.601
52.64000 2.311
52.66000 0.182
52.68000 5.287
52.70000 9.382
52.72000 7.195
52.74000 4.223
52.76000 6.421
52.78000 8.673
52.80000 5.102
52.82000 7.718
52.84000 3.683
52.86000 5.276
52.88000 7.499
52.90000 -2.313
52.92000 -2.877
52.94000 4.196
52.96000 6.600
52.98000 3.948
53.00000 8.736
53.02000 11.232
53.04000 6.558
53.06000 5.572
53.08000 7.182
53.10000 6.780
53.12000 3.458
53.14000 2.236
53.16000 7.073
53.18000 8.889
53.20000 5.840
53.22000 5.311
53.24000 -0.964
53.26000 -2.870
53.28000 2.612
53.30000 7.679
53.32000 5.642
53.34000 3.998
53.36000 4.322
53.38000 8.462
53.40000 7.614
53.42000 7.054
53.44000 4.907
53.46000 7.098
53.48000 11.577
53.50000 9.659
53.52000 11.053
53.54000 9.278
53.56000 4.477
53.58000 4.727
53.60000 4.204
53.62000 6.122
53.64000 7.762
53.66000 7.007
53.68000 4.426
53.70000 3.931
53.72000 3.615
53.74000 5.155
53.76000 6.093
53.78000 6.945
53.80000 1.832
53.82000 -1.039
53.84000 -2.848
53.86000 3.683
53.88000 7.137
53.90000 7.019
53.92000 5.505
53.94000 1.320
53.96000 2.196
53.98000 4.524
54.00000 4.087
54.02000 4.671
54.04000 7.822
54.06000 4.145
54.08000 0.583
54.10000 4.901
54.12000 6.560
54.14000 5.264
54.16000 4.042
54.18000 -1.860
54.20000 3.120
54.22000 0.800
54.24000 1.880
54.26000 2.423
54.28000 3.534
54.30000 6.813
54.32000 11.083
54.34000 9.447
54.36000 0.240
54.38000 2.585
54.40000 6.251
54.42000 10.248
54.44000 5.489
54.46000 3.974
54.48000 2.921
54.50000 3.514
54.52000 3.631
54.54000 0.393
54.56000 8.307
54.58000 8.793
54.60000 5.766
54.62000 1.319
54.64000 1.149
54.66000 0.441
54.68000 1.287
54.70000 0.171
54.72000 1.530
54.74000 2.969
54.76000 -0.299
54.78000 4.868
54.80000 0.123
54.82000 -0.842
54.84000 2.258
54.86000 6.363
54.88000 2.867
54.90000 3.031
54.92000 3.955
54.94000 2.520
54.96000 4.672
54.98000 -2.118
55.00000 -1.387
55.02000 3.320
55.04000 1.739
55.06000 3.256
55.08000 1.908
55.10000 8.877
55.12000 4.347
55.14000 4.504
55.16000 4.714
55.18000 9.221
55.20000 6.152
55.22000 5.385
55.24000 3.154
55.26000 4.672
55.28000 4.238
55.30000 7.301
55.32000 7.444
55.34000 1.826
55.36000 0.915
55.38000 1.247
55.40000 -1.907
55.42000 4.442
55.44000 4.539
55.46000 2.096
55.48000 3.235
55.50000 8.651
55.52000 7.612
55.54000 4.700
55.56000 1.291
55.58000 7.797
55.60000 6.889
55.62000 6.966
55.64000 1.865
55.66000 2.431
55.68000 7.358
55.70000 4.612
55.72000 2.981
55.74000 -0.103
55.76000 0.601
55.78000 -2.829
55.80000 0.937
55.82000 5.407
55.84000 9.740
55.86000 1.667
55.88000 0.298
55.90000 0.540
55.92000 3.549
55.94000 -0.913
55.96000 0.955
55.98000 3.053
56.00000 6.711
56.02000 3.985
56.04000 2.163
56.06000 0.537
56.08000 6.883
56.10000 7.120
56.12000 9.265
56.14000 8.066
56.16000 4.980
56.18000 -2.415
56.20000 4.296
56.22000 6.024
56.24000 6.607
56.26000 4.034
56.28000 -0.523
56.30000 0.635
56.32000 3.447
56.34000 0.292
56.36000 -0.962
56.38000 2.635
56.40000 6.206
56.42000 3.719
56.44000 7.160
56.46000 7.138
56.48000 4.787
56.50000 5.852
56.52000 1.762
56.54000 3.109
56.56000 -0.251
56.58000 1.135
56.60000 4.236
56.62000 1.041
56.64000 -0.660
56.66000 1.832
56.68000 2.755
56.70000 2.725
56.72000 3.746
56.74000 5.680
56.76000 3.974
56.78000 0.600
56.80000 5.535
56.82000 4.688
56.84000 5.347
56.86000 2.824
56.88000 -1.537
56.90000 -2.787
56.92000 5.304
56.94000 7.815
56.96000 5.872
56.98000 6.281
57.00000 0.723
57.02000 -0.930
57.04000 -0.112
57.06000 3.580
57.08000 5.564
57.10000 5.588
57.12000 3.406
57.14000 5.183
57.16000 6.908
57.18000 7.601
57.20000 10.129
57.22000 5.157
57.24000 6.398
57.26000 5.239
57.28000 1.767
57.30000 -0.195
57.32000 3.602
57.34000 2.090
57.36000 1.195
57.38000 -1.009
57.40000 3.428
57.42000 3.516
57.44000 2.965
57.46000 3.506
57.48000 5.169
57.50000 5.705
57.52000 0.246
57.54000 -2.029
57.56000 3.728
57.58000 0.154
57.60000 -0.254
57.62000 1.321
57.64000 0.366
57.66000 0.824
57.68000 2.609
57.70000 2.923
57.72000 2.628
57.74000 6.603
57.76000 4.760
57.78000 0.274
57.80000 -0.691
57.82000 -0.305
57.84000 0.707
57.86000 4.020
57.88000 1.942
57.90000 5.008
57.92000 5.129
57.94000 1.004
57.96000 -1.580
57.98000 4.506
58.00000 1.367
58.02000 2.897
58.04000 3.073
58.06000 5.410
58.08000 -1.541
58.10000 3.197
58.12000 0.448
58.14000 5.376
58.16000 0.567
58.18000 -2.759
58.20000 -0.924
58.22000 1.625
58.24000 3.220
58.26000 1.380
58.28000 2.414
58.30000 1.199
58.32000 1.504
58.34000 0.828
58.36000 2.604
58.38000 0.390
58.40000 1.181
58.42000 -0.701
58.44000 -0.930
58.46000 2.510
58.48000 4.265
58.50000 5.386
58.52000 3.633
58.54000 4.970
58.56000 3.918
58.58000 4.075
58.60000 4.781
58.62000 1.280
58.64000 -2.737
58.66000 -0.422
58.68000 2.184
58.70000 2.812
58.72000 7.618
58.74000 8.305
58.76000 6.215
58.78000 9.380
58.80000 3.566
58.82000 2.549
58.84000 3.849
58.86000 3.590
58.88000 6.041
58.90000 6.612
58.92000 5.577
58.94000 6.077
58.96000 3.196
58.98000 0.816
59.00000 -0.647
59.02000 -0.303
59.04000 1.102
59.06000 4.727
59.08000 7.052
59.10000 0.862
59.12000 -0.373
59.14000 5.372
59.16000 7.294
59.18000 -0.177
59.20000 -1.754
59.22000 -0.375
59.24000 3.188
59.26000 2.453
59.28000 -1.284
59.30000 1.617
59.32000 2.211
59.34000 3.559
59.36000 1.109
59.38000 2.211
59.40000 5.764
59.42000 2.669
59.44000 1.952
59.46000 3.040
59.48000 6.333
59.50000 3.927
59.52000 -0.244
59.54000 -0.298
59.56000 1.013
59.58000 6.730
59.60000 5.385
59.62000 2.197
59.64000 2.265
59.66000 4.183
59.68000 4.101
59.70000 0.784
59.72000 5.206
59.74000 0.620
59.76000 -0.198
59.78000 1.117
59.80000 5.687
59.82000 7.161
59.84000 1.304
59.86000 -2.674
59.88000 2.398
59.90000 2.308
59.92000 4.334
59.94000 2.042
59.96000 4.582
59.98000 6.434
60.00000 6.976
60.02000 -1.032
60.04000 -0.183
60.06000 4.304
60.08000 5.124
60.10000 3.815
60.12000 5.691
60.14000 6.904
60.16000 7.640
60.18000 4.690
60.20000 5.990
60.22000 0.068
60.24000 2.140
60.26000 5.478
60.28000 2.920
60.30000 2.832
60.32000 3.890
60.34000 2.846
60.36000 5.014
60.38000 3.206
60.40000 -1.639
60.42000 3.321
60.44000 4.134
60.46000 2.676
60.48000 8.237
60.50000 8.250
60.52000 9.224
60.54000 12.178
60.56000 6.658
60.58000 1.977
60.60000 -2.638
60.62000 1.413
60.64000 6.950
60.66000 4.651
60.68000 -1.736
60.70000 2.932
60.72000 6.020
60.74000 7.816
60.76000 7.800
60.78000 9.908
60.80000 9.988
60.82000 7.510
60.84000 4.298
60.86000 3.670
60.88000 3.286
60.90000 6.225
60.92000 2.230
60.94000 4.029
60.96000 9.488
60.98000 5.961
61.00000 5.996
61.02000 2.755
61.04000 7.782
61.06000 7.305
61.08000 0.904
61.10000 1.785
61.12000 0.159
61.14000 3.208
61.16000 5.291
61.18000 5.912
61.20000 7.512
61.22000 3.778
61.24000 1.785
61.26000 2.426
61.28000 3.540
61.30000 2.986
61.32000 5.584
61.34000 4.758
61.36000 9.776
61.38000 7.856
61.40000 -1.220
61.42000 0.951
61.44000 2.350
61.46000 4.757
61.48000 5.208
61.50000 3.949
61.52000 1.071
61.54000 0.322
61.56000 2.963
61.58000 4.035
61.60000 4.748
61.62000 5.889
61.64000 6.719
61.66000 9.488
61.68000 8.811
61.70000 4.486
61.72000 2.514
61.74000 3.804
61.76000 6.334
61.78000 7.776
61.80000 6.384
61.82000 6.338
61.84000 3.989
61.86000 0.419
61.88000 -2.605
61.90000 3.527
61.92000 7.664
61.94000 5.434
61.96000 5.494
61.98000 4.704
62.00000 3.774
62.02000 2.287
62.04000 1.586
62.06000 3.611
62.08000 4.815
62.10000 6.250
62.12000 2.450
62.14000 3.780
62.16000 1.688
62.18000 -0.334
62.20000 1.283
62.22000 6.243
62.24000 2.551
62.26000 3.815
62.28000 6.266
62.30000 5.560
62.32000 4.864
62.34000 4.643
62.36000 6.088
62.38000 4.432
62.40000 6.012
62.42000 7.211
62.44000 5.913
62.46000 -0.921
62.48000 -0.506
62.50000 7.288
62.52000 2.339
62.54000 1.516
62.56000 2.826
62.58000 6.203
62.60000 5.668
62.62000 0.919
62.64000 4.378
62.66000 4.165
62.68000 3.279
62.70000 6.166
62.72000 2.309
62.74000 -1.062
62.76000 2.160
62.78000 6.341
62.80000 5.696
62.82000 1.283
62.84000 1.836
62.86000 2.484
62.88000 7.391
62.90000 4.823
62.92000 4.313
62.94000 0.310
62.96000 1.503
62.98000 -0.210
63.00000 3.466
63.02000 1.781
63.04000 1.467
63.06000 4.181
63.08000 0.338
63.10000 1.970
63.12000 2.422
63.14000 0.961
63.16000 0.713
63.18000 6.045
63.20000 6.692
63.22000 2.911
63.24000 6.974
63.26000 6.303
63.28000 6.980
63.30000 8.042
63.32000 4.017
63.34000 2.108
63.36000 6.344
63.38000 5.287
63.40000 1.604
63.42000 5.084
63.44000 5.911
63.46000 9.697
63.48000 8.339
63.50000 4.110
63.52000 4.854
63.54000 5.614
63.56000 2.504
63.58000 0.966
63.60000 -2.563
63.62000 5.150
63.64000 7.614
63.66000 4.060
63.68000 2.497
63.70000 3.358
63.72000 4.707
63.74000 3.477
63.76000 1.916
63.78000 4.317
63.80000 5.516
63.82000 4.971
63.84000 4.114
63.86000 3.206
63.88000 3.448
63.90000 7.584
63.92000 6.433
63.94000 4.696
63.96000 4.529
63.98000 2.133
64.00000 3.283
64.02000 4.328
64.04000 1.582
64.06000 2.599
64.08000 2.993
64.10000 9.464
64.12000 8.476
64.14000 7.430
64.16000 3.764
64.18000 4.120
64.20000 3.997
64.22000 4.023
64.24000 3.300
64.26000 5.803
64.28000 3.062
64.30000 3.981
64.32000 8.136
64.34000 5.776
64.36000 6.621
64.38000 3.187
64.40000 2.977
64.42000 3.162
64.44000 3.505
64.46000 0.917
64.48000 -0.234
64.50000 0.811
64.52000 0.357
64.54000 6.935
64.56000 4.007
64.58000 1.850
64.60000 1.811
64.62000 0.764
64.64000 1.070
64.66000 6.396
64.68000 5.786
64.70000 5.718
64.72000 7.290
64.74000 4.640
64.76000 0.888
64.78000 0.425
64.80000 4.731
64.82000 3.033
64.84000 2.286
64.86000 1.813
64.88000 1.212
64.90000 6.198
64.92000 6.358
64.94000 -0.955
64.96000 0.076
64.98000 4.007
65.00000 1.322
65.02000 3.227
65.04000 2.012
65.06000 0.179
65.08000 2.720
65.10000 3.076
65.12000 1.931
65.14000 -2.563
65.16000 -0.040
65.18000 3.083
65.20000 4.862
65.22000 2.784
65.24000 4.688
65.26000 3.813
65.28000 2.044
65.30000 1.804
65.32000 1.185
65.34000 0.784
65.36000 2.347
65.38000 4.808
65.40000 4.951
65.42000 3.896
65.44000 1.287
65.46000 1.722
65.48000 3.919
65.50000 3.792
65.52000 2.076
65.54000 -2.640
65.56000 1.476
65.58000 2.151
65.60000 5.094
65.62000 1.987
65.64000 3.389
65.66000 1.699
65.68000 -0.163
65.70000 1.763
65.72000 1.833
65.74000 3.287
65.76000 4.168
65.78000 5.172
65.80000 0.079
65.82000 -0.508
65.84000 3.443
65.86000 0.389
65.88000 0.609
65.90000 0.751
65.92000 -1.852
65.94000 -0.136
65.96000 -0.581
65.98000 1.281
66.00000 5.158
66.02000 5.340
66.04000 3.287
66.06000 -1.370
66.08000 2.717
66.10000 1.813
66.12000 1.496
66.14000 1.317
66.16000 0.578
66.18000 -1.607
66.20000 -1.797
66.22000 -2.040
66.24000 -1.114
66.26000 -1.684
66.28000 -0.348
66.30000 0.917
66.32000 1.897
66.34000 3.073
66.36000 0.110
66.38000 0.042
66.40000 1.326
66.42000 1.158
66.44000 0.851
66.46000 0.815
66.48000 0.283
66.50000 -1.220
66.52000 1.399
66.54000 0.965
66.56000 2.062
66.58000 3.077
66.60000 3.531
66.62000 2.069
66.64000 -1.414
66.66000 3.165
66.68000 3.861
66.70000 1.036
66.72000 0.909
66.74000 6.213
66.76000 4.598
66.78000 0.505
66.80000 1.653
66.82000 3.078
66.84000 2.613
66.86000 2.455
66.88000 0.606
66.90000 3.139
66.92000 5.188
66.94000 3.561
66.96000 2.941
66.98000 3.408
67.00000 4.345
67.02000 3.624
67.04000 6.729
67.06000 4.559
67.08000 2.504
67.10000 2.159
67.12000 0.543
67.14000 -2.769
67.16000 4.565
67.18000 7.614
67.20000 5.796
67.22000 7.498
67.24000 4.858
67.26000 7.796
67.28000 8.001
67.30000 9.631
67.32000 10.878
67.34000 6.049
67.36000 9.638
67.38000 7.539
67.40000 7.779
67.42000 7.735
67.44000 10.136
67.46000 11.443
67.48000 7.868
67.50000 8.097
67.52000 7.411
67.54000 10.671
67.56000 13.117
67.58000 15.029
67.60000 15.572
67.62000 14.632
67.64000 14.972
67.66000 10.297
67.68000 11.291
67.70000 10.571
67.72000 11.496
67.74000 15.878
67.76000 18.116
67.78000 16.783
67.80000 15.662
67.82000 18.040
67.84000 15.565
67.86000 15.485
67.88000 20.581
67.90000 20.409
67.92000 20.626
67.94000 16.996
67.96000 15.762
67.98000 19.265
68.00000 17.725
68.02000 19.399
68.04000 16.534
68.06000 21.710
68.08000 21.658
68.10000 21.724
68.12000 26.423
68.14000 26.436
68.16000 21.942
68.18000 20.776
68.20000 24.036
68.22000 25.959
68.24000 23.285
68.26000 24.686
68.28000 22.363
68.30000 23.308
68.32000 26.149
68.34000 26.546
68.36000 26.764
68.38000 25.727
68.40000 22.727
68.42000 21.964
68.44000 24.029
68.46000 27.034
68.48000 28.844
68.50000 24.939
68.52000 23.485
68.54000 23.798
68.56000 23.805
68.58000 20.907
68.60000 19.474
68.62000 18.680
68.64000 19.904
68.66000 23.935
68.68000 24.555
68.70000 22.308
68.72000 21.354
68.74000 25.854
68.76000 22.563
68.78000 19.733
68.80000 18.026
68.82000 19.040
68.84000 19.408
68.86000 18.120
68.88000 15.533
68.90000 19.411
68.92000 22.316
68.94000 21.298
68.96000 15.328
68.98000 13.448
69.00000 18.490
69.02000 17.813
69.04000 14.056
69.06000 10.221
69.08000 14.383
69.10000 17.379
69.12000 16.400
69.14000 10.038
69.16000 11.314
69.18000 10.437
69.20000 9.841
69.22000 10.644
69.24000 10.699
69.26000 14.896
69.28000 11.363
69.30000 9.978
69.32000 6.678
69.34000 8.801
69.36000 12.536
69.38000 8.893
69.40000 6.105
69.42000 7.190
69.44000 5.502
69.46000 4.951
69.48000 4.465
69.50000 4.837
69.52000 9.167
69.54000 6.270
69.56000 5.075
69.58000 6.721
69.60000 4.833
69.62000 8.690
69.64000 9.642
69.66000 2.446
69.68000 1.819
69.70000 4.717
69.72000 3.130
69.74000 5.768
69.76000 5.965
69.78000 2.376
69.80000 1.484
69.82000 5.856
69.84000 7.642
69.86000 7.804
69.88000 6.965
69.90000 5.942
69.92000 4.147
69.94000 4.668
69.96000 2.578
69.98000 6.963
70.00000 2.128
70.02000 -2.578
70.04000 3.656
70.06000 4.734
70.08000 2.994
70.10000 4.552
70.12000 2.923
70.14000 0.905
70.16000 1.764
70.18000 -0.543
70.20000 -1.676
70.22000 6.125
70.24000 5.161
70.26000 3.233
70.28000 2.888
70.30000 1.854
70.32000 1.018
70.34000 0.420
70.36000 8.085
70.38000 6.571
70.40000 1.768
70.42000 -0.986
70.44000 4.348
70.46000 4.318
70.48000 4.364
70.50000 5.678
70.52000 6.697
70.54000 6.063
70.56000 3.365
70.58000 7.096
70.60000 2.557
70.62000 3.582
70.64000 2.836
70.66000 1.971
70.68000 0.502
70.70000 1.099
70.72000 3.544
70.74000 -2.540
70.76000 2.414
70.78000 2.250
70.80000 3.076
70.82000 3.959
70.84000 6.300
70.86000 3.689
70.88000 3.274
70.90000 3.635
70.92000 5.739
70.94000 5.689
70.96000 4.332
70.98000 4.548
71.00000 1.859
71.02000 2.187
71.04000 3.683
71.06000 -0.173
71.08000 0.122
71.10000 2.692
71.12000 -0.149
71.14000 0.841
71.16000 1.863
71.18000 5.145
71.20000 4.016
71.22000 1.524
71.24000 2.229
71.26000 0.036
71.28000 2.937
71.30000 3.588
71.32000 3.526
71.34000 0.506
71.36000 0.502
71.38000 6.918
71.40000 5.427
71.42000 -2.517
71.44000 -1.566
71.46000 3.079
71.48000 -1.315
71.50000 0.717
71.52000 5.067
71.54000 4.062
71.56000 6.908
71.58000 7.829
71.60000 3.057
71.62000 -2.519
71.64000 5.033
71.66000 6.001
71.68000 7.193
71.70000 3.614
71.72000 0.217
71.74000 5.934
71.76000 6.783
71.78000 -0.604
71.80000 -2.023
71.82000 -0.823
71.84000 4.250
71.86000 4.719
71.88000 0.430
71.90000 -0.193
71.92000 5.264
71.94000 -0.206
71.96000 -1.723
71.98000 -2.083
72.00000 -1.093
72.02000 1.035
72.04000 0.338
72.06000 -1.373
72.08000 -0.390
72.10000 -0.589
72.12000 -1.446
72.14000 -0.960
72.16000 2.686
72.18000 1.722
72.20000 4.609
72.22000 3.621
72.24000 -0.390
72.26000 1.505
72.28000 2.936
72.30000 3.200
72.32000 1.705
72.34000 2.867
72.36000 6.357
72.38000 0.592
72.40000 4.728
72.42000 1.434
72.44000 -1.183
72.46000 1.234
72.48000 1.360
72.50000 4.476
72.52000 3.406
72.54000 0.251
72.56000 1.337
72.58000 1.314
72.60000 3.115
72.62000 4.191
72.64000 0.822
72.66000 -0.452
72.68000 2.813
72.70000 3.601
72.72000 0.449
72.74000 -2.038
72.76000 -2.482
72.78000 -2.152
72.80000 -0.904
72.82000 2.209
72.84000 2.369
72.86000 4.371
72.88000 7.155
72.90000 4.012
72.92000 0.933
72.94000 1.427
72.96000 0.846
72.98000 -0.244
73.00000 0.032
73.02000 0.590
73.04000 1.743
73.06000 2.133
73.08000 -1.011
73.10000 -0.570
73.12000 2.361
73.14000 2.105
73.16000 4.432
73.18000 3.264
73.20000 -0.176
73.22000 1.724
73.24000 2.667
73.26000 1.644
73.28000 2.578
73.30000 -0.104
73.32000 1.492
73.34000 5.377
73.36000 -0.165
73.38000 1.562
73.40000 3.273
73.42000 4.178
73.44000 2.255
73.46000 1.056
73.48000 1.092
73.50000 1.500
73.52000 1.602
73.54000 -0.102
73.56000 -1.847
73.58000 4.724
73.60000 5.045
73.62000 5.247
73.64000 3.540
73.66000 8.720
73.68000 8.033
73.70000 8.364
73.72000 4.568
73.74000 -0.312
73.76000 1.847
73.78000 -2.037
73.80000 0.503
73.82000 2.971
73.84000 4.821
73.86000 3.848
73.88000 4.720
73.90000 5.136
73.92000 3.742
73.94000 6.029
73.96000 4.702
73.98000 3.778
74.00000 6.222
74.02000 2.903
74.04000 3.665
74.06000 5.138
74.08000 8.114
74.10000 3.046
74.12000 -2.414
74.14000 0.290
74.16000 2.643
74.18000 10.241
74.20000 8.675
74.22000 8.587
74.24000 8.570
74.26000 5.261
74.28000 4.155
74.30000 2.581
74.32000 3.716
74.34000 2.327
74.36000 -0.163
74.38000 5.668
74.40000 5.551
74.42000 5.243
74.44000 1.034
74.46000 -2.170
74.48000 1.553
74.50000 4.309
74.52000 5.546
74.54000 6.550
74.56000 5.904
74.58000 1.418
74.60000 3.687
74.62000 2.353
74.64000 1.788
74.66000 -1.630
74.68000 -1.233
74.70000 1.406
74.72000 2.190
74.74000 1.875
74.76000 -1.608
74.78000 -0.305
74.80000 6.074
74.82000 8.168
74.84000 3.083
74.86000 1.525
74.88000 6.225
74.90000 5.641
74.92000 1.331
74.94000 -0.951
74.96000 1.208
74.98000 6.298
75.00000 6.682
75.02000 3.120
75.04000 -0.226
75.06000 -1.018
75.08000 -0.842
75.10000 -0.938
75.12000 -1.866
75.14000 -0.378
75.16000 1.456
75.18000 3.960
75.20000 9.063
75.22000 11.930
75.24000 8.981
75.26000 5.521
75.28000 -2.434
75.30000 -1.212
75.32000 5.164
75.34000 5.226
75.36000 4.074
75.38000 6.090
75.40000 3.864
75.42000 2.088
75.44000 4.781
75.46000 -0.409
75.48000 3.065
75.50000 4.149
75.52000 4.043
75.54000 1.233
75.56000 2.372
75.58000 3.652
75.60000 -0.009
75.62000 3.012
75.64000 0.559
75.66000 2.770
75.68000 3.300
75.70000 3.782
75.72000 3.204
75.74000 3.420
75.76000 0.516
75.78000 1.132
75.80000 1.854
75.82000 2.317
75.84000 0.319
75.86000 0.409
75.88000 6.954
75.90000 10.799
75.92000 1.764
75.94000 1.052
75.96000 2.946
75.98000 3.831
76.00000 -0.515
76.02000 0.672
76.04000 0.199
76.06000 3.062
76.08000 3.465
76.10000 1.163
76.12000 3.933
76.14000 5.587
76.16000 5.000
76.18000 4.602
76.20000 5.834
76.22000 4.664
76.24000 2.010
76.26000 -2.397
76.28000 2.202
76.30000 9.319
76.32000 4.887
76.34000 5.852
76.36000 5.964
76.38000 5.899
76.40000 5.613
76.42000 5.664
76.44000 6.974
76.46000 4.482
76.48000 7.771
76.50000 6.236
76.52000 3.841
76.54000 2.921
76.56000 3.884
76.58000 6.430
76.60000 10.306
76.62000 12.158
76.64000 11.631
76.66000 9.204
76.68000 8.044
76.70000 6.071
76.72000 1.151
76.74000 5.970
76.76000 6.614
76.78000 1.450
76.80000 4.052
76.82000 5.402
76.84000 6.881
76.86000 3.239
76.88000 4.679
76.90000 4.053
76.92000 2.991
76.94000 2.280
76.96000 3.979
76.98000 2.578
77.00000 2.654
77.02000 6.060
77.04000 5.637
77.06000 6.067
77.08000 4.991
77.10000 7.944
77.12000 5.824
77.14000 3.847
77.16000 2.089
77.18000 1.791
77.20000 7.522
77.22000 11.639
77.24000 8.713
77.26000 8.808
77.28000 9.235
77.30000 7.755
77.32000 6.866
77.34000 5.471
77.36000 3.012
77.38000 2.847
77.40000 3.965
77.42000 2.370
77.44000 4.299
77.46000 8.902
77.48000 8.045
77.50000 10.002
77.52000 5.722
77.54000 8.384
77.56000 9.811
77.58000 2.807
77.60000 -1.409
77.62000 -2.409
77.64000 3.742
77.66000 5.519
77.68000 4.379
77.70000 6.724
77.72000 5.868
77.74000 2.235
77.76000 3.298
77.78000 11.270
77.80000 10.168
77.82000 9.211
77.84000 4.683
77.86000 1.612
77.88000 4.401
77.90000 1.853
77.92000 3.235
77.94000 -0.686
77.96000 -2.408
77.98000 -1.611
78.00000 6.879
78.02000 8.780
78.04000 7.293
78.06000 6.821
78.08000 10.156
78.10000 5.787
78.12000 6.038
78.14000 8.703
78.16000 3.783
78.18000 7.270
78.20000 8.878
78.22000 4.998
78.24000 3.564
78.26000 4.037
78.28000 3.500
78.30000 1.295
78.32000 1.793
78.34000 5.618
78.36000 4.795
78.38000 3.163
78.40000 6.366
78.42000 7.900
78.44000 6.459
78.46000 7.308
78.48000 7.465
78.50000 -0.657
78.52000 3.636
78.54000 2.173
78.56000 4.557
78.58000 8.316
78.60000 7.946
78.62000 6.871
78.64000 5.624
78.66000 0.627
78.68000 0.749
78.70000 8.641
78.72000 11.175
78.74000 4.303
78.76000 1.843
78.78000 5.975
78.80000 4.909
78.82000 1.897
78.84000 1.828
78.86000 2.332
78.88000 5.107
78.90000 2.584
78.92000 3.433
78.94000 5.741
78.96000 8.395
78.98000 3.690
79.00000 1.028
79.02000 4.361
79.04000 0.710
79.06000 3.808
79.08000 5.549
79.10000 3.865
79.12000 5.381
79.14000 0.454
79.16000 0.369
79.18000 1.155
79.20000 5.749
79.22000 3.672
79.24000 2.231
79.26000 -2.496
79.28000 1.343
79.30000 3.521
79.32000 3.532
79.34000 4.241
79.36000 4.795
79.38000 3.753
79.40000 3.935
79.42000 5.688
79.44000 3.980
79.46000 10.629
79.48000 5.690
79.50000 -0.209
79.52000 1.199
79.54000 2.913
79.56000 7.796
79.58000 3.826
79.60000 3.230
79.62000 2.478
79.64000 2.888
79.66000 4.797
79.68000 9.394
79.70000 0.506
79.72000 0.908
79.74000 -2.530
79.76000 -0.108
79.78000 -0.232
79.80000 -0.539
79.82000 4.006
79.84000 8.267
79.86000 2.098
79.88000 3.392
79.90000 -1.106
79.92000 0.334
79.94000 5.487
79.96000 0.972
79.98000 -0.787
80.00000 1.234
80.02000 4.161
80.04000 6.532
80.06000 6.521
80.08000 1.684
80.10000 2.323
80.12000 5.011
80.14000 5.419
80.16000 6.873
80.18000 5.578
80.20000 0.012
80.22000 3.491
80.24000 6.387
80.26000 2.234
80.28000 5.154
80.30000 2.550
80.32000 3.892
80.34000 1.579
80.36000 0.963
80.38000 0.937
80.40000 0.807
80.42000 1.429
80.44000 0.451
80.46000 5.198
80.48000 3.275
80.50000 9.014
80.52000 8.121
80.54000 6.823
80.56000 4.783
80.58000 10.428
80.60000 9.320
80.62000 2.148
80.64000 0.321
80.66000 6.611
80.68000 4.174
80.70000 1.685
80.72000 1.009
80.74000 3.039
80.76000 4.720
80.78000 7.865
80.80000 4.898
80.82000 1.752
80.84000 4.961
80.86000 5.104
80.88000 6.066
80.90000 8.974
80.92000 9.260
80.94000 2.687
80.96000 4.479
80.98000 8.466
81.00000 13.293
81.02000 10.959
81.04000 1.874
81.06000 3.487
81.08000 9.116
81.10000 11.876
81.12000 6.409
81.14000 6.024
81.16000 6.686
81.18000 3.849
81.20000 6.908
81.22000 10.847
81.24000 7.614
81.26000 11.120
81.28000 8.460
81.30000 5.612
81.32000 9.283
81.34000 7.618
81.36000 11.394
81.38000 7.892
81.40000 8.325
81.42000 6.475
81.44000 7.456
81.46000 8.123
81.48000 8.159
81.50000 10.097
81.52000 11.553
81.54000 8.497
81.56000 9.817
81.58000 8.832
81.60000 9.679
81.62000 9.787
81.64000 12.316
81.66000 11.125
81.68000 14.379
81.70000 13.873
81.72000 16.476
81.74000 13.115
81.76000 12.970
81.78000 13.204
81.80000 16.058
81.82000 14.116
81.84000 21.098
81.86000 15.279
81.88000 12.723
81.90000 11.348
81.92000 16.607
81.94000 12.172
81.96000 14.297
81.98000 16.428
82.00000 17.955
82.02000 21.382
82.04000 22.407
82.06000 18.628
82.08000 16.328
82.10000 19.108
82.12000 17.785
82.14000 11.073
82.16000 17.102
82.18000 23.626
82.20000 28.361
82.22000 19.408
82.24000 18.479
82.26000 18.590
82.28000 24.316
82.30000 17.810
82.32000 14.614
82.34000 16.658
82.36000 19.265
82.38000 20.010
82.40000 20.631
82.42000 22.472
82.44000 18.146
82.46000 17.956
82.48000 22.167
82.50000 26.785
82.52000 23.955
82.54000 22.823
82.56000 22.407
82.58000 22.456
82.60000 15.495
82.62000 24.284
82.64000 24.108
82.66000 18.581
82.68000 25.577
82.70000 27.808
82.72000 21.855
82.74000 25.701
82.76000 18.302
82.78000 19.417
82.80000 24.560
82.82000 20.429
82.84000 20.479
82.86000 18.285
82.88000 15.977
82.90000 21.520
82.92000 22.284
82.94000 15.138
82.96000 19.429
82.98000 19.681
83.00000 24.069
83.02000 25.965
83.04000 21.167
83.06000 20.010
83.08000 16.889
83.10000 15.297
83.12000 8.943
83.14000 7.972
83.16000 10.240
83.18000 15.245
83.20000 16.569
83.22000 16.147
83.24000 17.200
83.26000 12.059
83.28000 12.352
83.30000 14.386
83.32000 15.840
83.34000 13.183
83.36000 12.546
83.38000 12.742
83.40000 11.829
83.42000 12.762
83.44000 13.784
83.46000 8.979
83.48000 12.721
83.50000 13.495
83.52000 10.879
83.54000 11.948
83.56000 6.769
83.58000 3.925
83.60000 9.505
83.62000 9.474
83.64000 3.384
83.66000 2.469
83.68000 4.288
83.70000 8.757
83.72000 6.420
83.74000 6.586
83.76000 4.597
83.78000 5.395
83.80000 10.259
83.82000 7.794
83.84000 5.426
83.86000 8.379
83.88000 7.705
83.90000 2.225
83.92000 -1.145
83.94000 -2.649
83.96000 3.900
83.98000 5.956
84.00000 3.998
84.02000 6.028
84.04000 8.866
84.06000 4.430
84.08000 1.809
84.10000 1.755
84.12000 4.249
84.14000 3.659
84.16000 0.805
84.18000 3.426
84.20000 8.706
84.22000 7.195
84.24000 3.388
84.26000 0.524
84.28000 -0.256
84.30000 0.499
84.32000 4.249
84.34000 2.025
84.36000 5.533
84.38000 0.841
84.40000 2.311
84.42000 4.969
84.44000 7.916
84.46000 3.683
84.48000 0.498
84.50000 4.047
84.52000 1.265
84.54000 -0.329
84.56000 -0.089
84.58000 1.899
84.60000 2.687
84.62000 4.387
84.64000 0.858
84.66000 -0.977
84.68000 -2.583
84.70000 1.523
84.72000 6.351
84.74000 1.204
84.76000 1.680
84.78000 6.442
84.80000 0.776
84.82000 -2.423
84.84000 -0.814
84.86000 -0.089
84.88000 -2.349
84.90000 4.505
84.92000 0.709
84.94000 1.138
84.96000 -2.255
84.98000 0.320
85.00000 -1.672
85.02000 1.708
85.04000 4.766
85.06000 5.672
85.08000 3.522
85.10000 5.414
85.12000 6.075
85.14000 1.755
85.16000 3.090
85.18000 2.181
85.20000 1.081
85.22000 1.225
85.24000 0.570
85.26000 3.799
85.28000 6.444
85.30000 5.013
85.32000 4.378
85.34000 5.915
85.36000 3.155
85.38000 0.976
85.40000 5.369
85.42000 0.263
85.44000 -2.579
85.46000 0.653
85.48000 1.138
85.50000 2.150
85.52000 3.883
85.54000 6.929
85.56000 3.053
85.58000 6.772
85.60000 3.808
85.62000 3.306
85.64000 5.139
85.66000 7.399
85.68000 2.971
85.70000 -1.077
85.72000 0.774
85.74000 3.680
85.76000 6.938
85.78000 7.364
85.80000 7.908
85.82000 2.364
85.84000 7.961
85.86000 10.237
85.88000 9.078
85.90000 4.587
85.92000 6.352
85.94000 7.674
85.96000 9.562
85.98000 8.931
86.00000 5.093
86.02000 5.759
86.04000 8.154
86.06000 5.829
86.08000 6.878
86.10000 12.814
86.12000 15.563
86.14000 9.902
86.16000 9.415
86.18000 15.472
86.20000 20.221
86.22000 21.838
86.24000 18.543
86.26000 18.422
86.28000 20.481
86.30000 13.940
86.32000 11.534
86.34000 7.256
86.36000 6.671
86.38000 8.529
86.40000 15.403
86.42000 15.258
86.44000 12.751
86.46000 10.753
86.48000 16.478
86.50000 18.773
86.52000 15.787
86.54000 15.751
86.56000 21.171
86.58000 22.802
86.60000 19.062
86.62000 19.894
86.64000 20.168
86.66000 24.746
86.68000 30.432
86.70000 31.879
86.72000 29.716
86.74000 22.007
86.76000 21.734
86.78000 21.771
86.80000 20.817
86.82000 20.692
86.84000 24.020
86.86000 27.744
86.88000 26.616
86.90000 20.204
86.92000 17.130
86.94000 21.716
86.96000 23.526
86.98000 24.975
87.00000 24.289
87.02000 22.130
87.04000 16.996
87.06000 17.585
87.08000 18.543
87.10000 19.091
87.12000 20.579
87.14000 23.104
87.16000 25.182
87.18000 27.103
87.20000 23.790
87.22000 21.413
87.24000 18.832
87.26000 24.093
87.28000 22.514
87.30000 15.388
87.32000 17.100
87.34000 17.879
87.36000 20.540
87.38000 17.642
87.40000 15.998
87.42000 9.659
87.44000 8.846
87.46000 12.851
87.48000 12.139
87.50000 9.230
87.52000 13.745
87.54000 11.627
87.56000 14.689
87.58000 18.140
87.60000 21.105
87.62000 16.519
87.64000 13.212
87.66000 12.791
87.68000 14.629
87.70000 12.933
87.72000 8.169
87.74000 4.308
87.76000 6.077
87.78000 4.724
87.80000 5.183
87.82000 7.971
87.84000 11.567
87.86000 10.554
87.88000 11.436
87.90000 13.087
87.92000 7.825
87.94000 1.681
87.96000 10.014
87.98000 4.107
88.00000 7.841
88.02000 7.320
88.04000 3.588
88.06000 2.168
88.08000 0.735
88.10000 0.966
88.12000 2.549
88.14000 4.823
88.16000 -1.567
88.18000 3.326
88.20000 0.267
88.22000 -2.233
88.24000 6.268
88.26000 12.644
88.28000 10.203
88.30000 6.035
88.32000 2.749
88.34000 6.676
88.36000 5.185
88.38000 5.803
88.40000 1.695
88.42000 3.788
88.44000 6.688
88.46000 4.530
88.48000 6.671
88.50000 12.231
88.52000 8.299
88.54000 1.939
88.56000 1.357
88.58000 3.665
88.60000 4.087
88.62000 3.289
88.64000 4.778
88.66000 3.406
88.68000 2.478
88.70000 2.628
88.72000 -0.854
88.74000 -1.089
88.76000 1.747
88.78000 8.604
88.80000 5.041
88.82000 -1.116
88.84000 1.263
88.86000 0.874
88.88000 4.242
88.90000 4.569
88.92000 3.823
88.94000 -2.349
88.96000 -1.981
88.98000 2.283
89.00000 6.410
89.02000 9.209
89.04000 7.044
89.06000 7.047
89.08000 4.906
89.10000 3.661
89.12000 6.245
89.14000 6.552
89.16000 2.552
89.18000 4.972
89.20000 7.235
89.22000 6.192
89.24000 3.633
89.26000 3.924
89.28000 -0.988
89.30000 0.346
89.32000 2.718
89.34000 2.793
89.36000 0.033
89.38000 -0.020
89.40000 0.729
89.42000 0.879
89.44000 1.965
89.46000 0.734
89.48000 5.656
89.50000 -0.445
89.52000 -0.101
89.54000 1.576
89.56000 3.741
89.58000 5.288
89.60000 2.909
89.62000 3.752
89.64000 7.549
89.66000 5.415
89.68000 1.676
89.70000 1.154
89.72000 0.843
89.74000 -1.182
89.76000 0.544
89.78000 -0.162
89.80000 0.755
89.82000 3.437
89.84000 -2.310
89.86000 1.448
89.88000 3.980
89.90000 7.152
89.92000 5.773
89.94000 2.542
89.96000 4.015
89.98000 5.577
90.00000 3.704
90.02000 2.579
90.04000 2.530
90.06000 1.627
90.08000 3.194
90.10000 -0.191
90.12000 -2.315
90.14000 0.833
90.16000 3.085
90.18000 -1.447
90.20000 1.395
90.22000 0.679
90.24000 1.430
90.26000 5.961
90.28000 5.997
90.30000 1.002
90.32000 -2.314
90.34000 1.325
90.36000 7.120
90.38000 7.967
90.40000 0.440
90.42000 -0.113
90.44000 1.004
90.46000 0.485
90.48000 0.258
90.50000 -1.356
90.52000 -0.470
90.54000 5.253
90.56000 5.365
90.58000 5.129
90.60000 4.133
90.62000 3.111
90.64000 -0.680
90.66000 0.648
90.68000 2.393
90.70000 1.987
90.72000 4.902
90.74000 5.782
90.76000 1.678
90.78000 1.782
90.80000 1.841
90.82000 -2.114
90.84000 -0.635
90.86000 2.983
90.88000 9.142
90.90000 5.615
90.92000 0.305
90.94000 2.131
90.96000 -2.312
90.98000 0.997
91.00000 4.375
91.02000 -0.788
91.04000 -2.098
91.06000 5.238
91.08000 6.174
91.10000 6.521
91.12000 1.921
91.14000 0.027
91.16000 4.088
91.18000 7.005
91.20000 5.926
91.22000 -1.024
91.24000 -1.451
91.26000 -2.315
91.28000 -2.203
91.30000 -0.750
91.32000 -0.756
91.34000 2.524
91.36000 3.855
91.38000 5.486
91.40000 9.543
91.42000 9.639
91.44000 5.226
91.46000 3.187
91.48000 4.572
91.50000 2.103
91.52000 2.574
91.54000 4.886
91.56000 4.202
91.58000 2.252
91.60000 -1.016
91.62000 -2.057
91.64000 3.049
91.66000 6.211
91.68000 4.310
91.70000 3.854
91.72000 0.256
91.74000 1.003
91.76000 0.225
91.78000 6.807
91.80000 4.835
91.82000 5.675
91.84000 -1.638
91.86000 0.410
91.88000 -0.764
91.90000 3.751
91.92000 4.246
91.94000 3.431
91.96000 4.720
91.98000 0.456
92.00000 2.602
92.02000 3.175
92.04000 1.719
92.06000 1.024
92.08000 2.452
92.10000 1.612
92.12000 2.681
92.14000 4.091
92.16000 1.553
92.18000 9.097
92.20000 6.661
92.22000 5.874
92.24000 3.730
92.26000 4.053
92.28000 -0.037
92.30000 2.175
92.32000 2.293
92.34000 -2.330
92.36000 4.916
92.38000 11.741
92.40000 12.494
92.42000 2.396
92.44000 4.317
92.46000 2.172
92.48000 -1.346
92.50000 2.418
92.52000 2.788
92.54000 0.220
92.56000 -1.111
92.58000 1.002
92.60000 4.215
92.62000 4.705
92.64000 2.759
92.66000 -0.605
92.68000 -0.390
92.70000 1.837
92.72000 4.573
92.74000 11.064
92.76000 1.964
92.78000 0.426
92.80000 -2.102
92.82000 3.937
92.84000 2.188
92.86000 5.464
92.88000 8.477
92.90000 3.810
92.92000 0.712
92.94000 0.739
92.96000 4.262
92.98000 -1.367
93.00000 -1.509
93.02000 4.148
93.04000 4.259
93.06000 1.358
93.08000 -0.171
93.10000 8.564
93.12000 2.794
93.14000 4.302
93.16000 1.644
93.18000 1.734
93.20000 6.306
93.22000 8.335
93.24000 3.837
93.26000 2.723
93.28000 4.695
93.30000 1.492
93.32000 5.062
93.34000 6.379
93.36000 3.117
93.38000 4.973
93.40000 6.345
93.42000 3.096
93.44000 0.808
93.46000 1.659
93.48000 5.894
93.50000 1.983
93.52000 -2.324
93.54000 1.088
93.56000 3.215
93.58000 0.659
93.60000 6.497
93.62000 5.132
93.64000 6.021
93.66000 0.320
93.68000 1.787
93.70000 4.999
93.72000 5.379
93.74000 4.273
93.76000 0.010
93.78000 3.126
93.80000 2.969
93.82000 3.805
93.84000 2.336
93.86000 9.521
93.88000 8.878
93.90000 3.431
93.92000 6.660
93.94000 7.581
93.96000 2.881
93.98000 -0.708
94.00000 1.666
94.02000 6.380
94.04000 5.519
94.06000 3.241
94.08000 2.624
94.10000 5.465
94.12000 4.100
94.14000 4.184
94.16000 0.362
94.18000 -1.484
94.20000 -2.307
94.22000 2.694
94.24000 6.488
94.26000 6.979
94.28000 2.414
94.30000 4.615
94.32000 0.083
94.34000 0.138
94.36000 4.741
94.38000 5.194
94.40000 0.810
94.42000 3.168
94.44000 3.619
94.46000 3.783
94.48000 7.009
94.50000 11.737
94.52000 11.563
94.54000 3.812
94.56000 3.464
94.58000 4.240
94.60000 1.571
94.62000 1.422
94.64000 2.159
94.66000 -1.149
94.68000 -2.128
94.70000 2.986
94.72000 4.993
94.74000 6.901
94.76000 4.634
94.78000 -0.596
94.80000 1.302
94.82000 0.718
94.84000 1.494
94.86000 1.762
94.88000 1.606
94.90000 3.460
94.92000 4.550
94.94000 6.331
94.96000 8.371
94.98000 10.405
95.00000 5.255
95.02000 1.610
95.04000 3.220
95.06000 2.340
95.08000 -2.321
95.10000 -2.056
95.12000 0.236
95.14000 2.121
95.16000 6.900
95.18000 6.627
95.20000 4.468
95.22000 6.219
95.24000 2.990
95.26000 1.064
95.28000 -2.322
95.30000 0.442
95.32000 3.847
95.34000 4.548
95.36000 3.622
95.38000 5.535
95.40000 4.662
95.42000 8.430
95.44000 5.132
95.46000 7.708
95.48000 7.059
95.50000 5.913
95.52000 11.460
95.54000 10.904
95.56000 8.066
95.58000 6.020
95.60000 4.257
95.62000 0.188
95.64000 0.563
95.66000 4.106
95.68000 8.314
95.70000 2.481
95.72000 2.120
95.74000 -2.322
95.76000 -0.339
95.78000 5.730
95.80000 11.067
95.82000 6.619
95.84000 1.023
95.86000 0.113
95.88000 1.214
95.90000 -1.676
95.92000 3.427
95.94000 9.349
95.96000 1.710
95.98000 0.507
96.00000 1.309
96.02000 1.248
96.04000 6.026
96.06000 -2.322
96.08000 -1.730
96.10000 6.308
96.12000 4.681
96.14000 4.624
96.16000 8.556
96.18000 7.978
96.20000 3.690
96.22000 8.307
96.24000 6.921
96.26000 7.463
96.28000 8.535
96.30000 5.377
96.32000 6.069
96.34000 2.085
96.36000 2.994
96.38000 5.998
96.40000 5.708
96.42000 6.389
96.44000 4.496
96.46000 8.312
96.48000 3.109
96.50000 5.737
96.52000 9.014
96.54000 6.432
96.56000 4.025
96.58000 5.082
96.60000 6.572
96.62000 1.192
96.64000 -0.151
96.66000 1.853
96.68000 3.703
96.70000 7.477
96.72000 10.322
96.74000 5.250
96.76000 4.614
96.78000 5.342
96.80000 0.012
96.82000 0.596
96.84000 8.600
96.86000 5.592
96.88000 2.292
96.90000 4.981
96.92000 4.894
96.94000 9.707
96.96000 8.949
96.98000 4.667
97.00000 0.124
97.02000 -0.246
97.04000 2.683
97.06000 5.627
97.08000 5.921
97.10000 5.366
97.12000 -1.358
97.14000 2.304
97.16000 2.518
97.18000 0.993
97.20000 6.511
97.22000 0.248
97.24000 7.355
97.26000 3.460
97.28000 -0.239
97.30000 0.620
97.32000 6.381
97.34000 3.840
97.36000 6.720
97.38000 8.465
97.40000 5.633
97.42000 3.085
97.44000 4.097
97.46000 3.554
97.48000 -1.486
97.50000 -2.327
97.52000 0.146
97.54000 0.025
97.56000 0.781
97.58000 2.811
97.60000 5.863
97.62000 1.583
97.64000 7.073
97.66000 7.937
97.68000 3.254
97.70000 3.025
97.72000 -1.942
97.74000 2.773
97.76000 3.616
97.78000 -0.985
97.80000 6.456
97.82000 4.278
97.84000 8.726
97.86000 10.116
97.88000 6.505
97.90000 7.409
97.92000 1.563
97.94000 2.307
97.96000 0.738
97.98000 1.013
98.00000 6.742
98.02000 1.927
98.04000 1.971
98.06000 7.530
98.08000 5.417
98.10000 2.166
98.12000 0.088
98.14000 -1.182
98.16000 8.189
98.18000 6.612
98.20000 7.023
98.22000 4.571
98.24000 1.031
98.26000 6.863
98.28000 3.282
98.30000 4.583
98.32000 1.604
98.34000 6.094
98.36000 8.861
98.38000 10.896
98.40000 10.130
98.42000 6.232
98.44000 4.427
98.46000 2.768
98.48000 6.372
98.50000 5.281
98.52000 7.443
98.54000 -2.270
98.56000 0.023
98.58000 4.156
98.60000 -1.601
98.62000 8.359
98.64000 5.449
98.66000 4.706
98.68000 -0.257
98.70000 0.387
98.72000 1.493
98.74000 0.000
98.76000 3.321
98.78000 8.244
98.80000 4.484
98.82000 0.268
98.84000 6.302
98.86000 5.209
98.88000 10.163
98.90000 2.849
98.92000 2.723
98.94000 4.578
98.96000 14.685
98.98000 14.183
99.00000 11.160
99.02000 2.747
99.04000 11.921
99.06000 5.037
99.08000 5.086
99.10000 3.456
99.12000 4.054
99.14000 6.582
99.16000 15.774
99.18000 17.227
99.20000 14.859
99.22000 7.132
99.24000 9.982
99.26000 14.110
99.28000 14.800
99.30000 14.090
99.32000 7.335
99.34000 11.191
99.36000 -0.937
99.38000 3.209
99.40000 0.483
99.42000 -6.446
99.44000 10.270
99.46000 20.369
99.48000 18.453
99.50000 10.530
99.52000 0.821
99.54000 6.558
99.56000 5.630
99.58000 7.157
99.60000 6.158
99.62000 3.851
99.64000 16.900
99.66000 22.471
99.68000 11.508
99.70000 7.187
99.72000 20.702
99.74000 6.914
99.76000 3.556
99.78000 20.062
99.80000 4.095
99.82000 0.658
99.84000 12.729
99.86000 1.925
99.88000 12.811
99.90000 2.932
99.92000 -2.259
99.94000 2.026
99.96000 5.264
99.98000 0.000
