'Id: "0011387" Comment: "Integrate frame 0011387_Au-Ir-Rh_Rh-rich_XRD-Mapping-263-0000.gfrmwith cursor Wedge Cursor #5" Operator: "B?rgel" Anode: "Cu" Wavelength: "1.5406" Scantype: "2Theta (TwoTheta)" TimePerStep: "1" X: "-27" Y: "22.5" Z: "5.95" 
10.00000 0.000
10.02000 19.832
10.04000 23.728
10.06000 11.174
10.08000 0.097
10.10000 11.399
10.12000 18.529
10.14000 20.386
10.16000 16.016
10.18000 18.021
10.20000 8.681
10.22000 9.496
10.24000 25.213
10.26000 23.883
10.28000 17.775
10.30000 12.764
10.32000 20.302
10.34000 18.998
10.36000 13.269
10.38000 10.956
10.40000 -0.298
10.42000 5.983
10.44000 19.276
10.46000 9.097
10.48000 21.783
10.50000 18.066
10.52000 18.202
10.54000 27.144
10.56000 21.682
10.58000 12.702
10.60000 18.399
10.62000 26.986
10.64000 13.438
10.66000 8.111
10.68000 22.125
10.70000 11.702
10.72000 11.022
10.74000 15.624
10.76000 24.450
10.78000 28.779
10.80000 22.176
10.82000 14.404
10.84000 13.584
10.86000 11.314
10.88000 10.844
10.90000 19.936
10.92000 18.594
10.94000 10.284
10.96000 9.184
10.98000 18.639
11.00000 11.274
11.02000 15.837
11.04000 13.581
11.06000 14.657
11.08000 17.224
11.10000 14.855
11.12000 10.990
11.14000 8.476
11.16000 8.872
11.18000 8.125
11.20000 7.045
11.22000 12.973
11.24000 0.947
11.26000 23.178
11.28000 25.633
11.30000 14.926
11.32000 17.953
11.34000 22.860
11.36000 13.119
11.38000 4.384
11.40000 5.004
11.42000 12.990
11.44000 29.593
11.46000 10.945
11.48000 1.116
11.50000 6.488
11.52000 14.246
11.54000 17.333
11.56000 14.719
11.58000 9.193
11.60000 8.953
11.62000 13.720
11.64000 13.939
11.66000 11.244
11.68000 3.831
11.70000 2.828
11.72000 11.627
11.74000 16.686
11.76000 7.313
11.78000 -4.503
11.80000 3.724
11.82000 1.108
11.84000 0.186
11.86000 -1.065
11.88000 -0.552
11.90000 -1.962
11.92000 8.103
11.94000 15.628
11.96000 15.195
11.98000 5.872
12.00000 11.299
12.02000 11.139
12.04000 16.602
12.06000 14.433
12.08000 -0.286
12.10000 5.317
12.12000 5.986
12.14000 4.226
12.16000 15.283
12.18000 13.322
12.20000 1.990
12.22000 -3.395
12.24000 4.789
12.26000 6.262
12.28000 6.989
12.30000 9.611
12.32000 6.323
12.34000 -3.554
12.36000 4.643
12.38000 -3.819
12.40000 0.673
12.42000 5.362
12.44000 9.985
12.46000 8.103
12.48000 3.190
12.50000 13.719
12.52000 15.670
12.54000 11.121
12.56000 17.416
12.58000 11.246
12.60000 6.888
12.62000 6.836
12.64000 -1.909
12.66000 -4.508
12.68000 7.408
12.70000 7.356
12.72000 4.996
12.74000 16.577
12.76000 9.898
12.78000 10.999
12.80000 18.905
12.82000 14.689
12.84000 12.947
12.86000 7.547
12.88000 12.558
12.90000 8.740
12.92000 12.868
12.94000 5.227
12.96000 9.722
12.98000 18.211
13.00000 6.929
13.02000 14.689
13.04000 17.930
13.06000 13.096
13.08000 6.027
13.10000 9.066
13.12000 2.787
13.14000 15.192
13.16000 13.934
13.18000 6.656
13.20000 8.747
13.22000 11.693
13.24000 8.502
13.26000 6.743
13.28000 13.316
13.30000 14.017
13.32000 13.254
13.34000 9.286
13.36000 3.834
13.38000 7.501
13.40000 8.978
13.42000 15.785
13.44000 7.120
13.46000 -1.880
13.48000 7.804
13.50000 10.259
13.52000 16.046
13.54000 17.872
13.56000 4.299
13.58000 11.086
13.60000 10.403
13.62000 9.527
13.64000 9.951
13.66000 16.600
13.68000 15.813
13.70000 17.073
13.72000 13.479
13.74000 13.592
13.76000 8.972
13.78000 5.360
13.80000 16.736
13.82000 11.468
13.84000 -4.472
13.86000 -2.658
13.88000 4.946
13.90000 8.824
13.92000 14.577
13.94000 14.049
13.96000 10.349
13.98000 12.433
14.00000 16.193
14.02000 16.021
14.04000 12.445
14.06000 8.200
14.08000 20.585
14.10000 7.559
14.12000 3.622
14.14000 5.216
14.16000 15.605
14.18000 16.574
14.20000 11.374
14.22000 10.331
14.24000 13.888
14.26000 17.346
14.28000 13.400
14.30000 17.030
14.32000 23.239
14.34000 15.122
14.36000 20.443
14.38000 14.849
14.40000 2.554
14.42000 7.942
14.44000 10.471
14.46000 8.644
14.48000 -4.436
14.50000 7.402
14.52000 12.201
14.54000 11.963
14.56000 17.054
14.58000 15.974
14.60000 11.256
14.62000 9.278
14.64000 14.879
14.66000 15.337
14.68000 15.852
14.70000 15.990
14.72000 6.620
14.74000 8.157
14.76000 10.451
14.78000 11.543
14.80000 15.354
14.82000 17.779
14.84000 14.115
14.86000 20.455
14.88000 16.369
14.90000 15.299
14.92000 17.232
14.94000 23.578
14.96000 21.462
14.98000 8.114
15.00000 1.974
15.02000 5.416
15.04000 10.744
15.06000 6.723
15.08000 3.482
15.10000 10.328
15.12000 11.380
15.14000 11.122
15.16000 10.991
15.18000 14.409
15.20000 12.329
15.22000 9.409
15.24000 21.671
15.26000 16.692
15.28000 6.354
15.30000 15.476
15.32000 21.068
15.34000 25.731
15.36000 17.618
15.38000 6.109
15.40000 7.878
15.42000 15.079
15.44000 12.417
15.46000 5.357
15.48000 -4.414
15.50000 4.015
15.52000 13.674
15.54000 11.616
15.56000 18.534
15.58000 22.475
15.60000 14.671
15.62000 16.548
15.64000 8.579
15.66000 13.652
15.68000 16.454
15.70000 14.960
15.72000 14.627
15.74000 8.592
15.76000 2.496
15.78000 6.487
15.80000 13.852
15.82000 16.123
15.84000 13.029
15.86000 6.306
15.88000 9.203
15.90000 17.545
15.92000 10.594
15.94000 2.924
15.96000 0.498
15.98000 -3.514
16.00000 -0.810
16.02000 7.512
16.04000 6.833
16.06000 17.582
16.08000 12.079
16.10000 7.055
16.12000 12.400
16.14000 10.476
16.16000 16.347
16.18000 10.408
16.20000 0.432
16.22000 1.622
16.24000 11.792
16.26000 4.046
16.28000 1.652
16.30000 5.657
16.32000 14.614
16.34000 12.392
16.36000 7.539
16.38000 10.321
16.40000 15.646
16.42000 3.539
16.44000 8.413
16.46000 8.092
16.48000 14.629
16.50000 8.988
16.52000 11.432
16.54000 2.250
16.56000 -4.379
16.58000 2.534
16.60000 -2.685
16.62000 -1.080
16.64000 5.449
16.66000 12.538
16.68000 17.375
16.70000 9.923
16.72000 8.121
16.74000 -1.578
16.76000 6.353
16.78000 16.552
16.80000 12.160
16.82000 6.762
16.84000 11.387
16.86000 14.787
16.88000 15.713
16.90000 11.626
16.92000 7.363
16.94000 7.465
16.96000 8.988
16.98000 9.907
17.00000 9.665
17.02000 16.874
17.04000 8.717
17.06000 6.252
17.08000 5.965
17.10000 10.911
17.12000 10.843
17.14000 7.776
17.16000 3.214
17.18000 10.601
17.20000 6.520
17.22000 11.525
17.24000 9.708
17.26000 6.366
17.28000 4.448
17.30000 8.788
17.32000 3.992
17.34000 7.121
17.36000 12.770
17.38000 17.671
17.40000 10.824
17.42000 6.051
17.44000 3.051
17.46000 7.208
17.48000 9.702
17.50000 10.282
17.52000 5.541
17.54000 11.475
17.56000 12.835
17.58000 5.078
17.60000 4.143
17.62000 4.755
17.64000 0.538
17.66000 5.564
17.68000 6.720
17.70000 12.815
17.72000 10.369
17.74000 12.007
17.76000 9.568
17.78000 14.725
17.80000 8.884
17.82000 10.103
17.84000 4.744
17.86000 6.247
17.88000 6.776
17.90000 3.340
17.92000 3.624
17.94000 9.690
17.96000 6.073
17.98000 6.719
18.00000 5.803
18.02000 -3.338
18.04000 -2.213
18.06000 2.156
18.08000 1.780
18.10000 11.159
18.12000 8.238
18.14000 5.092
18.16000 3.450
18.18000 5.009
18.20000 9.344
18.22000 12.533
18.24000 9.175
18.26000 8.852
18.28000 13.589
18.30000 1.467
18.32000 9.616
18.34000 13.695
18.36000 9.637
18.38000 9.058
18.40000 2.200
18.42000 2.238
18.44000 6.233
18.46000 6.934
18.48000 15.659
18.50000 14.805
18.52000 4.577
18.54000 5.817
18.56000 5.263
18.58000 5.089
18.60000 7.593
18.62000 -4.279
18.64000 1.971
18.66000 12.361
18.68000 7.641
18.70000 5.274
18.72000 9.347
18.74000 0.104
18.76000 1.843
18.78000 4.005
18.80000 6.308
18.82000 11.558
18.84000 11.401
18.86000 5.807
18.88000 0.542
18.90000 4.392
18.92000 5.950
18.94000 7.295
18.96000 13.922
18.98000 14.943
19.00000 12.316
19.02000 10.356
19.04000 9.973
19.06000 5.608
19.08000 8.400
19.10000 10.148
19.12000 6.455
19.14000 8.015
19.16000 13.526
19.18000 9.987
19.20000 9.752
19.22000 9.784
19.24000 13.015
19.26000 9.061
19.28000 1.386
19.30000 -2.242
19.32000 6.686
19.34000 7.535
19.36000 3.679
19.38000 3.146
19.40000 6.440
19.42000 9.677
19.44000 12.632
19.46000 6.585
19.48000 9.162
19.50000 10.761
19.52000 8.045
19.54000 5.869
19.56000 3.100
19.58000 6.094
19.60000 5.895
19.62000 2.544
19.64000 1.225
19.66000 1.317
19.68000 1.452
19.70000 3.691
19.72000 3.420
19.74000 9.482
19.76000 11.268
19.78000 9.914
19.80000 6.650
19.82000 11.128
19.84000 12.313
19.86000 7.282
19.88000 4.609
19.90000 7.596
19.92000 10.722
19.94000 6.650
19.96000 6.401
19.98000 4.724
20.00000 -1.379
20.02000 -4.208
20.04000 -1.734
20.06000 2.892
20.08000 7.744
20.10000 6.616
20.12000 6.733
20.14000 9.071
20.16000 10.420
20.18000 6.656
20.20000 2.449
20.22000 3.795
20.24000 9.092
20.26000 17.184
20.28000 14.856
20.30000 14.051
20.32000 7.492
20.34000 -4.199
20.36000 0.702
20.38000 6.732
20.40000 10.518
20.42000 11.080
20.44000 7.356
20.46000 9.318
20.48000 4.439
20.50000 8.464
20.52000 7.427
20.54000 3.367
20.56000 4.156
20.58000 1.918
20.60000 -0.642
20.62000 0.700
20.64000 -2.606
20.66000 3.839
20.68000 4.907
20.70000 0.458
20.72000 4.371
20.74000 9.520
20.76000 4.003
20.78000 5.118
20.80000 5.654
20.82000 0.568
20.84000 5.696
20.86000 3.553
20.88000 3.221
20.90000 12.127
20.92000 11.131
20.94000 8.553
20.96000 7.077
20.98000 -0.398
21.00000 1.412
21.02000 0.089
21.04000 5.373
21.06000 -0.243
21.08000 2.302
21.10000 3.607
21.12000 5.479
21.14000 3.839
21.16000 8.107
21.18000 9.694
21.20000 5.204
21.22000 4.598
21.24000 3.527
21.26000 3.389
21.28000 2.544
21.30000 3.386
21.32000 6.073
21.34000 1.975
21.36000 6.301
21.38000 2.329
21.40000 -1.573
21.42000 5.891
21.44000 4.577
21.46000 4.113
21.48000 3.843
21.50000 6.496
21.52000 8.471
21.54000 10.285
21.56000 4.179
21.58000 -1.659
21.60000 -1.853
21.62000 8.767
21.64000 8.530
21.66000 5.814
21.68000 14.026
21.70000 18.619
21.72000 13.330
21.74000 6.205
21.76000 5.169
21.78000 5.388
21.80000 5.538
21.82000 2.442
21.84000 1.518
21.86000 0.257
21.88000 -1.314
21.90000 0.692
21.92000 2.986
21.94000 1.293
21.96000 5.953
21.98000 8.084
22.00000 8.616
22.02000 3.960
22.04000 5.461
22.06000 9.309
22.08000 8.891
22.10000 6.582
22.12000 6.388
22.14000 10.550
22.16000 4.569
22.18000 -4.078
22.20000 -0.011
22.22000 -1.628
22.24000 1.855
22.26000 8.295
22.28000 14.994
22.30000 10.233
22.32000 5.855
22.34000 4.538
22.36000 4.955
22.38000 7.502
22.40000 8.230
22.42000 0.282
22.44000 0.373
22.46000 7.268
22.48000 10.940
22.50000 11.574
22.52000 11.263
22.54000 10.551
22.56000 9.897
22.58000 3.932
22.60000 7.156
22.62000 6.382
22.64000 4.036
22.66000 4.035
22.68000 6.980
22.70000 11.238
22.72000 2.890
22.74000 -0.020
22.76000 3.081
22.78000 3.105
22.80000 8.641
22.82000 10.310
22.84000 5.570
22.86000 1.930
22.88000 3.056
22.90000 7.212
22.92000 5.175
22.94000 2.692
22.96000 6.851
22.98000 6.803
23.00000 -0.549
23.02000 2.039
23.04000 4.138
23.06000 3.564
23.08000 -0.775
23.10000 9.029
23.12000 7.550
23.14000 0.871
23.16000 6.991
23.18000 7.541
23.20000 3.006
23.22000 5.523
23.24000 10.368
23.26000 10.203
23.28000 6.109
23.30000 4.309
23.32000 5.530
23.34000 5.753
23.36000 9.591
23.38000 5.009
23.40000 7.050
23.42000 1.673
23.44000 0.546
23.46000 3.972
23.48000 0.702
23.50000 5.683
23.52000 11.737
23.54000 7.107
23.56000 7.304
23.58000 7.485
23.60000 0.211
23.62000 -2.417
23.64000 -2.320
23.66000 -4.029
23.68000 -1.438
23.70000 3.343
23.72000 4.612
23.74000 3.467
23.76000 -3.146
23.78000 -2.372
23.80000 -2.493
23.82000 -0.077
23.84000 1.873
23.86000 -1.206
23.88000 -2.444
23.90000 -0.552
23.92000 -0.173
23.94000 0.981
23.96000 9.645
23.98000 5.836
24.00000 1.791
24.02000 5.917
24.04000 6.898
24.06000 4.659
24.08000 6.928
24.10000 5.587
24.12000 3.602
24.14000 4.383
24.16000 7.359
24.18000 5.631
24.20000 6.544
24.22000 5.007
24.24000 0.968
24.26000 3.228
24.28000 6.873
24.30000 12.440
24.32000 5.503
24.34000 1.378
24.36000 -2.810
24.38000 -3.677
24.40000 -2.201
24.42000 2.304
24.44000 8.675
24.46000 11.642
24.48000 6.044
24.50000 6.018
24.52000 5.852
24.54000 4.461
24.56000 1.378
24.58000 -2.352
24.60000 -0.454
24.62000 4.015
24.64000 1.896
24.66000 3.193
24.68000 6.820
24.70000 9.985
24.72000 4.880
24.74000 7.877
24.76000 4.992
24.78000 2.524
24.80000 3.369
24.82000 12.118
24.84000 10.987
24.86000 4.171
24.88000 2.559
24.90000 -2.182
24.92000 -3.962
24.94000 1.564
24.96000 7.100
24.98000 6.486
25.00000 1.454
25.02000 5.823
25.04000 7.710
25.06000 -0.540
25.08000 0.139
25.10000 4.365
25.12000 6.226
25.14000 11.363
25.16000 10.813
25.18000 7.379
25.20000 0.246
25.22000 -2.618
25.24000 3.954
25.26000 6.865
25.28000 3.721
25.30000 2.049
25.32000 1.615
25.34000 -1.943
25.36000 -3.124
25.38000 0.179
25.40000 5.049
25.42000 6.557
25.44000 5.484
25.46000 8.630
25.48000 4.166
25.50000 0.378
25.52000 1.633
25.54000 -0.355
25.56000 1.554
25.58000 5.903
25.60000 7.138
25.62000 2.515
25.64000 -2.225
25.66000 -0.825
25.68000 5.208
25.70000 -1.288
25.72000 0.553
25.74000 7.039
25.76000 6.897
25.78000 4.199
25.80000 4.595
25.82000 5.527
25.84000 1.364
25.86000 1.608
25.88000 4.623
25.90000 0.709
25.92000 -3.297
25.94000 -3.908
25.96000 0.602
25.98000 5.498
26.00000 -1.729
26.02000 2.492
26.04000 7.766
26.06000 1.482
26.08000 -3.904
26.10000 5.814
26.12000 5.799
26.14000 1.973
26.16000 1.201
26.18000 9.032
26.20000 6.352
26.22000 3.568
26.24000 2.034
26.26000 3.345
26.28000 0.737
26.30000 4.229
26.32000 7.933
26.34000 8.117
26.36000 1.309
26.38000 -0.910
26.40000 2.471
26.42000 3.972
26.44000 1.800
26.46000 2.848
26.48000 7.273
26.50000 3.822
26.52000 -1.559
26.54000 1.219
26.56000 1.270
26.58000 4.032
26.60000 1.415
26.62000 6.051
26.64000 6.504
26.66000 0.827
26.68000 -1.053
26.70000 -2.747
26.72000 -1.873
26.74000 -1.679
26.76000 -1.292
26.78000 1.912
26.80000 8.379
26.82000 12.773
26.84000 8.142
26.86000 7.137
26.88000 6.408
26.90000 5.168
26.92000 1.872
26.94000 3.362
26.96000 6.053
26.98000 3.829
27.00000 0.997
27.02000 4.467
27.04000 2.166
27.06000 -0.734
27.08000 2.699
27.10000 4.212
27.12000 1.292
27.14000 2.906
27.16000 5.920
27.18000 5.383
27.20000 2.049
27.22000 1.493
27.24000 4.835
27.26000 7.457
27.28000 8.177
27.30000 7.820
27.32000 3.441
27.34000 3.847
27.36000 3.162
27.38000 7.125
27.40000 4.980
27.42000 5.566
27.44000 4.288
27.46000 0.901
27.48000 2.374
27.50000 1.576
27.52000 1.239
27.54000 0.218
27.56000 -0.629
27.58000 -1.765
27.60000 4.676
27.62000 5.409
27.64000 3.707
27.66000 4.511
27.68000 -0.815
27.70000 -3.138
27.72000 1.428
27.74000 1.973
27.76000 -3.810
27.78000 2.713
27.80000 2.538
27.82000 4.558
27.84000 4.544
27.86000 5.962
27.88000 4.293
27.90000 9.274
27.92000 10.318
27.94000 8.164
27.96000 2.462
27.98000 4.475
28.00000 0.088
28.02000 8.909
28.04000 5.814
28.06000 1.148
28.08000 -0.557
28.10000 0.152
28.12000 7.315
28.14000 2.480
28.16000 4.476
28.18000 8.407
28.20000 8.993
28.22000 5.337
28.24000 4.025
28.26000 4.134
28.28000 3.348
28.30000 -1.228
28.32000 -2.867
28.34000 1.188
28.36000 0.779
28.38000 4.568
28.40000 2.455
28.42000 -2.295
28.44000 2.172
28.46000 5.086
28.48000 3.300
28.50000 4.992
28.52000 3.435
28.54000 -2.029
28.56000 0.746
28.58000 4.389
28.60000 8.454
28.62000 3.792
28.64000 1.728
28.66000 3.481
28.68000 1.156
28.70000 4.933
28.72000 2.778
28.74000 0.532
28.76000 -3.617
28.78000 -3.736
28.80000 -1.373
28.82000 1.603
28.84000 3.380
28.86000 0.019
28.88000 0.217
28.90000 0.294
28.92000 3.516
28.94000 3.236
28.96000 -1.247
28.98000 0.410
29.00000 7.902
29.02000 4.617
29.04000 3.506
29.06000 4.128
29.08000 7.633
29.10000 5.973
29.12000 2.694
29.14000 4.414
29.16000 2.631
29.18000 -3.725
29.20000 4.322
29.22000 5.330
29.24000 6.858
29.26000 3.174
29.28000 4.396
29.30000 2.627
29.32000 -2.155
29.34000 1.618
29.36000 4.950
29.38000 8.122
29.40000 10.986
29.42000 7.359
29.44000 4.932
29.46000 3.608
29.48000 7.934
29.50000 4.069
29.52000 2.267
29.54000 5.709
29.56000 5.731
29.58000 5.558
29.60000 2.954
29.62000 -0.011
29.64000 -3.426
29.66000 -3.704
29.68000 0.307
29.70000 1.701
29.72000 5.942
29.74000 4.263
29.76000 4.506
29.78000 -0.787
29.80000 -1.340
29.82000 1.715
29.84000 2.159
29.86000 5.321
29.88000 5.075
29.90000 0.682
29.92000 2.057
29.94000 0.391
29.96000 -0.971
29.98000 1.756
30.00000 -3.249
30.02000 -3.694
30.04000 -0.958
30.06000 1.575
30.08000 1.905
30.10000 1.799
30.12000 -0.535
30.14000 1.262
30.16000 -1.495
30.18000 -3.072
30.20000 -3.279
30.22000 1.512
30.24000 3.050
30.26000 4.212
30.28000 9.550
30.30000 9.551
30.32000 4.662
30.34000 2.894
30.36000 3.594
30.38000 0.609
30.40000 2.939
30.42000 9.564
30.44000 3.716
30.46000 -2.587
30.48000 -0.377
30.50000 1.962
30.52000 4.274
30.54000 6.374
30.56000 2.928
30.58000 1.789
30.60000 1.613
30.62000 6.298
30.64000 0.016
30.66000 -2.673
30.68000 1.027
30.70000 5.622
30.72000 2.275
30.74000 -2.358
30.76000 3.053
30.78000 8.626
30.80000 6.796
30.82000 1.863
30.84000 6.523
30.86000 7.129
30.88000 5.948
30.90000 1.197
30.92000 4.204
30.94000 4.319
30.96000 -0.005
30.98000 -0.358
31.00000 3.903
31.02000 0.980
31.04000 -1.031
31.06000 -0.749
31.08000 -1.326
31.10000 -0.869
31.12000 1.315
31.14000 1.038
31.16000 4.693
31.18000 3.509
31.20000 -0.499
31.22000 4.406
31.24000 5.605
31.26000 0.974
31.28000 -2.136
31.30000 0.676
31.32000 2.843
31.34000 2.557
31.36000 3.093
31.38000 5.629
31.40000 -1.606
31.42000 -3.624
31.44000 -0.425
31.46000 -1.411
31.48000 -0.441
31.50000 1.249
31.52000 6.526
31.54000 8.103
31.56000 -2.092
31.58000 -0.660
31.60000 1.635
31.62000 -1.435
31.64000 -2.174
31.66000 -1.680
31.68000 0.353
31.70000 5.085
31.72000 -2.340
31.74000 -1.302
31.76000 2.707
31.78000 -0.253
31.80000 -1.211
31.82000 1.646
31.84000 7.488
31.86000 7.056
31.88000 1.001
31.90000 3.770
31.92000 5.214
31.94000 3.846
31.96000 2.910
31.98000 3.162
32.00000 -0.588
32.02000 0.750
32.04000 4.932
32.06000 6.644
32.08000 2.424
32.10000 -1.077
32.12000 -2.116
32.14000 1.833
32.16000 0.186
32.18000 0.862
32.20000 3.231
32.22000 6.489
32.24000 5.576
32.26000 5.592
32.28000 5.334
32.30000 -0.282
32.32000 3.282
32.34000 4.844
32.36000 3.035
32.38000 -1.985
32.40000 -0.383
32.42000 4.300
32.44000 5.018
32.46000 -3.586
32.48000 4.422
32.50000 5.558
32.52000 2.002
32.54000 0.839
32.56000 -0.511
32.58000 0.973
32.60000 2.880
32.62000 5.527
32.64000 -1.372
32.66000 -2.410
32.68000 -0.276
32.70000 2.928
32.72000 2.569
32.74000 2.560
32.76000 2.770
32.78000 1.253
32.80000 2.211
32.82000 3.674
32.84000 3.871
32.86000 4.297
32.88000 3.893
32.90000 1.314
32.92000 -2.663
32.94000 -0.344
32.96000 -1.410
32.98000 -1.523
33.00000 3.965
33.02000 5.570
33.04000 6.961
33.06000 3.936
33.08000 0.423
33.10000 1.270
33.12000 3.451
33.14000 4.288
33.16000 -1.948
33.18000 -3.574
33.20000 2.057
33.22000 7.396
33.24000 3.908
33.26000 1.554
33.28000 6.990
33.30000 7.767
33.32000 5.489
33.34000 6.467
33.36000 5.605
33.38000 0.885
33.40000 0.953
33.42000 3.645
33.44000 7.315
33.46000 5.997
33.48000 -0.918
33.50000 -0.198
33.52000 -0.854
33.54000 1.649
33.56000 1.832
33.58000 2.894
33.60000 4.247
33.62000 1.281
33.64000 6.460
33.66000 3.202
33.68000 -0.809
33.70000 2.352
33.72000 7.310
33.74000 2.653
33.76000 3.566
33.78000 1.363
33.80000 -1.179
33.82000 0.540
33.84000 3.976
33.86000 6.962
33.88000 -0.005
33.90000 4.021
33.92000 8.718
33.94000 3.148
33.96000 2.238
33.98000 3.871
34.00000 9.967
34.02000 6.143
34.04000 4.517
34.06000 5.607
34.08000 6.750
34.10000 3.566
34.12000 9.079
34.14000 3.966
34.16000 5.119
34.18000 5.785
34.20000 7.667
34.22000 8.342
34.24000 3.095
34.26000 3.543
34.28000 4.331
34.30000 1.170
34.32000 1.665
34.34000 2.996
34.36000 4.906
34.38000 0.915
34.40000 -3.174
34.42000 2.843
34.44000 6.372
34.46000 4.755
34.48000 0.011
34.50000 0.184
34.52000 4.158
34.54000 -0.543
34.56000 -2.068
34.58000 0.332
34.60000 0.855
34.62000 0.183
34.64000 1.479
34.66000 3.978
34.68000 2.813
34.70000 5.963
34.72000 3.933
34.74000 -1.389
34.76000 3.604
34.78000 5.453
34.80000 6.454
34.82000 2.480
34.84000 3.356
34.86000 3.874
34.88000 0.158
34.90000 -0.393
34.92000 -3.525
34.94000 2.398
34.96000 4.514
34.98000 2.035
35.00000 3.595
35.02000 6.437
35.04000 2.897
35.06000 3.461
35.08000 10.185
35.10000 6.089
35.12000 4.044
35.14000 6.197
35.16000 5.608
35.18000 4.224
35.20000 3.823
35.22000 2.612
35.24000 -1.574
35.26000 -2.339
35.28000 5.494
35.30000 6.361
35.32000 -1.007
35.34000 1.344
35.36000 -0.839
35.38000 -0.646
35.40000 3.632
35.42000 7.324
35.44000 7.630
35.46000 1.729
35.48000 0.582
35.50000 0.874
35.52000 1.930
35.54000 2.584
35.56000 1.419
35.58000 -0.108
35.60000 -0.195
35.62000 1.654
35.64000 5.986
35.66000 4.239
35.68000 0.424
35.70000 3.559
35.72000 2.112
35.74000 0.263
35.76000 0.850
35.78000 1.583
35.80000 0.469
35.82000 -1.921
35.84000 0.342
35.86000 2.158
35.88000 0.061
35.90000 -2.860
35.92000 1.812
35.94000 0.692
35.96000 -3.523
35.98000 0.537
36.00000 0.830
36.02000 4.508
36.04000 9.454
36.06000 9.490
36.08000 9.306
36.10000 12.616
36.12000 4.914
36.14000 -1.491
36.16000 1.752
36.18000 5.371
36.20000 1.389
36.22000 2.269
36.24000 2.572
36.26000 0.182
36.28000 0.865
36.30000 -0.902
36.32000 0.276
36.34000 1.194
36.36000 -1.267
36.38000 -1.521
36.40000 3.503
36.42000 5.432
36.44000 0.503
36.46000 2.225
36.48000 1.156
36.50000 3.644
36.52000 4.165
36.54000 3.499
36.56000 3.703
36.58000 0.686
36.60000 -1.543
36.62000 -3.481
36.64000 -1.570
36.66000 1.986
36.68000 -0.089
36.70000 5.157
36.72000 2.784
36.74000 -1.364
36.76000 1.339
36.78000 3.989
36.80000 4.196
36.82000 0.214
36.84000 -1.392
36.86000 3.772
36.88000 5.494
36.90000 6.847
36.92000 -1.198
36.94000 -3.577
36.96000 -0.295
36.98000 7.406
37.00000 5.676
37.02000 1.856
37.04000 5.557
37.06000 4.247
37.08000 3.155
37.10000 3.172
37.12000 2.899
37.14000 5.827
37.16000 5.938
37.18000 -3.606
37.20000 -2.915
37.22000 5.895
37.24000 4.391
37.26000 2.214
37.28000 2.602
37.30000 2.390
37.32000 3.941
37.34000 4.909
37.36000 2.820
37.38000 0.349
37.40000 2.778
37.42000 3.924
37.44000 4.775
37.46000 4.767
37.48000 2.487
37.50000 3.552
37.52000 1.039
37.54000 2.870
37.56000 4.783
37.58000 8.563
37.60000 11.878
37.62000 12.076
37.64000 10.596
37.66000 11.099
37.68000 10.899
37.70000 9.576
37.72000 12.402
37.74000 15.152
37.76000 11.434
37.78000 8.068
37.80000 12.874
37.82000 15.499
37.84000 9.352
37.86000 8.373
37.88000 12.633
37.90000 11.868
37.92000 17.005
37.94000 15.658
37.96000 15.250
37.98000 12.002
38.00000 13.185
38.02000 14.955
38.04000 15.176
38.06000 14.259
38.08000 16.614
38.10000 20.152
38.12000 23.169
38.14000 16.914
38.16000 21.418
38.18000 24.872
38.20000 23.377
38.22000 26.242
38.24000 23.912
38.26000 19.892
38.28000 20.255
38.30000 24.781
38.32000 27.184
38.34000 26.997
38.36000 27.530
38.38000 31.181
38.40000 31.801
38.42000 29.975
38.44000 29.801
38.46000 32.566
38.48000 35.313
38.50000 38.734
38.52000 43.653
38.54000 44.058
38.56000 39.730
38.58000 44.283
38.60000 46.897
38.62000 44.220
38.64000 44.326
38.66000 49.238
38.68000 47.496
38.70000 46.510
38.72000 51.635
38.74000 57.130
38.76000 60.319
38.78000 62.107
38.80000 66.151
38.82000 64.604
38.84000 70.902
38.86000 71.677
38.88000 76.117
38.90000 79.214
38.92000 76.439
38.94000 75.441
38.96000 84.028
38.98000 86.467
39.00000 87.514
39.02000 90.308
39.04000 96.590
39.06000 99.256
39.08000 107.643
39.10000 116.039
39.12000 119.654
39.14000 126.630
39.16000 131.023
39.18000 132.104
39.20000 136.431
39.22000 141.166
39.24000 152.944
39.26000 154.800
39.28000 159.968
39.30000 170.073
39.32000 174.900
39.34000 187.879
39.36000 197.299
39.38000 208.116
39.40000 216.648
39.42000 227.843
39.44000 244.462
39.46000 251.349
39.48000 264.971
39.50000 275.673
39.52000 301.047
39.54000 309.640
39.56000 322.734
39.58000 337.980
39.60000 367.800
39.62000 384.198
39.64000 391.786
39.66000 412.999
39.68000 435.465
39.70000 461.442
39.72000 486.200
39.74000 505.639
39.76000 522.457
39.78000 550.785
39.80000 575.585
39.82000 598.512
39.84000 617.183
39.86000 647.245
39.88000 665.917
39.90000 690.076
39.92000 715.250
39.94000 733.605
39.96000 745.853
39.98000 755.280
40.00000 769.978
40.02000 784.883
40.04000 793.040
40.06000 792.281
40.08000 795.914
40.10000 805.128
40.12000 800.018
40.14000 794.381
40.16000 781.704
40.18000 779.695
40.20000 771.503
40.22000 763.352
40.24000 742.168
40.26000 722.678
40.28000 706.050
40.30000 698.273
40.32000 665.832
40.34000 632.416
40.36000 611.732
40.38000 593.549
40.40000 573.554
40.42000 550.527
40.44000 531.342
40.46000 510.504
40.48000 488.340
40.50000 468.993
40.52000 450.833
40.54000 422.757
40.56000 403.521
40.58000 376.129
40.60000 352.519
40.62000 337.248
40.64000 325.737
40.66000 306.601
40.68000 288.488
40.70000 276.439
40.72000 257.508
40.74000 244.009
40.76000 235.257
40.78000 230.476
40.80000 214.407
40.82000 192.932
40.84000 182.260
40.86000 175.291
40.88000 166.786
40.90000 155.486
40.92000 142.225
40.94000 132.894
40.96000 129.822
40.98000 121.793
41.00000 119.645
41.02000 107.655
41.04000 99.985
41.06000 96.927
41.08000 88.971
41.10000 85.183
41.12000 85.599
41.14000 78.723
41.16000 74.109
41.18000 71.722
41.20000 69.158
41.22000 67.357
41.24000 64.019
41.26000 62.697
41.28000 58.190
41.30000 50.031
41.32000 50.412
41.34000 46.815
41.36000 47.759
41.38000 42.364
41.40000 37.594
41.42000 35.204
41.44000 36.399
41.46000 34.936
41.48000 32.409
41.50000 30.320
41.52000 25.445
41.54000 21.391
41.56000 21.554
41.58000 25.281
41.60000 23.222
41.62000 18.940
41.64000 18.435
41.66000 21.096
41.68000 19.343
41.70000 18.000
41.72000 17.540
41.74000 17.848
41.76000 17.593
41.78000 13.620
41.80000 15.643
41.82000 15.315
41.84000 14.116
41.86000 13.705
41.88000 10.063
41.90000 8.965
41.92000 4.072
41.94000 6.348
41.96000 6.583
41.98000 10.193
42.00000 11.291
42.02000 7.188
42.04000 4.180
42.06000 4.952
42.08000 3.668
42.10000 2.397
42.12000 3.461
42.14000 4.434
42.16000 7.184
42.18000 11.188
42.20000 3.476
42.22000 -0.234
42.24000 2.892
42.26000 6.899
42.28000 7.962
42.30000 6.871
42.32000 6.918
42.34000 1.836
42.36000 2.726
42.38000 6.570
42.40000 3.281
42.42000 1.885
42.44000 2.681
42.46000 5.636
42.48000 2.369
42.50000 5.847
42.52000 7.949
42.54000 6.771
42.56000 2.285
42.58000 2.511
42.60000 6.005
42.62000 0.597
42.64000 -3.482
42.66000 2.159
42.68000 2.252
42.70000 0.669
42.72000 -1.237
42.74000 0.655
42.76000 2.541
42.78000 6.408
42.80000 5.305
42.82000 2.995
42.84000 0.842
42.86000 -0.756
42.88000 -1.219
42.90000 -2.068
42.92000 -1.118
42.94000 1.275
42.96000 2.193
42.98000 -0.928
43.00000 -1.314
43.02000 -2.598
43.04000 -1.254
43.06000 -0.593
43.08000 -0.942
43.10000 -1.553
43.12000 1.340
43.14000 0.494
43.16000 1.612
43.18000 -0.863
43.20000 -3.255
43.22000 -2.843
43.24000 -2.338
43.26000 -1.930
43.28000 3.562
43.30000 -0.068
43.32000 -1.718
43.34000 0.234
43.36000 0.243
43.38000 -0.061
43.40000 1.441
43.42000 4.461
43.44000 5.763
43.46000 2.775
43.48000 1.277
43.50000 2.976
43.52000 -0.061
43.54000 -3.375
43.56000 -0.187
43.58000 1.116
43.60000 -1.493
43.62000 -1.242
43.64000 -0.527
43.66000 -0.766
43.68000 1.713
43.70000 1.933
43.72000 -1.529
43.74000 -0.672
43.76000 -1.742
43.78000 0.544
43.80000 1.844
43.82000 -0.154
43.84000 -2.552
43.86000 -1.648
43.88000 1.140
43.90000 -0.632
43.92000 0.954
43.94000 1.935
43.96000 4.908
43.98000 3.294
44.00000 3.099
44.02000 1.536
44.04000 0.404
44.06000 1.165
44.08000 -0.719
44.10000 -2.252
44.12000 -1.047
44.14000 -3.121
44.16000 -1.462
44.18000 -0.364
44.20000 -3.356
44.22000 -3.356
44.24000 1.610
44.26000 4.633
44.28000 0.018
44.30000 -3.213
44.32000 1.050
44.34000 1.768
44.36000 3.727
44.38000 -1.382
44.40000 -0.156
44.42000 1.148
44.44000 4.618
44.46000 3.891
44.48000 1.242
44.50000 0.902
44.52000 0.342
44.54000 4.278
44.56000 2.876
44.58000 -0.339
44.60000 0.312
44.62000 1.605
44.64000 3.407
44.66000 1.401
44.68000 -2.403
44.70000 -0.855
44.72000 2.314
44.74000 -0.179
44.76000 -1.137
44.78000 1.200
44.80000 4.354
44.82000 2.688
44.84000 2.607
44.86000 -1.117
44.88000 -0.184
44.90000 2.856
44.92000 9.412
44.94000 6.182
44.96000 -0.165
44.98000 5.268
45.00000 6.359
45.02000 5.524
45.04000 5.540
45.06000 3.932
45.08000 6.322
45.10000 8.991
45.12000 9.228
45.14000 2.638
45.16000 5.131
45.18000 10.409
45.20000 9.203
45.22000 8.862
45.24000 10.049
45.26000 16.620
45.28000 12.533
45.30000 12.984
45.32000 10.965
45.34000 15.357
45.36000 17.057
45.38000 16.929
45.40000 13.291
45.42000 17.733
45.44000 14.273
45.46000 15.278
45.48000 20.528
45.50000 24.223
45.52000 20.895
45.54000 23.404
45.56000 25.264
45.58000 25.290
45.60000 24.487
45.62000 30.088
45.64000 32.246
45.66000 33.279
45.68000 32.809
45.70000 32.428
45.72000 30.481
45.74000 30.718
45.76000 33.142
45.78000 33.779
45.80000 38.671
45.82000 40.438
45.84000 45.267
45.86000 42.750
45.88000 41.155
45.90000 43.649
45.92000 52.603
45.94000 53.317
45.96000 51.789
45.98000 54.727
46.00000 56.019
46.02000 58.985
46.04000 58.709
46.06000 56.303
46.08000 58.904
46.10000 68.260
46.12000 73.177
46.14000 69.371
46.16000 71.268
46.18000 76.011
46.20000 82.881
46.22000 84.250
46.24000 82.093
46.26000 85.629
46.28000 84.000
46.30000 85.203
46.32000 92.993
46.34000 90.506
46.36000 93.216
46.38000 106.837
46.40000 110.153
46.42000 108.481
46.44000 115.341
46.46000 105.575
46.48000 106.708
46.50000 111.492
46.52000 115.264
46.54000 117.487
46.56000 122.170
46.58000 131.675
46.60000 134.549
46.62000 128.225
46.64000 132.463
46.66000 135.635
46.68000 135.088
46.70000 138.699
46.72000 135.140
46.74000 133.437
46.76000 140.060
46.78000 143.912
46.80000 136.817
46.82000 131.208
46.84000 132.268
46.86000 130.608
46.88000 129.290
46.90000 128.474
46.92000 128.789
46.94000 129.362
46.96000 124.528
46.98000 124.250
47.00000 129.598
47.02000 126.715
47.04000 125.873
47.06000 118.906
47.08000 117.419
47.10000 111.551
47.12000 104.345
47.14000 99.365
47.16000 101.009
47.18000 95.517
47.20000 97.341
47.22000 89.736
47.24000 83.181
47.26000 82.663
47.28000 81.266
47.30000 73.486
47.32000 71.129
47.34000 71.337
47.36000 70.963
47.38000 61.221
47.40000 60.090
47.42000 64.433
47.44000 62.914
47.46000 53.792
47.48000 51.919
47.50000 44.664
47.52000 44.379
47.54000 39.169
47.56000 39.959
47.58000 40.274
47.60000 32.838
47.62000 33.718
47.64000 33.743
47.66000 29.092
47.68000 27.681
47.70000 29.489
47.72000 28.817
47.74000 24.649
47.76000 22.322
47.78000 20.866
47.80000 20.864
47.82000 21.235
47.84000 18.456
47.86000 16.942
47.88000 13.061
47.90000 13.607
47.92000 16.285
47.94000 14.107
47.96000 13.806
47.98000 12.347
48.00000 12.366
48.02000 11.841
48.04000 11.347
48.06000 5.931
48.08000 4.158
48.10000 8.155
48.12000 7.668
48.14000 6.532
48.16000 6.415
48.18000 7.513
48.20000 4.839
48.22000 4.887
48.24000 6.019
48.26000 3.225
48.28000 2.885
48.30000 0.702
48.32000 2.416
48.34000 5.744
48.36000 8.659
48.38000 5.420
48.40000 7.636
48.42000 6.215
48.44000 4.057
48.46000 6.167
48.48000 7.716
48.50000 3.756
48.52000 7.734
48.54000 4.788
48.56000 4.998
48.58000 3.868
48.60000 2.256
48.62000 2.120
48.64000 0.461
48.66000 2.174
48.68000 5.474
48.70000 3.948
48.72000 3.262
48.74000 -0.923
48.76000 -1.657
48.78000 -2.273
48.80000 -0.202
48.82000 4.625
48.84000 1.621
48.86000 -2.851
48.88000 0.469
48.90000 2.606
48.92000 2.193
48.94000 1.602
48.96000 4.060
48.98000 -1.483
49.00000 0.110
49.02000 4.430
49.04000 3.819
49.06000 2.891
49.08000 -0.774
49.10000 2.415
49.12000 3.816
49.14000 4.951
49.16000 2.945
49.18000 2.976
49.20000 5.348
49.22000 0.619
49.24000 0.168
49.26000 -0.695
49.28000 -0.258
49.30000 2.649
49.32000 4.589
49.34000 5.113
49.36000 1.808
49.38000 0.464
49.40000 2.462
49.42000 0.835
49.44000 -2.803
49.46000 0.850
49.48000 3.990
49.50000 3.462
49.52000 4.615
49.54000 7.598
49.56000 1.877
49.58000 4.708
49.60000 9.262
49.62000 11.397
49.64000 9.252
49.66000 2.456
49.68000 4.665
49.70000 4.188
49.72000 4.676
49.74000 -0.408
49.76000 3.835
49.78000 1.064
49.80000 -0.251
49.82000 0.650
49.84000 3.849
49.86000 -0.207
49.88000 0.859
49.90000 2.740
49.92000 2.065
49.94000 1.688
49.96000 2.652
49.98000 1.361
50.00000 -2.747
50.02000 -1.163
50.04000 0.394
50.06000 -0.459
50.08000 5.142
50.10000 3.267
50.12000 1.617
50.14000 4.019
50.16000 0.892
50.18000 3.574
50.20000 2.613
50.22000 2.333
50.24000 2.057
50.26000 1.964
50.28000 4.946
50.30000 2.682
50.32000 2.804
50.34000 1.262
50.36000 2.498
50.38000 0.898
50.40000 -2.237
50.42000 0.217
50.44000 0.936
50.46000 2.564
50.48000 7.572
50.50000 5.219
50.52000 1.776
50.54000 7.000
50.56000 7.551
50.58000 5.250
50.60000 1.814
50.62000 3.187
50.64000 1.693
50.66000 5.161
50.68000 3.685
50.70000 4.221
50.72000 1.607
50.74000 0.677
50.76000 3.246
50.78000 0.161
50.80000 -1.518
50.82000 -2.683
50.84000 0.852
50.86000 -0.307
50.88000 1.605
50.90000 6.692
50.92000 4.612
50.94000 6.517
50.96000 6.171
50.98000 6.935
51.00000 3.729
51.02000 2.056
51.04000 1.874
51.06000 3.514
51.08000 9.282
51.10000 8.655
51.12000 3.142
51.14000 -0.117
51.16000 -0.419
51.18000 6.550
51.20000 6.411
51.22000 1.117
51.24000 -0.817
51.26000 1.179
51.28000 0.099
51.30000 -0.431
51.32000 3.488
51.34000 5.796
51.36000 5.071
51.38000 2.631
51.40000 0.053
51.42000 -2.651
51.44000 0.769
51.46000 1.352
51.48000 1.310
51.50000 5.372
51.52000 3.482
51.54000 2.594
51.56000 1.160
51.58000 2.706
51.60000 -0.258
51.62000 -0.050
51.64000 3.085
51.66000 3.423
51.68000 2.643
51.70000 -1.103
51.72000 -1.587
51.74000 0.682
51.76000 2.187
51.78000 2.672
51.80000 5.669
51.82000 6.081
51.84000 1.278
51.86000 5.506
51.88000 1.346
51.90000 -0.817
51.92000 0.176
51.94000 1.262
51.96000 1.440
51.98000 5.813
52.00000 3.743
52.02000 -2.650
52.04000 -1.771
52.06000 -0.232
52.08000 3.233
52.10000 2.077
52.12000 0.127
52.14000 -0.212
52.16000 -0.197
52.18000 5.374
52.20000 -1.858
52.22000 2.381
52.24000 5.501
52.26000 1.840
52.28000 3.338
52.30000 0.853
52.32000 -1.579
52.34000 0.245
52.36000 2.689
52.38000 3.500
52.40000 4.548
52.42000 7.203
52.44000 6.083
52.46000 2.163
52.48000 0.340
52.50000 1.722
52.52000 2.708
52.54000 1.364
52.56000 3.487
52.58000 3.677
52.60000 3.863
52.62000 1.112
52.64000 3.409
52.66000 1.800
52.68000 -1.049
52.70000 1.171
52.72000 1.840
52.74000 -0.671
52.76000 4.139
52.78000 2.890
52.80000 4.826
52.82000 6.532
52.84000 6.620
52.86000 3.171
52.88000 1.669
52.90000 0.893
52.92000 3.484
52.94000 5.389
52.96000 4.933
52.98000 1.455
53.00000 0.031
53.02000 4.961
53.04000 0.837
53.06000 -2.635
53.08000 -0.186
53.10000 1.459
53.12000 1.255
53.14000 0.768
53.16000 0.430
53.18000 -0.006
53.20000 0.598
53.22000 1.738
53.24000 1.203
53.26000 -0.832
53.28000 -0.436
53.30000 1.900
53.32000 0.547
53.34000 -0.356
53.36000 0.478
53.38000 2.020
53.40000 3.423
53.42000 2.233
53.44000 -0.831
53.46000 -0.969
53.48000 1.729
53.50000 5.824
53.52000 7.458
53.54000 5.080
53.56000 4.118
53.58000 3.161
53.60000 3.482
53.62000 2.132
53.64000 3.171
53.66000 -1.325
53.68000 0.038
53.70000 3.868
53.72000 3.079
53.74000 -0.304
53.76000 -0.916
53.78000 0.822
53.80000 -0.704
53.82000 1.039
53.84000 1.093
53.86000 1.884
53.88000 0.853
53.90000 0.103
53.92000 1.016
53.94000 3.310
53.96000 4.265
53.98000 3.021
54.00000 0.620
54.02000 -0.074
54.04000 -1.816
54.06000 -0.376
54.08000 3.371
54.10000 -2.595
54.12000 -2.234
54.14000 1.989
54.16000 1.205
54.18000 4.650
54.20000 6.534
54.22000 6.427
54.24000 3.204
54.26000 2.199
54.28000 4.007
54.30000 4.660
54.32000 5.887
54.34000 5.968
54.36000 3.883
54.38000 3.696
54.40000 0.890
54.42000 2.610
54.44000 2.082
54.46000 2.010
54.48000 3.630
54.50000 0.194
54.52000 1.061
54.54000 2.637
54.56000 1.052
54.58000 -1.804
54.60000 -0.570
54.62000 1.419
54.64000 -0.214
54.66000 0.037
54.68000 0.097
54.70000 2.981
54.72000 6.092
54.74000 6.518
54.76000 4.590
54.78000 0.580
54.80000 -1.615
54.82000 -1.003
54.84000 1.769
54.86000 4.102
54.88000 2.649
54.90000 -2.569
54.92000 2.016
54.94000 1.212
54.96000 6.172
54.98000 5.276
55.00000 0.851
55.02000 0.597
55.04000 2.091
55.06000 1.765
55.08000 2.906
55.10000 5.845
55.12000 2.977
55.14000 3.252
55.16000 -1.034
55.18000 -0.296
55.20000 2.930
55.22000 4.537
55.24000 3.262
55.26000 1.637
55.28000 2.728
55.30000 2.184
55.32000 5.273
55.34000 2.706
55.36000 4.049
55.38000 2.241
55.40000 5.128
55.42000 6.878
55.44000 4.639
55.46000 5.744
55.48000 2.468
55.50000 2.466
55.52000 0.867
55.54000 3.410
55.56000 6.982
55.58000 6.146
55.60000 7.520
55.62000 7.250
55.64000 7.089
55.66000 3.845
55.68000 2.142
55.70000 -2.524
55.72000 -0.586
55.74000 6.439
55.76000 6.249
55.78000 5.288
55.80000 4.302
55.82000 2.147
55.84000 2.721
55.86000 3.379
55.88000 4.438
55.90000 3.204
55.92000 0.073
55.94000 4.147
55.96000 3.423
55.98000 2.974
56.00000 2.545
56.02000 1.872
56.04000 1.208
56.06000 0.665
56.08000 0.001
56.10000 -0.938
56.12000 0.264
56.14000 0.045
56.16000 -0.870
56.18000 2.119
56.20000 2.535
56.22000 2.152
56.24000 5.078
56.26000 1.182
56.28000 2.701
56.30000 6.943
56.32000 5.098
56.34000 5.086
56.36000 6.452
56.38000 3.851
56.40000 4.471
56.42000 3.081
56.44000 1.417
56.46000 4.890
56.48000 1.035
56.50000 1.723
56.52000 5.140
56.54000 4.150
56.56000 1.110
56.58000 0.940
56.60000 -0.709
56.62000 1.020
56.64000 5.910
56.66000 6.299
56.68000 4.323
56.70000 4.653
56.72000 3.789
56.74000 5.087
56.76000 3.836
56.78000 4.577
56.80000 1.640
56.82000 2.918
56.84000 3.116
56.86000 6.766
56.88000 -2.505
56.90000 -0.783
56.92000 3.998
56.94000 0.923
56.96000 0.072
56.98000 1.019
57.00000 -0.050
57.02000 2.107
57.04000 1.545
57.06000 4.180
57.08000 3.513
57.10000 3.458
57.12000 -0.438
57.14000 1.716
57.16000 5.005
57.18000 6.157
57.20000 2.961
57.22000 1.652
57.24000 3.381
57.26000 6.593
57.28000 5.255
57.30000 6.298
57.32000 3.638
57.34000 1.206
57.36000 -2.062
57.38000 -1.006
57.40000 -2.495
57.42000 0.303
57.44000 4.781
57.46000 2.141
57.48000 1.975
57.50000 2.151
57.52000 3.230
57.54000 3.521
57.56000 5.459
57.58000 3.249
57.60000 6.524
57.62000 8.492
57.64000 2.067
57.66000 0.307
57.68000 6.861
57.70000 4.834
57.72000 4.400
57.74000 2.049
57.76000 3.405
57.78000 6.034
57.80000 5.400
57.82000 5.287
57.84000 2.879
57.86000 0.618
57.88000 3.297
57.90000 3.665
57.92000 2.818
57.94000 -0.675
57.96000 -1.061
57.98000 -2.475
58.00000 2.293
58.02000 4.367
58.04000 -0.903
58.06000 1.016
58.08000 1.955
58.10000 0.404
58.12000 2.594
58.14000 -0.305
58.16000 3.466
58.18000 2.435
58.20000 3.932
58.22000 2.350
58.24000 -0.177
58.26000 -0.439
58.28000 1.491
58.30000 3.626
58.32000 5.271
58.34000 1.155
58.36000 4.554
58.38000 5.134
58.40000 2.883
58.42000 0.060
58.44000 1.412
58.46000 3.661
58.48000 3.844
58.50000 1.159
58.52000 -1.114
58.54000 3.119
58.56000 2.700
58.58000 0.642
58.60000 0.500
58.62000 5.268
58.64000 3.496
58.66000 -2.467
58.68000 1.946
58.70000 2.926
58.72000 1.940
58.74000 2.785
58.76000 2.583
58.78000 3.829
58.80000 5.570
58.82000 6.304
58.84000 4.625
58.86000 3.693
58.88000 -0.997
58.90000 -0.069
58.92000 -0.007
58.94000 2.073
58.96000 6.847
58.98000 0.324
59.00000 -1.121
59.02000 0.365
59.04000 -0.215
59.06000 0.551
59.08000 2.018
59.10000 5.753
59.12000 3.786
59.14000 4.133
59.16000 1.605
59.18000 -1.405
59.20000 2.257
59.22000 5.604
59.24000 4.821
59.26000 2.747
59.28000 2.677
59.30000 0.195
59.32000 3.624
59.34000 5.422
59.36000 2.844
59.38000 2.772
59.40000 -2.436
59.42000 -1.570
59.44000 0.564
59.46000 0.640
59.48000 -1.096
59.50000 0.378
59.52000 1.124
59.54000 -0.029
59.56000 -0.626
59.58000 -1.038
59.60000 2.598
59.62000 0.305
59.64000 2.770
59.66000 1.764
59.68000 2.407
59.70000 0.569
59.72000 -2.433
59.74000 -0.472
59.76000 3.063
59.78000 1.358
59.80000 3.893
59.82000 1.809
59.84000 3.242
59.86000 1.848
59.88000 2.664
59.90000 0.260
59.92000 1.653
59.94000 3.232
59.96000 2.088
59.98000 0.484
60.00000 1.783
60.02000 4.677
60.04000 4.555
60.06000 2.716
60.08000 0.194
60.10000 2.471
60.12000 4.839
60.14000 1.817
60.16000 1.494
60.18000 2.207
60.20000 1.303
60.22000 4.435
60.24000 5.008
60.26000 3.887
60.28000 3.439
60.30000 2.942
60.32000 4.164
60.34000 1.520
60.36000 0.139
60.38000 4.208
60.40000 -0.367
60.42000 -1.590
60.44000 -0.011
60.46000 0.643
60.48000 3.257
60.50000 -0.138
60.52000 2.020
60.54000 3.038
60.56000 0.039
60.58000 3.626
60.60000 2.566
60.62000 1.071
60.64000 -2.396
60.66000 -0.396
60.68000 1.452
60.70000 5.145
60.72000 2.298
60.74000 1.644
60.76000 0.479
60.78000 3.518
60.80000 -1.148
60.82000 -0.523
60.84000 5.333
60.86000 6.365
60.88000 5.656
60.90000 5.758
60.92000 1.865
60.94000 3.619
60.96000 1.081
60.98000 1.624
61.00000 -0.527
61.02000 1.284
61.04000 5.002
61.06000 4.202
61.08000 4.310
61.10000 3.149
61.12000 4.218
61.14000 -0.166
61.16000 0.337
61.18000 3.252
61.20000 -1.080
61.22000 -2.388
61.24000 -0.577
61.26000 -0.429
61.28000 -0.836
61.30000 3.143
61.32000 5.324
61.34000 5.564
61.36000 1.896
61.38000 1.500
61.40000 3.466
61.42000 1.136
61.44000 0.382
61.46000 2.909
61.48000 -0.605
61.50000 0.589
61.52000 1.283
61.54000 1.198
61.56000 -0.333
61.58000 -0.295
61.60000 0.284
61.62000 1.001
61.64000 3.491
61.66000 -0.456
61.68000 1.172
61.70000 0.627
61.72000 0.801
61.74000 -1.131
61.76000 -1.618
61.78000 0.522
61.80000 -1.849
61.82000 1.222
61.84000 2.348
61.86000 0.364
61.88000 -1.813
61.90000 -1.758
61.92000 -0.433
61.94000 1.158
61.96000 1.991
61.98000 1.315
62.00000 2.029
62.02000 3.425
62.04000 2.497
62.06000 0.553
62.08000 0.795
62.10000 1.194
62.12000 2.405
62.14000 1.924
62.16000 2.880
62.18000 1.811
62.20000 -2.114
62.22000 -1.256
62.24000 -2.375
62.26000 -0.850
62.28000 -0.045
62.30000 2.929
62.32000 1.764
62.34000 -2.344
62.36000 1.488
62.38000 3.998
62.40000 3.554
62.42000 1.118
62.44000 -0.287
62.46000 0.823
62.48000 -0.770
62.50000 1.996
62.52000 1.586
62.54000 5.390
62.56000 2.316
62.58000 0.956
62.60000 2.812
62.62000 3.928
62.64000 0.878
62.66000 -1.931
62.68000 -2.180
62.70000 -1.984
62.72000 1.022
62.74000 -0.728
62.76000 -2.370
62.78000 1.086
62.80000 0.901
62.82000 0.834
62.84000 0.430
62.86000 -0.874
62.88000 -0.559
62.90000 -1.389
62.92000 0.123
62.94000 1.895
62.96000 -0.900
62.98000 1.584
63.00000 2.399
63.02000 1.012
63.04000 1.697
63.06000 0.823
63.08000 0.007
63.10000 -0.084
63.12000 0.857
63.14000 0.897
63.16000 -1.630
63.18000 2.348
63.20000 0.992
63.22000 0.258
63.24000 1.052
63.26000 0.207
63.28000 -1.704
63.30000 -1.324
63.32000 -0.051
63.34000 1.369
63.36000 3.256
63.38000 1.855
63.40000 1.051
63.42000 1.305
63.44000 0.177
63.46000 -0.643
63.48000 0.112
63.50000 0.896
63.52000 1.522
63.54000 2.279
63.56000 -0.202
63.58000 0.845
63.60000 2.202
63.62000 3.192
63.64000 2.027
63.66000 1.819
63.68000 2.792
63.70000 0.309
63.72000 -2.366
63.74000 0.165
63.76000 -0.114
63.78000 3.812
63.80000 3.991
63.82000 4.401
63.84000 4.138
63.86000 2.038
63.88000 -0.012
63.90000 -0.641
63.92000 0.842
63.94000 2.806
63.96000 3.501
63.98000 2.226
64.00000 1.560
64.02000 3.077
64.04000 4.637
64.06000 2.411
64.08000 0.249
64.10000 -0.761
64.12000 -0.947
64.14000 0.865
64.16000 0.745
64.18000 -0.040
64.20000 1.327
64.22000 0.757
64.24000 3.545
64.26000 2.147
64.28000 0.731
64.30000 -0.065
64.32000 -0.197
64.34000 1.729
64.36000 2.063
64.38000 1.363
64.40000 2.679
64.42000 2.542
64.44000 0.728
64.46000 2.435
64.48000 0.744
64.50000 1.883
64.52000 4.114
64.54000 3.340
64.56000 3.265
64.58000 2.259
64.60000 -0.570
64.62000 1.347
64.64000 -0.705
64.66000 2.151
64.68000 2.540
64.70000 -0.631
64.72000 0.235
64.74000 -2.386
64.76000 0.348
64.78000 -1.765
64.80000 -2.025
64.82000 0.827
64.84000 -0.724
64.86000 -1.274
64.88000 2.213
64.90000 1.913
64.92000 0.889
64.94000 2.960
64.96000 0.531
64.98000 -1.278
65.00000 1.376
65.02000 2.652
65.04000 2.346
65.06000 -1.459
65.08000 0.951
65.10000 5.376
65.12000 5.148
65.14000 0.980
65.16000 -1.602
65.18000 -1.648
65.20000 0.741
65.22000 -0.707
65.24000 0.147
65.26000 6.264
65.28000 6.302
65.30000 -0.536
65.32000 -0.135
65.34000 0.793
65.36000 1.499
65.38000 2.475
65.40000 1.359
65.42000 -0.582
65.44000 2.149
65.46000 2.883
65.48000 1.037
65.50000 1.787
65.52000 -1.851
65.54000 -1.266
65.56000 0.519
65.58000 0.937
65.60000 4.584
65.62000 1.116
65.64000 3.029
65.66000 1.541
65.68000 1.458
65.70000 1.426
65.72000 0.404
65.74000 0.896
65.76000 2.472
65.78000 1.996
65.80000 1.128
65.82000 0.709
65.84000 -2.436
65.86000 -0.553
65.88000 0.791
65.90000 -0.231
65.92000 -1.843
65.94000 -1.413
65.96000 0.201
65.98000 -0.408
66.00000 0.454
66.02000 -0.724
66.04000 -0.336
66.06000 -1.556
66.08000 1.237
66.10000 0.939
66.12000 1.265
66.14000 0.105
66.16000 -1.147
66.18000 -1.668
66.20000 1.513
66.22000 2.246
66.24000 -0.168
66.26000 -1.337
66.28000 0.202
66.30000 0.720
66.32000 2.271
66.34000 -0.161
66.36000 -2.492
66.38000 -1.572
66.40000 0.083
66.42000 0.596
66.44000 -0.235
66.46000 1.614
66.48000 0.062
66.50000 -0.158
66.52000 -1.114
66.54000 -1.358
66.56000 -2.425
66.58000 1.655
66.60000 1.969
66.62000 5.219
66.64000 5.029
66.66000 4.852
66.68000 2.606
66.70000 0.050
66.72000 1.062
66.74000 1.872
66.76000 -1.200
66.78000 -1.201
66.80000 0.856
66.82000 2.246
66.84000 0.600
66.86000 3.495
66.88000 3.301
66.90000 0.947
66.92000 1.531
66.94000 5.982
66.96000 4.439
66.98000 0.552
67.00000 3.540
67.02000 2.475
67.04000 4.485
67.06000 4.195
67.08000 4.491
67.10000 6.630
67.12000 4.460
67.14000 4.231
67.16000 2.822
67.18000 3.513
67.20000 4.049
67.22000 4.841
67.24000 6.969
67.26000 7.217
67.28000 6.140
67.30000 8.451
67.32000 10.437
67.34000 6.863
67.36000 7.201
67.38000 10.103
67.40000 10.759
67.42000 12.047
67.44000 7.292
67.46000 5.783
67.48000 7.669
67.50000 11.168
67.52000 11.602
67.54000 10.967
67.56000 9.854
67.58000 13.213
67.60000 13.902
67.62000 15.624
67.64000 13.120
67.66000 13.420
67.68000 15.232
67.70000 18.003
67.72000 18.229
67.74000 16.475
67.76000 17.947
67.78000 17.846
67.80000 16.000
67.82000 15.460
67.84000 17.790
67.86000 18.352
67.88000 18.155
67.90000 20.761
67.92000 19.953
67.94000 17.171
67.96000 20.784
67.98000 22.163
68.00000 22.424
68.02000 24.299
68.04000 23.693
68.06000 23.392
68.08000 25.690
68.10000 24.411
68.12000 20.857
68.14000 25.433
68.16000 24.005
68.18000 24.020
68.20000 25.700
68.22000 26.730
68.24000 27.634
68.26000 27.452
68.28000 29.482
68.30000 28.819
68.32000 30.887
68.34000 29.906
68.36000 28.727
68.38000 26.719
68.40000 26.361
68.42000 25.437
68.44000 24.541
68.46000 24.032
68.48000 23.408
68.50000 24.489
68.52000 22.677
68.54000 25.892
68.56000 23.893
68.58000 22.892
68.60000 25.395
68.62000 23.388
68.64000 23.199
68.66000 22.363
68.68000 20.958
68.70000 18.017
68.72000 15.111
68.74000 16.415
68.76000 19.219
68.78000 19.553
68.80000 14.056
68.82000 15.815
68.84000 14.986
68.86000 14.955
68.88000 14.307
68.90000 15.380
68.92000 9.167
68.94000 9.493
68.96000 6.971
68.98000 8.348
69.00000 9.769
69.02000 10.324
69.04000 9.403
69.06000 7.232
69.08000 9.739
69.10000 7.243
69.12000 7.555
69.14000 7.664
69.16000 2.222
69.18000 2.308
69.20000 6.654
69.22000 5.420
69.24000 10.108
69.26000 8.762
69.28000 5.082
69.30000 2.263
69.32000 1.823
69.34000 4.209
69.36000 0.455
69.38000 2.025
69.40000 2.715
69.42000 3.350
69.44000 1.068
69.46000 4.471
69.48000 6.221
69.50000 3.670
69.52000 2.801
69.54000 2.267
69.56000 0.660
69.58000 0.188
69.60000 0.286
69.62000 2.190
69.64000 5.716
69.66000 0.820
69.68000 0.376
69.70000 -1.326
69.72000 3.317
69.74000 0.407
69.76000 -0.287
69.78000 -2.078
69.80000 3.673
69.82000 3.026
69.84000 1.521
69.86000 2.375
69.88000 2.814
69.90000 -2.340
69.92000 -0.410
69.94000 1.115
69.96000 1.213
69.98000 2.461
70.00000 1.857
70.02000 4.173
70.04000 2.522
70.06000 -1.372
70.08000 -2.331
70.10000 -1.058
70.12000 0.031
70.14000 1.542
70.16000 1.527
70.18000 2.569
70.20000 0.657
70.22000 5.123
70.24000 6.498
70.26000 5.165
70.28000 0.559
70.30000 0.007
70.32000 2.891
70.34000 2.144
70.36000 0.388
70.38000 0.438
70.40000 2.654
70.42000 2.276
70.44000 0.591
70.46000 0.844
70.48000 3.082
70.50000 -2.305
70.52000 -1.386
70.54000 -0.565
70.56000 -0.851
70.58000 0.459
70.60000 1.223
70.62000 2.223
70.64000 2.024
70.66000 1.641
70.68000 1.488
70.70000 0.448
70.72000 -0.787
70.74000 0.444
70.76000 4.514
70.78000 5.159
70.80000 4.462
70.82000 2.764
70.84000 2.939
70.86000 4.560
70.88000 4.609
70.90000 2.017
70.92000 -0.184
70.94000 1.332
70.96000 -0.719
70.98000 -1.258
71.00000 -2.274
71.02000 1.788
71.04000 3.126
71.06000 4.389
71.08000 3.169
71.10000 2.078
71.12000 1.695
71.14000 0.639
71.16000 4.970
71.18000 5.632
71.20000 3.602
71.22000 0.712
71.24000 -0.338
71.26000 -2.251
71.28000 3.554
71.30000 5.216
71.32000 3.506
71.34000 1.105
71.36000 1.775
71.38000 2.345
71.40000 1.291
71.42000 2.375
71.44000 1.023
71.46000 3.012
71.48000 5.061
71.50000 2.946
71.52000 2.848
71.54000 2.374
71.56000 1.665
71.58000 2.298
71.60000 4.622
71.62000 4.292
71.64000 1.620
71.66000 0.378
71.68000 5.440
71.70000 2.054
71.72000 -1.512
71.74000 1.275
71.76000 0.133
71.78000 0.252
71.80000 -0.823
71.82000 2.107
71.84000 3.352
71.86000 3.410
71.88000 4.804
71.90000 3.610
71.92000 1.530
71.94000 -2.220
71.96000 -0.628
71.98000 0.903
72.00000 -1.092
72.02000 0.472
72.04000 1.279
72.06000 -2.249
72.08000 -1.760
72.10000 -0.206
72.12000 2.217
72.14000 2.956
72.16000 4.188
72.18000 3.687
72.20000 5.303
72.22000 1.725
72.24000 0.586
72.26000 5.579
72.28000 3.394
72.30000 3.453
72.32000 1.345
72.34000 2.437
72.36000 4.220
72.38000 3.386
72.40000 1.940
72.42000 -1.523
72.44000 1.944
72.46000 2.845
72.48000 5.100
72.50000 3.084
72.52000 1.724
72.54000 5.258
72.56000 6.029
72.58000 -2.219
72.60000 1.333
72.62000 2.221
72.64000 2.008
72.66000 -1.663
72.68000 0.402
72.70000 2.271
72.72000 4.892
72.74000 2.847
72.76000 4.045
72.78000 0.017
72.80000 1.292
72.82000 1.184
72.84000 0.456
72.86000 3.087
72.88000 3.805
72.90000 6.915
72.92000 3.433
72.94000 2.161
72.96000 3.392
72.98000 3.313
73.00000 4.740
73.02000 1.876
73.04000 1.241
73.06000 -0.672
73.08000 -0.428
73.10000 2.249
73.12000 3.294
73.14000 1.826
73.16000 2.238
73.18000 3.984
73.20000 -0.209
73.22000 -0.040
73.24000 2.685
73.26000 3.013
73.28000 0.936
73.30000 -2.203
73.32000 1.966
73.34000 3.523
73.36000 3.162
73.38000 2.684
73.40000 4.705
73.42000 7.832
73.44000 5.211
73.46000 5.281
73.48000 2.564
73.50000 0.090
73.52000 0.680
73.54000 -0.322
73.56000 -2.209
73.58000 -0.852
73.60000 3.769
73.62000 1.113
73.64000 1.812
73.66000 1.885
73.68000 5.295
73.70000 5.663
73.72000 2.454
73.74000 0.638
73.76000 2.631
73.78000 2.791
73.80000 2.648
73.82000 3.581
73.84000 0.838
73.86000 1.286
73.88000 1.903
73.90000 -1.877
73.92000 1.786
73.94000 -0.823
73.96000 -0.565
73.98000 1.113
74.00000 -0.263
74.02000 0.046
74.04000 0.146
74.06000 0.616
74.08000 5.656
74.10000 6.143
74.12000 4.652
74.14000 2.365
74.16000 1.615
74.18000 2.199
74.20000 0.027
74.22000 1.759
74.24000 -1.625
74.26000 -2.217
74.28000 2.904
74.30000 0.808
74.32000 0.198
74.34000 0.337
74.36000 2.343
74.38000 -0.914
74.40000 0.228
74.42000 -0.261
74.44000 0.393
74.46000 2.060
74.48000 1.484
74.50000 2.453
74.52000 0.140
74.54000 2.215
74.56000 0.519
74.58000 1.112
74.60000 -2.176
74.62000 -0.953
74.64000 -2.212
74.66000 -2.211
74.68000 -0.117
74.70000 3.536
74.72000 -1.549
74.74000 -1.525
74.76000 -2.071
74.78000 -0.712
74.80000 -0.694
74.82000 0.119
74.84000 1.587
74.86000 1.090
74.88000 -0.851
74.90000 -0.908
74.92000 0.836
74.94000 3.481
74.96000 4.892
74.98000 6.380
75.00000 6.241
75.02000 1.057
75.04000 -1.603
75.06000 0.452
75.08000 0.293
75.10000 -0.301
75.12000 2.088
75.14000 0.600
75.16000 -0.162
75.18000 0.831
75.20000 2.730
75.22000 2.657
75.24000 2.360
75.26000 1.136
75.28000 2.828
75.30000 5.592
75.32000 4.392
75.34000 3.832
75.36000 0.571
75.38000 2.005
75.40000 5.257
75.42000 0.423
75.44000 1.775
75.46000 3.890
75.48000 1.507
75.50000 0.347
75.52000 -0.033
75.54000 2.038
75.56000 2.053
75.58000 1.088
75.60000 -2.176
75.62000 -0.954
75.64000 4.337
75.66000 1.446
75.68000 2.679
75.70000 3.980
75.72000 3.661
75.74000 5.408
75.76000 4.031
75.78000 3.487
75.80000 7.283
75.82000 3.982
75.84000 0.770
75.86000 1.754
75.88000 -2.171
75.90000 3.496
75.92000 4.021
75.94000 4.450
75.96000 3.996
75.98000 6.299
76.00000 6.237
76.02000 4.255
76.04000 4.679
76.06000 1.061
76.08000 5.140
76.10000 2.020
76.12000 2.449
76.14000 6.223
76.16000 4.375
76.18000 3.400
76.20000 4.224
76.22000 10.813
76.24000 11.556
76.26000 8.821
76.28000 1.493
76.30000 2.361
76.32000 2.237
76.34000 5.171
76.36000 5.327
76.38000 3.082
76.40000 3.968
76.42000 2.683
76.44000 2.797
76.46000 3.151
76.48000 -0.490
76.50000 -0.772
76.52000 4.158
76.54000 3.776
76.56000 0.966
76.58000 4.246
76.60000 7.812
76.62000 2.290
76.64000 -0.934
76.66000 2.327
76.68000 2.538
76.70000 4.172
76.72000 3.556
76.74000 5.008
76.76000 4.391
76.78000 2.026
76.80000 1.497
76.82000 1.874
76.84000 1.962
76.86000 -0.404
76.88000 -2.186
76.90000 0.741
76.92000 1.338
76.94000 2.339
76.96000 3.507
76.98000 4.480
77.00000 3.323
77.02000 -1.539
77.04000 -1.105
77.06000 0.777
77.08000 5.582
77.10000 5.566
77.12000 4.909
77.14000 6.537
77.16000 3.599
77.18000 0.824
77.20000 4.367
77.22000 -0.905
77.24000 2.464
77.26000 0.433
77.28000 -0.985
77.30000 1.816
77.32000 7.992
77.34000 3.409
77.36000 4.427
77.38000 2.531
77.40000 1.060
77.42000 4.414
77.44000 2.797
77.46000 4.658
77.48000 5.078
77.50000 5.943
77.52000 6.272
77.54000 6.649
77.56000 1.209
77.58000 -0.442
77.60000 2.110
77.62000 2.468
77.64000 1.151
77.66000 4.064
77.68000 6.660
77.70000 3.867
77.72000 0.421
77.74000 4.395
77.76000 5.159
77.78000 2.988
77.80000 1.963
77.82000 1.121
77.84000 0.113
77.86000 -2.236
77.88000 -1.452
77.90000 3.211
77.92000 1.872
77.94000 1.884
77.96000 4.512
77.98000 3.725
78.00000 3.037
78.02000 2.814
78.04000 2.427
78.06000 6.812
78.08000 1.818
78.10000 3.063
78.12000 3.167
78.14000 5.124
78.16000 4.815
78.18000 4.882
78.20000 1.069
78.22000 0.731
78.24000 4.622
78.26000 3.261
78.28000 1.273
78.30000 0.133
78.32000 1.394
78.34000 1.689
78.36000 1.432
78.38000 2.272
78.40000 1.644
78.42000 2.843
78.44000 3.611
78.46000 2.796
78.48000 0.681
78.50000 3.432
78.52000 2.799
78.54000 0.802
78.56000 -0.159
78.58000 0.024
78.60000 -0.229
78.62000 -0.867
78.64000 2.491
78.66000 4.078
78.68000 5.274
78.70000 3.688
78.72000 3.371
78.74000 5.842
78.76000 3.539
78.78000 1.817
78.80000 1.741
78.82000 2.907
78.84000 -2.226
78.86000 -1.859
78.88000 2.639
78.90000 1.874
78.92000 2.731
78.94000 1.989
78.96000 4.425
78.98000 4.134
79.00000 2.139
79.02000 1.622
79.04000 -2.244
79.06000 2.410
79.08000 3.457
79.10000 5.808
79.12000 8.671
79.14000 8.544
79.16000 9.886
79.18000 3.892
79.20000 7.824
79.22000 4.820
79.24000 4.514
79.26000 8.045
79.28000 6.194
79.30000 3.337
79.32000 8.756
79.34000 4.507
79.36000 0.583
79.38000 -2.271
79.40000 -0.805
79.42000 4.844
79.44000 2.304
79.46000 2.348
79.48000 3.814
79.50000 5.440
79.52000 0.069
79.54000 0.993
79.56000 1.534
79.58000 6.993
79.60000 3.559
79.62000 1.725
79.64000 -0.232
79.66000 -2.313
79.68000 -0.867
79.70000 1.017
79.72000 1.367
79.74000 0.894
79.76000 0.920
79.78000 1.874
79.80000 3.271
79.82000 7.097
79.84000 10.207
79.86000 2.444
79.88000 -0.720
79.90000 1.326
79.92000 0.113
79.94000 -1.338
79.96000 -0.314
79.98000 4.424
80.00000 0.654
80.02000 1.416
80.04000 5.098
80.06000 3.621
80.08000 0.527
80.10000 -0.456
80.12000 4.013
80.14000 1.083
80.16000 4.021
80.18000 2.692
80.20000 2.855
80.22000 2.174
80.24000 5.820
80.26000 1.772
80.28000 0.928
80.30000 3.071
80.32000 1.368
80.34000 2.456
80.36000 -1.079
80.38000 0.374
80.40000 2.224
80.42000 3.111
80.44000 -2.430
80.46000 -0.400
80.48000 1.988
80.50000 2.274
80.52000 4.231
80.54000 5.210
80.56000 2.618
80.58000 0.443
80.60000 0.435
80.62000 2.093
80.64000 0.233
80.66000 2.614
80.68000 2.565
80.70000 4.708
80.72000 3.555
80.74000 1.830
80.76000 1.392
80.78000 1.764
80.80000 0.045
80.82000 3.188
80.84000 1.162
80.86000 3.500
80.88000 5.853
80.90000 8.415
80.92000 9.811
80.94000 8.285
80.96000 7.927
80.98000 2.219
81.00000 2.435
81.02000 5.377
81.04000 9.905
81.06000 9.241
81.08000 7.572
81.10000 7.811
81.12000 5.383
81.14000 3.092
81.16000 7.503
81.18000 8.175
81.20000 10.332
81.22000 7.118
81.24000 10.209
81.26000 14.462
81.28000 11.001
81.30000 10.037
81.32000 12.146
81.34000 13.470
81.36000 10.135
81.38000 15.480
81.40000 10.807
81.42000 9.748
81.44000 13.285
81.46000 12.488
81.48000 17.735
81.50000 20.459
81.52000 17.811
81.54000 18.068
81.56000 18.704
81.58000 16.643
81.60000 17.439
81.62000 18.950
81.64000 18.876
81.66000 14.180
81.68000 13.864
81.70000 17.131
81.72000 19.914
81.74000 18.559
81.76000 16.920
81.78000 23.524
81.80000 24.632
81.82000 22.530
81.84000 24.458
81.86000 24.525
81.88000 29.060
81.90000 25.352
81.92000 27.420
81.94000 31.551
81.96000 29.695
81.98000 32.502
82.00000 31.817
82.02000 31.410
82.04000 28.173
82.06000 30.636
82.08000 31.167
82.10000 32.154
82.12000 32.941
82.14000 29.771
82.16000 32.072
82.18000 34.567
82.20000 34.392
82.22000 37.724
82.24000 37.763
82.26000 39.812
82.28000 36.305
82.30000 40.283
82.32000 40.552
82.34000 32.189
82.36000 28.284
82.38000 31.856
82.40000 30.367
82.42000 35.689
82.44000 33.611
82.46000 33.620
82.48000 32.806
82.50000 35.164
82.52000 35.710
82.54000 29.185
82.56000 27.663
82.58000 27.244
82.60000 29.374
82.62000 34.796
82.64000 30.991
82.66000 25.358
82.68000 24.801
82.70000 29.422
82.72000 29.892
82.74000 31.222
82.76000 29.520
82.78000 25.941
82.80000 25.971
82.82000 24.135
82.84000 27.403
82.86000 27.346
82.88000 25.203
82.90000 25.558
82.92000 23.983
82.94000 20.154
82.96000 22.005
82.98000 18.971
83.00000 18.797
83.02000 17.626
83.04000 18.032
83.06000 16.702
83.08000 18.006
83.10000 11.767
83.12000 14.511
83.14000 12.716
83.16000 9.803
83.18000 14.648
83.20000 18.778
83.22000 14.638
83.24000 16.186
83.26000 12.017
83.28000 12.061
83.30000 6.767
83.32000 9.274
83.34000 10.129
83.36000 11.238
83.38000 9.475
83.40000 7.779
83.42000 8.183
83.44000 6.003
83.46000 3.651
83.48000 4.954
83.50000 6.498
83.52000 4.063
83.54000 2.664
83.56000 7.663
83.58000 4.989
83.60000 5.477
83.62000 7.746
83.64000 10.828
83.66000 7.727
83.68000 5.225
83.70000 3.697
83.72000 3.025
83.74000 2.634
83.76000 3.241
83.78000 2.736
83.80000 4.178
83.82000 4.952
83.84000 2.178
83.86000 1.468
83.88000 4.038
83.90000 3.201
83.92000 5.711
83.94000 0.369
83.96000 0.625
83.98000 1.309
84.00000 6.811
84.02000 8.519
84.04000 3.611
84.06000 -0.138
84.08000 -2.374
84.10000 -0.381
84.12000 3.333
84.14000 3.686
84.16000 6.236
84.18000 8.635
84.20000 5.596
84.22000 2.582
84.24000 1.680
84.26000 2.908
84.28000 0.261
84.30000 1.764
84.32000 5.074
84.34000 -2.232
84.36000 -0.009
84.38000 -0.670
84.40000 1.277
84.42000 6.446
84.44000 9.999
84.46000 8.695
84.48000 7.115
84.50000 0.262
84.52000 2.185
84.54000 2.088
84.56000 2.440
84.58000 2.732
84.60000 4.612
84.62000 4.282
84.64000 5.163
84.66000 3.495
84.68000 3.406
84.70000 2.170
84.72000 -2.300
84.74000 -0.096
84.76000 1.808
84.78000 9.368
84.80000 9.242
84.82000 5.550
84.84000 1.780
84.86000 0.254
84.88000 2.108
84.90000 6.769
84.92000 5.291
84.94000 5.204
84.96000 3.300
84.98000 2.203
85.00000 0.316
85.02000 -0.841
85.04000 -1.131
85.06000 -1.446
85.08000 -0.637
85.10000 1.739
85.12000 0.457
85.14000 3.579
85.16000 5.201
85.18000 2.282
85.20000 1.130
85.22000 0.647
85.24000 2.325
85.26000 2.495
85.28000 4.765
85.30000 1.395
85.32000 2.252
85.34000 4.734
85.36000 2.632
85.38000 -0.615
85.40000 3.045
85.42000 -1.002
85.44000 2.894
85.46000 3.322
85.48000 9.834
85.50000 10.621
85.52000 4.852
85.54000 6.045
85.56000 4.909
85.58000 7.654
85.60000 4.319
85.62000 6.406
85.64000 7.041
85.66000 7.549
85.68000 10.253
85.70000 7.953
85.72000 6.514
85.74000 5.915
85.76000 8.072
85.78000 7.568
85.80000 12.399
85.82000 16.022
85.84000 14.110
85.86000 12.377
85.88000 11.950
85.90000 10.009
85.92000 14.955
85.94000 16.980
85.96000 13.567
85.98000 15.039
86.00000 16.461
86.02000 18.272
86.04000 17.119
86.06000 17.226
86.08000 19.145
86.10000 16.349
86.12000 17.603
86.14000 15.410
86.16000 17.271
86.18000 22.108
86.20000 20.804
86.22000 21.463
86.24000 22.715
86.26000 24.818
86.28000 24.396
86.30000 24.176
86.32000 23.636
86.34000 22.143
86.36000 24.172
86.38000 24.804
86.40000 28.640
86.42000 30.497
86.44000 27.490
86.46000 26.556
86.48000 23.796
86.50000 24.984
86.52000 24.555
86.54000 25.616
86.56000 24.031
86.58000 26.874
86.60000 27.872
86.62000 27.645
86.64000 24.178
86.66000 23.712
86.68000 26.188
86.70000 21.731
86.72000 21.027
86.74000 21.735
86.76000 24.958
86.78000 24.916
86.80000 27.004
86.82000 28.580
86.84000 25.525
86.86000 19.819
86.88000 19.651
86.90000 20.178
86.92000 20.541
86.94000 20.570
86.96000 19.881
86.98000 21.862
87.00000 20.709
87.02000 16.393
87.04000 18.761
87.06000 18.831
87.08000 21.150
87.10000 17.017
87.12000 14.849
87.14000 14.431
87.16000 15.628
87.18000 16.834
87.20000 14.777
87.22000 16.159
87.24000 19.830
87.26000 17.469
87.28000 12.474
87.30000 11.183
87.32000 12.801
87.34000 14.138
87.36000 12.769
87.38000 13.218
87.40000 9.864
87.42000 6.866
87.44000 8.905
87.46000 9.402
87.48000 10.265
87.50000 10.933
87.52000 12.550
87.54000 9.689
87.56000 10.306
87.58000 10.227
87.60000 10.943
87.62000 9.073
87.64000 6.194
87.66000 6.569
87.68000 6.371
87.70000 7.092
87.72000 5.782
87.74000 4.879
87.76000 5.291
87.78000 6.398
87.80000 8.510
87.82000 6.574
87.84000 7.804
87.86000 6.125
87.88000 8.442
87.90000 7.884
87.92000 5.062
87.94000 3.430
87.96000 1.988
87.98000 1.022
88.00000 -0.912
88.02000 2.362
88.04000 5.048
88.06000 -0.619
88.08000 -1.853
88.10000 -0.383
88.12000 4.609
88.14000 3.332
88.16000 3.276
88.18000 -2.142
88.20000 -1.064
88.22000 0.586
88.24000 3.285
88.26000 2.548
88.28000 0.706
88.30000 2.174
88.32000 4.682
88.34000 4.963
88.36000 0.047
88.38000 0.893
88.40000 6.311
88.42000 6.636
88.44000 1.017
88.46000 1.060
88.48000 3.129
88.50000 3.510
88.52000 5.128
88.54000 5.458
88.56000 5.299
88.58000 1.862
88.60000 0.274
88.62000 0.151
88.64000 -2.078
88.66000 -2.111
88.68000 1.951
88.70000 1.102
88.72000 0.743
88.74000 3.394
88.76000 3.226
88.78000 1.199
88.80000 4.323
88.82000 1.965
88.84000 4.233
88.86000 3.180
88.88000 1.966
88.90000 5.126
88.92000 -2.099
88.94000 0.809
88.96000 2.106
88.98000 3.193
89.00000 0.950
89.02000 2.051
89.04000 2.873
89.06000 4.096
89.08000 3.492
89.10000 -0.294
89.12000 2.952
89.14000 2.900
89.16000 4.176
89.18000 1.015
89.20000 -2.099
89.22000 -0.791
89.24000 1.410
89.26000 -1.204
89.28000 -1.217
89.30000 5.823
89.32000 5.226
89.34000 -2.007
89.36000 2.283
89.38000 0.265
89.40000 1.169
89.42000 -2.090
89.44000 -1.157
89.46000 1.495
89.48000 1.526
89.50000 0.630
89.52000 2.007
89.54000 1.439
89.56000 5.307
89.58000 1.085
89.60000 3.047
89.62000 1.877
89.64000 -2.092
89.66000 1.796
89.68000 1.812
89.70000 0.468
89.72000 0.705
89.74000 3.738
89.76000 4.902
89.78000 3.300
89.80000 2.976
89.82000 2.370
89.84000 1.161
89.86000 0.898
89.88000 3.160
89.90000 0.150
89.92000 1.396
89.94000 5.528
89.96000 6.018
89.98000 6.623
90.00000 6.579
90.02000 4.424
90.04000 3.654
90.06000 4.660
90.08000 3.658
90.10000 3.019
90.12000 7.966
90.14000 0.813
90.16000 1.781
90.18000 0.291
90.20000 3.697
90.22000 2.678
90.24000 0.618
90.26000 3.821
90.28000 5.991
90.30000 4.838
90.32000 2.924
90.34000 4.025
90.36000 4.018
90.38000 0.875
90.40000 1.263
90.42000 2.214
90.44000 6.817
90.46000 3.360
90.48000 3.006
90.50000 1.189
90.52000 1.670
90.54000 1.479
90.56000 -0.898
90.58000 -2.040
90.60000 -1.039
90.62000 3.280
90.64000 5.103
90.66000 3.848
90.68000 1.479
90.70000 2.375
90.72000 3.901
90.74000 3.528
90.76000 1.404
90.78000 4.217
90.80000 2.522
90.82000 4.265
90.84000 3.092
90.86000 4.636
90.88000 2.810
90.90000 3.021
90.92000 3.031
90.94000 1.570
90.96000 4.619
90.98000 4.200
91.00000 2.208
91.02000 0.999
91.04000 0.371
91.06000 -0.295
91.08000 -0.280
91.10000 3.380
91.12000 3.405
91.14000 2.302
91.16000 1.546
91.18000 3.449
91.20000 2.202
91.22000 0.853
91.24000 1.465
91.26000 6.314
91.28000 1.665
91.30000 3.394
91.32000 1.443
91.34000 0.315
91.36000 3.403
91.38000 4.237
91.40000 -0.419
91.42000 0.217
91.44000 3.532
91.46000 1.923
91.48000 -2.072
91.50000 -0.776
91.52000 1.215
91.54000 2.981
91.56000 1.010
91.58000 0.783
91.60000 2.764
91.62000 1.942
91.64000 -1.648
91.66000 2.640
91.68000 3.225
91.70000 -0.688
91.72000 -0.657
91.74000 1.457
91.76000 0.015
91.78000 2.189
91.80000 0.420
91.82000 1.996
91.84000 7.282
91.86000 9.103
91.88000 10.244
91.90000 6.004
91.92000 4.055
91.94000 4.229
91.96000 2.861
91.98000 2.813
92.00000 2.342
92.02000 2.446
92.04000 6.394
92.06000 2.906
92.08000 1.240
92.10000 1.638
92.12000 1.586
92.14000 3.261
92.16000 4.750
92.18000 2.169
92.20000 4.317
92.22000 3.065
92.24000 5.284
92.26000 0.648
92.28000 -2.045
92.30000 1.448
92.32000 1.578
92.34000 2.453
92.36000 3.373
92.38000 6.536
92.40000 12.411
92.42000 7.064
92.44000 4.567
92.46000 9.562
92.48000 5.877
92.50000 -0.207
92.52000 3.080
92.54000 3.028
92.56000 3.633
92.58000 3.122
92.60000 1.670
92.62000 -1.567
92.64000 2.498
92.66000 4.144
92.68000 2.691
92.70000 5.110
92.72000 1.304
92.74000 1.932
92.76000 1.124
92.78000 -1.152
92.80000 4.291
92.82000 11.294
92.84000 8.908
92.86000 5.129
92.88000 3.544
92.90000 3.892
92.92000 3.905
92.94000 7.396
92.96000 5.614
92.98000 5.284
93.00000 4.663
93.02000 4.076
93.04000 3.019
93.06000 1.504
93.08000 3.254
93.10000 4.548
93.12000 3.568
93.14000 1.780
93.16000 -2.049
93.18000 -0.584
93.20000 1.502
93.22000 4.444
93.24000 9.104
93.26000 6.734
93.28000 1.228
93.30000 -0.699
93.32000 5.166
93.34000 5.608
93.36000 4.166
93.38000 2.507
93.40000 1.166
93.42000 2.952
93.44000 0.312
93.46000 -0.953
93.48000 -2.041
93.50000 4.781
93.52000 5.242
93.54000 3.454
93.56000 4.081
93.58000 3.955
93.60000 4.473
93.62000 3.360
93.64000 4.879
93.66000 7.186
93.68000 9.723
93.70000 9.503
93.72000 2.717
93.74000 3.262
93.76000 4.959
93.78000 3.203
93.80000 5.161
93.82000 3.911
93.84000 4.434
93.86000 3.393
93.88000 -0.780
93.90000 2.406
93.92000 3.387
93.94000 5.724
93.96000 1.091
93.98000 0.378
94.00000 3.029
94.02000 3.680
94.04000 3.517
94.06000 1.507
94.08000 -1.555
94.10000 0.284
94.12000 6.443
94.14000 4.521
94.16000 1.897
94.18000 6.164
94.20000 5.996
94.22000 7.991
94.24000 5.869
94.26000 5.016
94.28000 4.894
94.30000 2.289
94.32000 0.498
94.34000 4.952
94.36000 6.951
94.38000 5.897
94.40000 2.865
94.42000 5.650
94.44000 4.068
94.46000 -2.102
94.48000 2.237
94.50000 2.946
94.52000 1.759
94.54000 1.189
94.56000 3.591
94.58000 2.965
94.60000 4.142
94.62000 3.037
94.64000 2.630
94.66000 3.899
94.68000 5.173
94.70000 2.788
94.72000 5.490
94.74000 6.053
94.76000 7.122
94.78000 2.922
94.80000 4.430
94.82000 0.433
94.84000 -0.844
94.86000 2.935
94.88000 5.763
94.90000 5.252
94.92000 1.206
94.94000 -2.014
94.96000 3.136
94.98000 0.809
95.00000 2.240
95.02000 0.867
95.04000 -0.191
95.06000 5.590
95.08000 2.038
95.10000 0.022
95.12000 2.306
95.14000 -0.160
95.16000 0.292
95.18000 -2.106
95.20000 4.252
95.22000 1.859
95.24000 2.309
95.26000 3.183
95.28000 1.323
95.30000 2.350
95.32000 5.606
95.34000 3.155
95.36000 1.229
95.38000 -1.629
95.40000 -1.640
95.42000 -0.226
95.44000 0.141
95.46000 1.627
95.48000 0.265
95.50000 -0.772
95.52000 2.304
95.54000 2.126
95.56000 0.618
95.58000 0.293
95.60000 2.043
95.62000 5.089
95.64000 2.580
95.66000 3.906
95.68000 5.167
95.70000 10.295
95.72000 8.859
95.74000 6.498
95.76000 7.584
95.78000 7.110
95.80000 2.526
95.82000 0.459
95.84000 1.266
95.86000 3.286
95.88000 3.719
95.90000 4.351
95.92000 3.651
95.94000 2.201
95.96000 2.345
95.98000 6.629
96.00000 4.562
96.02000 1.215
96.04000 4.394
96.06000 4.626
96.08000 3.765
96.10000 3.025
96.12000 5.727
96.14000 5.742
96.16000 2.860
96.18000 3.372
96.20000 4.368
96.22000 1.870
96.24000 1.701
96.26000 5.317
96.28000 7.333
96.30000 6.374
96.32000 4.324
96.34000 5.455
96.36000 1.753
96.38000 -2.049
96.40000 4.775
96.42000 5.731
96.44000 7.352
96.46000 9.764
96.48000 6.666
96.50000 4.565
96.52000 2.471
96.54000 0.915
96.56000 8.304
96.58000 5.822
96.60000 5.575
96.62000 4.131
96.64000 5.995
96.66000 6.831
96.68000 7.210
96.70000 5.218
96.72000 6.900
96.74000 8.558
96.76000 7.811
96.78000 4.226
96.80000 6.413
96.82000 7.105
96.84000 1.696
96.86000 0.841
96.88000 8.256
96.90000 5.340
96.92000 7.966
96.94000 11.491
96.96000 6.674
96.98000 4.556
97.00000 6.636
97.02000 5.754
97.04000 9.740
97.06000 12.929
97.08000 9.352
97.10000 5.017
97.12000 6.369
97.14000 2.841
97.16000 3.873
97.18000 4.668
97.20000 6.063
97.22000 6.682
97.24000 4.913
97.26000 4.100
97.28000 7.874
97.30000 11.925
97.32000 10.558
97.34000 8.182
97.36000 6.765
97.38000 3.996
97.40000 6.987
97.42000 8.121
97.44000 9.928
97.46000 6.001
97.48000 6.012
97.50000 6.999
97.52000 0.291
97.54000 5.153
97.56000 12.307
97.58000 12.234
97.60000 7.481
97.62000 8.301
97.64000 5.904
97.66000 6.206
97.68000 5.056
97.70000 6.889
97.72000 9.230
97.74000 8.328
97.76000 6.856
97.78000 -1.595
97.80000 6.214
97.82000 9.591
97.84000 8.426
97.86000 7.887
97.88000 6.669
97.90000 4.659
97.92000 6.528
97.94000 5.637
97.96000 7.921
97.98000 4.818
98.00000 4.311
98.02000 7.607
98.04000 3.168
98.06000 6.088
98.08000 3.091
98.10000 2.595
98.12000 10.007
98.14000 8.911
98.16000 12.468
98.18000 13.241
98.20000 7.250
98.22000 10.242
98.24000 7.617
98.26000 2.279
98.28000 -1.964
98.30000 -0.622
98.32000 7.699
98.34000 12.949
98.36000 8.579
98.38000 8.317
98.40000 7.490
98.42000 6.916
98.44000 15.129
98.46000 4.720
98.48000 4.205
98.50000 -0.752
98.52000 3.856
98.54000 6.437
98.56000 2.788
98.58000 -1.970
98.60000 -1.033
98.62000 5.863
98.64000 3.751
98.66000 4.440
98.68000 5.303
98.70000 7.500
98.72000 8.125
98.74000 8.255
98.76000 7.198
98.78000 3.873
98.80000 9.213
98.82000 6.156
98.84000 -0.833
98.86000 0.389
98.88000 6.060
98.90000 4.254
98.92000 3.722
98.94000 1.440
98.96000 6.374
98.98000 11.821
99.00000 12.616
99.02000 5.394
99.04000 5.308
99.06000 7.069
99.08000 12.939
99.10000 10.593
99.12000 9.214
99.14000 10.636
99.16000 2.850
99.18000 3.757
99.20000 7.814
99.22000 2.204
99.24000 3.534
99.26000 17.105
99.28000 12.663
99.30000 5.194
99.32000 6.480
99.34000 6.629
99.36000 5.630
99.38000 5.603
99.40000 2.191
99.42000 -2.010
99.44000 4.471
99.46000 15.295
99.48000 16.864
99.50000 11.535
99.52000 -0.404
99.54000 1.931
99.56000 -0.862
99.58000 -1.706
99.60000 4.779
99.62000 0.838
99.64000 5.512
99.66000 11.505
99.68000 10.608
99.70000 8.119
99.72000 8.166
99.74000 10.149
99.76000 23.285
99.78000 9.422
99.80000 5.435
99.82000 14.869
99.84000 1.952
99.86000 -1.422
99.88000 -2.076
99.90000 7.780
99.92000 5.624
99.94000 4.090
99.96000 3.622
99.98000 0.000
