'Id: "0011388" Comment: "Integrate frame 0011388_Au-Ir-Rh_Rh-rich_XRD-Mapping-247-0000.gfrmwith cursor Wedge Cursor #5" Operator: "B?rgel" Anode: "Cu" Wavelength: "1.5406" Scantype: "2Theta (TwoTheta)" TimePerStep: "1" X: "-13.5" Y: "18" Z: "5.95" 
10.00000 0.000
10.02000 -4.412
10.04000 -4.403
10.06000 16.806
10.08000 9.682
10.10000 11.548
10.12000 19.525
10.14000 8.079
10.16000 3.673
10.18000 -0.390
10.20000 0.910
10.22000 2.185
10.24000 -4.353
10.26000 15.069
10.28000 21.839
10.30000 20.707
10.32000 14.083
10.34000 9.180
10.36000 6.422
10.38000 7.427
10.40000 14.466
10.42000 28.483
10.44000 23.472
10.46000 13.546
10.48000 12.236
10.50000 13.801
10.52000 12.113
10.54000 12.986
10.56000 25.691
10.58000 25.491
10.60000 16.288
10.62000 12.642
10.64000 7.905
10.66000 -5.530
10.68000 12.532
10.70000 14.920
10.72000 16.138
10.74000 27.564
10.76000 26.808
10.78000 19.157
10.80000 25.145
10.82000 20.783
10.84000 24.398
10.86000 20.653
10.88000 15.702
10.90000 10.187
10.92000 20.947
10.94000 31.286
10.96000 20.998
10.98000 19.997
11.00000 8.658
11.02000 12.349
11.04000 10.528
11.06000 24.516
11.08000 19.061
11.10000 25.077
11.12000 14.748
11.14000 4.864
11.16000 6.787
11.18000 22.098
11.20000 11.206
11.22000 5.752
11.24000 6.194
11.26000 13.304
11.28000 4.201
11.30000 6.726
11.32000 14.293
11.34000 12.031
11.36000 9.406
11.38000 16.742
11.40000 16.952
11.42000 8.879
11.44000 17.084
11.46000 23.264
11.48000 14.911
11.50000 18.979
11.52000 10.931
11.54000 4.403
11.56000 4.477
11.58000 3.119
11.60000 14.147
11.62000 16.932
11.64000 21.421
11.66000 14.057
11.68000 3.590
11.70000 17.859
11.72000 31.447
11.74000 30.327
11.76000 16.920
11.78000 9.132
11.80000 11.667
11.82000 5.533
11.84000 4.081
11.86000 13.371
11.88000 21.130
11.90000 19.255
11.92000 18.081
11.94000 9.012
11.96000 17.831
11.98000 21.331
12.00000 28.014
12.02000 21.125
12.04000 23.029
12.06000 20.646
12.08000 28.278
12.10000 19.422
12.12000 9.194
12.14000 8.456
12.16000 9.529
12.18000 10.381
12.20000 20.980
12.22000 23.334
12.24000 25.872
12.26000 23.661
12.28000 16.429
12.30000 17.061
12.32000 24.194
12.34000 21.673
12.36000 11.291
12.38000 9.080
12.40000 15.839
12.42000 23.705
12.44000 16.614
12.46000 27.115
12.48000 28.643
12.50000 22.819
12.52000 11.977
12.54000 11.961
12.56000 19.473
12.58000 16.212
12.60000 16.094
12.62000 13.044
12.64000 10.880
12.66000 2.238
12.68000 6.415
12.70000 10.431
12.72000 4.390
12.74000 16.990
12.76000 14.790
12.78000 14.958
12.80000 19.961
12.82000 4.777
12.84000 14.098
12.86000 15.272
12.88000 21.831
12.90000 11.749
12.92000 4.807
12.94000 14.083
12.96000 6.254
12.98000 8.442
13.00000 11.847
13.02000 7.078
13.04000 14.698
13.06000 24.856
13.08000 19.805
13.10000 22.537
13.12000 15.761
13.14000 7.336
13.16000 14.333
13.18000 12.462
13.20000 15.851
13.22000 19.523
13.24000 23.319
13.26000 17.709
13.28000 3.957
13.30000 -1.165
13.32000 -0.926
13.34000 -4.449
13.36000 -3.917
13.38000 5.465
13.40000 9.901
13.42000 12.877
13.44000 20.532
13.46000 15.868
13.48000 10.599
13.50000 24.595
13.52000 12.602
13.54000 14.088
13.56000 22.363
13.58000 13.300
13.60000 4.479
13.62000 4.333
13.64000 11.617
13.66000 14.792
13.68000 10.227
13.70000 10.613
13.72000 17.795
13.74000 19.053
13.76000 14.880
13.78000 15.294
13.80000 15.639
13.82000 11.411
13.84000 14.959
13.86000 10.334
13.88000 2.994
13.90000 3.813
13.92000 13.560
13.94000 24.117
13.96000 9.432
13.98000 10.612
14.00000 7.918
14.02000 11.607
14.04000 8.988
14.06000 9.609
14.08000 20.882
14.10000 13.572
14.12000 4.977
14.14000 5.560
14.16000 6.752
14.18000 7.176
14.20000 5.816
14.22000 9.145
14.24000 11.938
14.26000 12.027
14.28000 14.374
14.30000 14.559
14.32000 15.403
14.34000 21.347
14.36000 25.077
14.38000 12.939
14.40000 14.485
14.42000 10.582
14.44000 8.129
14.46000 12.875
14.48000 18.959
14.50000 14.420
14.52000 14.186
14.54000 8.268
14.56000 12.242
14.58000 15.675
14.60000 8.205
14.62000 8.868
14.64000 2.305
14.66000 2.793
14.68000 8.174
14.70000 7.337
14.72000 0.774
14.74000 3.389
14.76000 8.156
14.78000 8.520
14.80000 9.805
14.82000 7.612
14.84000 10.229
14.86000 -1.115
14.88000 8.247
14.90000 1.977
14.92000 -4.455
14.94000 8.463
14.96000 19.353
14.98000 19.094
15.00000 20.702
15.02000 15.704
15.04000 4.893
15.06000 5.859
15.08000 12.874
15.10000 18.388
15.12000 13.794
15.14000 12.265
15.16000 10.882
15.18000 13.099
15.20000 15.382
15.22000 13.483
15.24000 10.415
15.26000 14.604
15.28000 10.333
15.30000 4.738
15.32000 2.489
15.34000 13.004
15.36000 15.312
15.38000 10.471
15.40000 10.538
15.42000 4.980
15.44000 5.909
15.46000 7.518
15.48000 10.088
15.50000 8.149
15.52000 14.379
15.54000 19.798
15.56000 14.038
15.58000 11.044
15.60000 4.481
15.62000 2.544
15.64000 2.374
15.66000 14.338
15.68000 12.028
15.70000 10.510
15.72000 8.907
15.74000 14.709
15.76000 14.574
15.78000 8.283
15.80000 10.085
15.82000 11.722
15.84000 15.283
15.86000 11.107
15.88000 5.210
15.90000 13.439
15.92000 12.535
15.94000 14.921
15.96000 3.329
15.98000 1.148
16.00000 -0.686
16.02000 -4.430
16.04000 3.353
16.06000 9.392
16.08000 14.568
16.10000 0.395
16.12000 0.575
16.14000 0.900
16.16000 -1.726
16.18000 0.067
16.20000 1.101
16.22000 9.255
16.24000 20.164
16.26000 19.040
16.28000 10.246
16.30000 5.472
16.32000 4.623
16.34000 7.105
16.36000 9.763
16.38000 8.689
16.40000 10.238
16.42000 12.531
16.44000 15.371
16.46000 17.104
16.48000 9.466
16.50000 5.818
16.52000 9.135
16.54000 12.829
16.56000 19.028
16.58000 16.945
16.60000 11.997
16.62000 5.884
16.64000 14.565
16.66000 14.431
16.68000 11.985
16.70000 6.643
16.72000 2.861
16.74000 8.462
16.76000 6.371
16.78000 4.671
16.80000 4.030
16.82000 -0.795
16.84000 6.484
16.86000 0.889
16.88000 -2.851
16.90000 -4.397
16.92000 9.960
16.94000 12.424
16.96000 11.816
16.98000 11.277
17.00000 10.988
17.02000 9.446
17.04000 9.838
17.06000 1.904
17.08000 2.323
17.10000 -0.300
17.12000 6.729
17.14000 8.163
17.16000 4.295
17.18000 1.033
17.20000 0.155
17.22000 3.117
17.24000 2.291
17.26000 3.045
17.28000 1.874
17.30000 4.868
17.32000 16.228
17.34000 8.976
17.36000 3.625
17.38000 5.617
17.40000 5.569
17.42000 7.701
17.44000 10.580
17.46000 9.021
17.48000 8.058
17.50000 11.871
17.52000 6.546
17.54000 8.782
17.56000 8.320
17.58000 7.160
17.60000 4.956
17.62000 3.744
17.64000 7.265
17.66000 16.145
17.68000 15.199
17.70000 6.708
17.72000 11.152
17.74000 11.161
17.76000 11.603
17.78000 9.091
17.80000 11.836
17.82000 12.058
17.84000 4.818
17.86000 2.356
17.88000 1.271
17.90000 5.577
17.92000 3.857
17.94000 3.706
17.96000 3.439
17.98000 6.098
18.00000 -3.070
18.02000 1.374
18.04000 2.410
18.06000 1.363
18.08000 -4.358
18.10000 3.642
18.12000 8.642
18.14000 11.762
18.16000 4.530
18.18000 2.974
18.20000 3.826
18.22000 -2.707
18.24000 0.017
18.26000 1.906
18.28000 7.741
18.30000 0.724
18.32000 -2.253
18.34000 11.719
18.36000 10.267
18.38000 -0.318
18.40000 -2.775
18.42000 7.617
18.44000 1.760
18.46000 0.428
18.48000 7.851
18.50000 11.140
18.52000 8.149
18.54000 6.834
18.56000 1.982
18.58000 4.285
18.60000 3.449
18.62000 -2.207
18.64000 0.619
18.66000 -1.182
18.68000 -1.299
18.70000 1.154
18.72000 0.597
18.74000 -2.209
18.76000 0.228
18.78000 1.196
18.80000 -4.320
18.82000 1.356
18.84000 2.580
18.86000 -0.696
18.88000 -2.384
18.90000 -4.313
18.92000 2.966
18.94000 6.681
18.96000 6.353
18.98000 3.334
19.00000 5.471
19.02000 4.185
19.04000 2.752
19.06000 2.685
19.08000 4.861
19.10000 8.038
19.12000 0.502
19.14000 2.434
19.16000 -0.373
19.18000 0.816
19.20000 4.869
19.22000 4.627
19.24000 8.683
19.26000 6.978
19.28000 5.693
19.30000 7.010
19.32000 3.400
19.34000 -2.471
19.36000 -0.784
19.38000 2.299
19.40000 0.725
19.42000 2.201
19.44000 -1.637
19.46000 1.665
19.48000 -1.191
19.50000 2.927
19.52000 11.172
19.54000 12.664
19.56000 9.017
19.58000 -1.740
19.60000 7.006
19.62000 10.403
19.64000 -1.453
19.66000 1.733
19.68000 2.880
19.70000 7.955
19.72000 1.655
19.74000 -0.403
19.76000 7.428
19.78000 2.762
19.80000 2.673
19.82000 3.848
19.84000 2.637
19.86000 2.005
19.88000 3.310
19.90000 5.023
19.92000 3.634
19.94000 4.709
19.96000 1.177
19.98000 -4.228
20.00000 4.287
20.02000 5.836
20.04000 5.748
20.06000 6.340
20.08000 5.043
20.10000 10.864
20.12000 7.888
20.14000 3.223
20.16000 11.356
20.18000 8.228
20.20000 5.383
20.22000 1.921
20.24000 7.456
20.26000 10.897
20.28000 7.216
20.30000 4.608
20.32000 5.583
20.34000 0.947
20.36000 3.878
20.38000 12.563
20.40000 6.624
20.42000 1.316
20.44000 3.230
20.46000 -2.563
20.48000 -1.900
20.50000 -1.112
20.52000 3.284
20.54000 1.629
20.56000 1.794
20.58000 2.609
20.60000 1.747
20.62000 3.972
20.64000 0.006
20.66000 -0.618
20.68000 0.862
20.70000 1.363
20.72000 7.699
20.74000 10.630
20.76000 4.302
20.78000 5.443
20.80000 2.420
20.82000 1.126
20.84000 -2.578
20.86000 -4.211
20.88000 2.974
20.90000 5.523
20.92000 3.042
20.94000 3.168
20.96000 0.954
20.98000 -0.710
21.00000 3.726
21.02000 10.930
21.04000 1.735
21.06000 -0.199
21.08000 1.238
21.10000 0.640
21.12000 1.596
21.14000 9.892
21.16000 14.032
21.18000 10.350
21.20000 0.827
21.22000 0.874
21.24000 3.470
21.26000 -0.509
21.28000 3.664
21.30000 -0.672
21.32000 4.648
21.34000 7.088
21.36000 -2.733
21.38000 -2.078
21.40000 5.748
21.42000 6.381
21.44000 0.153
21.46000 4.829
21.48000 0.479
21.50000 2.095
21.52000 1.139
21.54000 -1.063
21.56000 1.671
21.58000 -1.593
21.60000 8.180
21.62000 12.285
21.64000 11.906
21.66000 0.750
21.68000 -0.021
21.70000 0.171
21.72000 3.437
21.74000 2.435
21.76000 7.725
21.78000 7.319
21.80000 3.257
21.82000 6.970
21.84000 2.192
21.86000 -4.138
21.88000 -0.795
21.90000 4.177
21.92000 7.524
21.94000 5.314
21.96000 7.697
21.98000 8.335
22.00000 4.779
22.02000 8.389
22.04000 7.369
22.06000 1.518
22.08000 -0.606
22.10000 -2.424
22.12000 -1.716
22.14000 -1.372
22.16000 5.358
22.18000 3.427
22.20000 0.898
22.22000 2.795
22.24000 5.936
22.26000 2.467
22.28000 -1.718
22.30000 3.836
22.32000 9.461
22.34000 4.250
22.36000 3.164
22.38000 1.600
22.40000 2.592
22.42000 4.156
22.44000 -4.124
22.46000 4.515
22.48000 7.396
22.50000 5.528
22.52000 8.423
22.54000 3.103
22.56000 4.788
22.58000 -0.668
22.60000 2.568
22.62000 1.695
22.64000 2.430
22.66000 5.310
22.68000 9.311
22.70000 3.370
22.72000 1.437
22.74000 6.494
22.76000 4.076
22.78000 6.510
22.80000 3.480
22.82000 -0.946
22.84000 -3.837
22.86000 5.453
22.88000 13.334
22.90000 3.613
22.92000 -1.850
22.94000 7.647
22.96000 3.600
22.98000 3.804
23.00000 6.859
23.02000 -2.662
23.04000 0.537
23.06000 3.164
23.08000 1.390
23.10000 3.108
23.12000 0.999
23.14000 -0.253
23.16000 0.783
23.18000 4.013
23.20000 5.190
23.22000 3.338
23.24000 3.795
23.26000 3.090
23.28000 -3.040
23.30000 -4.062
23.32000 4.614
23.34000 5.280
23.36000 6.467
23.38000 3.692
23.40000 4.011
23.42000 0.836
23.44000 1.387
23.46000 7.278
23.48000 0.272
23.50000 3.217
23.52000 6.733
23.54000 4.772
23.56000 -0.147
23.58000 1.543
23.60000 2.362
23.62000 6.299
23.64000 2.781
23.66000 -0.154
23.68000 -0.109
23.70000 2.465
23.72000 -2.445
23.74000 -0.834
23.76000 5.879
23.78000 -0.181
23.80000 -4.033
23.82000 2.548
23.84000 4.448
23.86000 4.318
23.88000 8.221
23.90000 11.873
23.92000 5.537
23.94000 6.426
23.96000 1.558
23.98000 3.365
24.00000 6.285
24.02000 6.518
24.04000 6.383
24.06000 5.205
24.08000 4.683
24.10000 6.128
24.12000 2.223
24.14000 3.225
24.16000 -1.052
24.18000 1.821
24.20000 2.913
24.22000 5.992
24.24000 8.466
24.26000 2.121
24.28000 -3.165
24.30000 -0.152
24.32000 3.271
24.34000 3.700
24.36000 1.027
24.38000 5.602
24.40000 4.523
24.42000 -2.513
24.44000 3.136
24.46000 7.118
24.48000 7.275
24.50000 7.919
24.52000 5.340
24.54000 8.663
24.56000 8.536
24.58000 6.159
24.60000 8.683
24.62000 5.622
24.64000 2.343
24.66000 2.810
24.68000 -3.981
24.70000 -1.006
24.72000 2.702
24.74000 4.106
24.76000 2.161
24.78000 5.567
24.80000 3.487
24.82000 -0.117
24.84000 2.669
24.86000 -0.445
24.88000 -0.426
24.90000 6.763
24.92000 9.121
24.94000 2.841
24.96000 7.417
24.98000 9.180
25.00000 7.170
25.02000 6.094
25.04000 6.551
25.06000 7.370
25.08000 -0.221
25.10000 2.778
25.12000 2.749
25.14000 2.148
25.16000 3.430
25.18000 3.596
25.20000 4.507
25.22000 4.785
25.24000 5.984
25.26000 5.734
25.28000 3.874
25.30000 3.728
25.32000 4.095
25.34000 2.239
25.36000 8.554
25.38000 6.534
25.40000 5.567
25.42000 11.964
25.44000 15.622
25.46000 4.256
25.48000 0.725
25.50000 -0.346
25.52000 4.397
25.54000 3.061
25.56000 -3.919
25.58000 2.908
25.60000 4.850
25.62000 6.745
25.64000 13.578
25.66000 9.579
25.68000 7.310
25.70000 4.502
25.72000 4.117
25.74000 0.674
25.76000 5.127
25.78000 5.734
25.80000 0.509
25.82000 3.347
25.84000 6.876
25.86000 5.034
25.88000 2.707
25.90000 8.201
25.92000 9.961
25.94000 7.052
25.96000 2.973
25.98000 6.237
26.00000 18.288
26.02000 15.752
26.04000 5.735
26.06000 4.090
26.08000 4.098
26.10000 2.164
26.12000 6.501
26.14000 8.375
26.16000 3.923
26.18000 4.595
26.20000 2.988
26.22000 3.886
26.24000 5.505
26.26000 8.489
26.28000 10.538
26.30000 8.644
26.32000 1.344
26.34000 2.638
26.36000 3.270
26.38000 -1.811
26.40000 2.567
26.42000 7.258
26.44000 9.747
26.46000 6.590
26.48000 5.169
26.50000 4.072
26.52000 -3.866
26.54000 2.026
26.56000 9.269
26.58000 8.201
26.60000 8.055
26.62000 3.671
26.64000 7.110
26.66000 9.794
26.68000 6.418
26.70000 5.003
26.72000 8.554
26.74000 7.802
26.76000 8.907
26.78000 10.213
26.80000 7.603
26.82000 9.278
26.84000 10.755
26.86000 9.255
26.88000 7.415
26.90000 -0.419
26.92000 4.303
26.94000 4.588
26.96000 2.468
26.98000 -3.000
27.00000 5.485
27.02000 5.351
27.04000 5.143
27.06000 5.635
27.08000 5.395
27.10000 8.930
27.12000 11.906
27.14000 10.730
27.16000 9.112
27.18000 7.218
27.20000 5.984
27.22000 8.200
27.24000 3.980
27.26000 5.911
27.28000 6.512
27.30000 3.891
27.32000 5.128
27.34000 6.453
27.36000 1.531
27.38000 1.186
27.40000 3.266
27.42000 2.497
27.44000 4.140
27.46000 8.341
27.48000 -1.681
27.50000 -2.682
27.52000 -1.612
27.54000 1.746
27.56000 1.626
27.58000 3.341
27.60000 5.507
27.62000 3.924
27.64000 -1.290
27.66000 -3.268
27.68000 1.987
27.70000 9.118
27.72000 7.067
27.74000 4.005
27.76000 1.858
27.78000 3.028
27.80000 1.716
27.82000 5.902
27.84000 7.473
27.86000 3.236
27.88000 -3.826
27.90000 1.155
27.92000 2.215
27.94000 1.889
27.96000 -1.116
27.98000 -0.468
28.00000 2.921
28.02000 4.379
28.04000 4.868
28.06000 -0.729
28.08000 0.220
28.10000 1.996
28.12000 0.287
28.14000 2.802
28.16000 6.650
28.18000 -0.890
28.20000 -3.299
28.22000 2.761
28.24000 -2.196
28.26000 -2.963
28.28000 1.711
28.30000 4.583
28.32000 3.833
28.34000 -1.982
28.36000 -2.790
28.38000 0.888
28.40000 0.155
28.42000 -0.431
28.44000 -1.673
28.46000 0.694
28.48000 2.476
28.50000 6.860
28.52000 3.352
28.54000 -0.465
28.56000 1.427
28.58000 0.783
28.60000 -0.439
28.62000 2.201
28.64000 6.520
28.66000 1.602
28.68000 1.399
28.70000 5.578
28.72000 5.038
28.74000 -0.380
28.76000 -1.166
28.78000 2.555
28.80000 3.543
28.82000 6.335
28.84000 6.796
28.86000 1.853
28.88000 3.460
28.90000 5.508
28.92000 6.673
28.94000 3.881
28.96000 4.298
28.98000 6.449
29.00000 7.450
29.02000 2.801
29.04000 -0.220
29.06000 -3.756
29.08000 -3.591
29.10000 0.877
29.12000 3.689
29.14000 3.820
29.16000 8.375
29.18000 5.973
29.20000 2.067
29.22000 1.371
29.24000 3.493
29.26000 8.513
29.28000 11.021
29.30000 11.240
29.32000 4.178
29.34000 2.392
29.36000 1.879
29.38000 5.547
29.40000 5.315
29.42000 -0.570
29.44000 -3.190
29.46000 0.777
29.48000 0.410
29.50000 -1.381
29.52000 6.130
29.54000 8.562
29.56000 3.024
29.58000 2.006
29.60000 2.656
29.62000 0.015
29.64000 -0.907
29.66000 -0.807
29.68000 -1.153
29.70000 0.063
29.72000 -0.656
29.74000 0.986
29.76000 -3.010
29.78000 0.180
29.80000 2.322
29.82000 -0.223
29.84000 -3.718
29.86000 -1.491
29.88000 -1.392
29.90000 5.130
29.92000 2.982
29.94000 3.813
29.96000 1.135
29.98000 -0.137
30.00000 1.544
30.02000 -2.464
30.04000 -3.582
30.06000 1.594
30.08000 1.408
30.10000 0.441
30.12000 -1.195
30.14000 2.418
30.16000 3.831
30.18000 6.168
30.20000 7.061
30.22000 0.450
30.24000 -0.649
30.26000 -0.092
30.28000 0.374
30.30000 3.752
30.32000 -0.030
30.34000 2.177
30.36000 2.208
30.38000 2.555
30.40000 3.302
30.42000 4.256
30.44000 4.611
30.46000 3.404
30.48000 1.312
30.50000 2.746
30.52000 3.626
30.54000 2.903
30.56000 -0.672
30.58000 0.985
30.60000 6.838
30.62000 4.244
30.64000 4.214
30.66000 2.740
30.68000 5.655
30.70000 3.416
30.72000 9.237
30.74000 7.189
30.76000 0.586
30.78000 0.825
30.80000 0.554
30.82000 6.090
30.84000 9.220
30.86000 4.700
30.88000 6.295
30.90000 0.173
30.92000 -0.962
30.94000 -3.666
30.96000 1.142
30.98000 0.704
31.00000 6.459
31.02000 5.438
31.04000 4.795
31.06000 4.483
31.08000 -0.853
31.10000 0.191
31.12000 -0.705
31.14000 3.426
31.16000 3.447
31.18000 3.118
31.20000 2.452
31.22000 1.494
31.24000 2.572
31.26000 3.276
31.28000 2.724
31.30000 4.899
31.32000 5.560
31.34000 2.905
31.36000 3.285
31.38000 -0.056
31.40000 -1.227
31.42000 1.595
31.44000 1.505
31.46000 -3.657
31.48000 -1.306
31.50000 2.186
31.52000 5.052
31.54000 8.958
31.56000 6.269
31.58000 0.481
31.60000 2.769
31.62000 1.908
31.64000 -0.959
31.66000 -0.239
31.68000 1.046
31.70000 0.030
31.72000 -1.998
31.74000 -0.554
31.76000 -1.296
31.78000 3.150
31.80000 5.226
31.82000 -0.083
31.84000 2.055
31.86000 0.821
31.88000 4.773
31.90000 6.205
31.92000 7.988
31.94000 8.811
31.96000 0.339
31.98000 4.833
32.00000 6.866
32.02000 2.499
32.04000 7.063
32.06000 9.378
32.08000 0.412
32.10000 -3.265
32.12000 -3.604
32.14000 0.791
32.16000 -0.930
32.18000 -1.137
32.20000 -3.623
32.22000 -2.609
32.24000 -1.909
32.26000 2.859
32.28000 4.776
32.30000 2.602
32.32000 -2.118
32.34000 -0.574
32.36000 7.084
32.38000 3.338
32.40000 -0.547
32.42000 0.308
32.44000 3.352
32.46000 2.194
32.48000 3.817
32.50000 7.988
32.52000 0.528
32.54000 -0.820
32.56000 3.220
32.58000 5.959
32.60000 5.882
32.62000 5.345
32.64000 0.976
32.66000 -1.743
32.68000 2.989
32.70000 12.782
32.72000 7.663
32.74000 -3.611
32.76000 -3.495
32.78000 0.169
32.80000 1.800
32.82000 0.889
32.84000 4.025
32.86000 2.378
32.88000 -3.194
32.90000 -0.460
32.92000 3.887
32.94000 0.870
32.96000 2.164
32.98000 4.792
33.00000 4.082
33.02000 1.011
33.04000 -0.382
33.06000 2.682
33.08000 3.397
33.10000 0.576
33.12000 0.504
33.14000 -0.130
33.16000 0.508
33.18000 1.964
33.20000 7.332
33.22000 8.170
33.24000 3.686
33.26000 -1.008
33.28000 1.087
33.30000 4.122
33.32000 2.500
33.34000 4.009
33.36000 5.564
33.38000 6.477
33.40000 6.177
33.42000 3.586
33.44000 -1.528
33.46000 -0.181
33.48000 4.014
33.50000 2.355
33.52000 -0.093
33.54000 1.121
33.56000 4.448
33.58000 3.857
33.60000 5.966
33.62000 5.409
33.64000 5.492
33.66000 -0.644
33.68000 5.540
33.70000 2.436
33.72000 -0.867
33.74000 5.466
33.76000 6.629
33.78000 4.197
33.80000 4.465
33.82000 2.236
33.84000 0.651
33.86000 5.462
33.88000 2.517
33.90000 -2.944
33.92000 -2.625
33.94000 0.143
33.96000 -0.362
33.98000 5.480
34.00000 3.756
34.02000 6.644
34.04000 3.833
34.06000 1.567
34.08000 -2.018
34.10000 1.669
34.12000 0.554
34.14000 7.957
34.16000 4.859
34.18000 4.055
34.20000 8.692
34.22000 5.619
34.24000 7.413
34.26000 6.138
34.28000 4.520
34.30000 3.255
34.32000 6.259
34.34000 4.898
34.36000 -0.694
34.38000 -3.572
34.40000 -3.037
34.42000 0.069
34.44000 -2.401
34.46000 1.749
34.48000 4.330
34.50000 4.737
34.52000 -0.458
34.54000 1.974
34.56000 7.052
34.58000 2.167
34.60000 -0.891
34.62000 3.016
34.64000 3.945
34.66000 -0.088
34.68000 1.795
34.70000 2.240
34.72000 -0.844
34.74000 -1.167
34.76000 -3.571
34.78000 -0.907
34.80000 3.971
34.82000 -1.323
34.84000 -2.194
34.86000 -2.319
34.88000 4.865
34.90000 5.589
34.92000 2.221
34.94000 3.351
34.96000 1.695
34.98000 3.200
35.00000 3.127
35.02000 1.198
35.04000 -1.288
35.06000 0.150
35.08000 6.350
35.10000 4.419
35.12000 1.749
35.14000 0.460
35.16000 -0.059
35.18000 1.586
35.20000 1.802
35.22000 4.936
35.24000 4.973
35.26000 6.952
35.28000 6.170
35.30000 2.737
35.32000 2.293
35.34000 1.488
35.36000 0.714
35.38000 1.814
35.40000 4.217
35.42000 8.125
35.44000 4.916
35.46000 2.924
35.48000 2.675
35.50000 7.303
35.52000 -3.565
35.54000 0.605
35.56000 5.576
35.58000 3.790
35.60000 -2.070
35.62000 1.497
35.64000 7.107
35.66000 6.945
35.68000 3.334
35.70000 -0.643
35.72000 -2.369
35.74000 4.708
35.76000 5.617
35.78000 2.214
35.80000 -1.316
35.82000 1.046
35.84000 1.046
35.86000 0.733
35.88000 -2.215
35.90000 1.024
35.92000 1.783
35.94000 1.698
35.96000 2.042
35.98000 3.591
36.00000 4.618
36.02000 4.388
36.04000 4.544
36.06000 5.562
36.08000 4.698
36.10000 2.991
36.12000 2.560
36.14000 3.147
36.16000 3.806
36.18000 6.922
36.20000 7.735
36.22000 7.714
36.24000 4.876
36.26000 3.496
36.28000 6.943
36.30000 5.314
36.32000 6.487
36.34000 8.445
36.36000 3.419
36.38000 -1.836
36.40000 -3.543
36.42000 0.783
36.44000 4.518
36.46000 3.434
36.48000 3.768
36.50000 4.925
36.52000 5.531
36.54000 7.224
36.56000 4.654
36.58000 0.716
36.60000 5.275
36.62000 6.224
36.64000 4.185
36.66000 9.227
36.68000 5.592
36.70000 -1.365
36.72000 -1.241
36.74000 -0.607
36.76000 4.692
36.78000 4.969
36.80000 -3.600
36.82000 -1.974
36.84000 5.907
36.86000 3.897
36.88000 4.145
36.90000 0.609
36.92000 -1.228
36.94000 4.543
36.96000 4.979
36.98000 1.459
37.00000 -0.412
37.02000 0.783
37.04000 1.349
37.06000 3.773
37.08000 0.875
37.10000 0.503
37.12000 -0.208
37.14000 1.380
37.16000 3.135
37.18000 4.416
37.20000 6.136
37.22000 5.144
37.24000 -1.901
37.26000 2.875
37.28000 0.464
37.30000 -0.966
37.32000 3.523
37.34000 2.798
37.36000 2.565
37.38000 3.852
37.40000 0.376
37.42000 -1.369
37.44000 -1.236
37.46000 -2.702
37.48000 -0.168
37.50000 -1.265
37.52000 4.386
37.54000 6.470
37.56000 5.064
37.58000 4.280
37.60000 -1.055
37.62000 2.127
37.64000 8.135
37.66000 6.722
37.68000 5.885
37.70000 7.591
37.72000 6.980
37.74000 11.226
37.76000 7.925
37.78000 7.434
37.80000 7.979
37.82000 8.981
37.84000 8.408
37.86000 11.358
37.88000 5.390
37.90000 5.112
37.92000 6.377
37.94000 4.834
37.96000 6.990
37.98000 8.026
38.00000 11.506
38.02000 9.560
38.04000 9.430
38.06000 12.344
38.08000 11.956
38.10000 7.622
38.12000 8.817
38.14000 17.654
38.16000 16.326
38.18000 15.011
38.20000 14.946
38.22000 13.010
38.24000 15.463
38.26000 18.007
38.28000 14.037
38.30000 16.943
38.32000 22.499
38.34000 21.442
38.36000 21.029
38.38000 23.759
38.40000 24.394
38.42000 25.925
38.44000 23.347
38.46000 27.277
38.48000 25.979
38.50000 32.956
38.52000 30.569
38.54000 24.275
38.56000 22.950
38.58000 26.520
38.60000 29.177
38.62000 29.961
38.64000 29.456
38.66000 31.110
38.68000 29.663
38.70000 36.835
38.72000 43.052
38.74000 38.253
38.76000 40.877
38.78000 43.748
38.80000 45.583
38.82000 45.453
38.84000 47.573
38.86000 46.669
38.88000 50.028
38.90000 51.499
38.92000 52.897
38.94000 55.894
38.96000 57.631
38.98000 60.574
39.00000 60.337
39.02000 66.458
39.04000 69.421
39.06000 70.579
39.08000 71.292
39.10000 80.538
39.12000 83.604
39.14000 77.653
39.16000 81.276
39.18000 92.787
39.20000 96.502
39.22000 103.442
39.24000 107.553
39.26000 107.409
39.28000 116.578
39.30000 120.383
39.32000 130.707
39.34000 135.153
39.36000 139.459
39.38000 148.529
39.40000 151.623
39.42000 155.746
39.44000 162.452
39.46000 171.629
39.48000 176.913
39.50000 186.062
39.52000 197.948
39.54000 211.589
39.56000 216.835
39.58000 223.433
39.60000 225.654
39.62000 243.251
39.64000 254.249
39.66000 268.739
39.68000 287.403
39.70000 299.752
39.72000 306.694
39.74000 322.623
39.76000 348.315
39.78000 357.140
39.80000 371.815
39.82000 388.855
39.84000 395.174
39.86000 413.941
39.88000 444.028
39.90000 467.339
39.92000 476.393
39.94000 489.879
39.96000 500.062
39.98000 510.240
40.00000 526.894
40.02000 546.448
40.04000 560.852
40.06000 574.675
40.08000 582.709
40.10000 593.312
40.12000 600.430
40.14000 613.156
40.16000 619.551
40.18000 617.584
40.20000 622.310
40.22000 633.298
40.24000 628.816
40.26000 625.554
40.28000 628.351
40.30000 615.217
40.32000 613.155
40.34000 602.626
40.36000 592.725
40.38000 585.204
40.40000 588.600
40.42000 568.061
40.44000 549.641
40.46000 531.271
40.48000 517.054
40.50000 490.662
40.52000 475.095
40.54000 456.428
40.56000 442.887
40.58000 436.835
40.60000 424.747
40.62000 411.178
40.64000 387.489
40.66000 366.024
40.68000 343.157
40.70000 326.904
40.72000 322.256
40.74000 311.013
40.76000 292.302
40.78000 281.466
40.80000 265.308
40.82000 255.525
40.84000 239.193
40.86000 229.001
40.88000 220.307
40.90000 203.390
40.92000 184.744
40.94000 171.463
40.96000 164.005
40.98000 163.213
41.00000 158.011
41.02000 145.298
41.04000 139.883
41.06000 127.510
41.08000 117.409
41.10000 117.955
41.12000 114.556
41.14000 105.616
41.16000 99.293
41.18000 96.536
41.20000 94.024
41.22000 88.465
41.24000 82.321
41.26000 77.373
41.28000 76.538
41.30000 69.478
41.32000 68.486
41.34000 63.433
41.36000 56.852
41.38000 54.439
41.40000 55.887
41.42000 54.351
41.44000 48.033
41.46000 38.700
41.48000 37.558
41.50000 43.128
41.52000 39.697
41.54000 33.718
41.56000 32.768
41.58000 30.139
41.60000 33.196
41.62000 29.008
41.64000 28.224
41.66000 33.089
41.68000 29.619
41.70000 26.911
41.72000 24.780
41.74000 21.642
41.76000 22.173
41.78000 20.850
41.80000 19.949
41.82000 18.358
41.84000 15.037
41.86000 12.896
41.88000 13.593
41.90000 16.806
41.92000 19.543
41.94000 16.791
41.96000 13.947
41.98000 11.206
42.00000 12.873
42.02000 10.835
42.04000 10.343
42.06000 10.172
42.08000 10.280
42.10000 13.087
42.12000 11.328
42.14000 12.974
42.16000 8.767
42.18000 8.025
42.20000 7.321
42.22000 6.855
42.24000 4.831
42.26000 3.295
42.28000 2.487
42.30000 3.715
42.32000 8.479
42.34000 7.288
42.36000 9.515
42.38000 4.044
42.40000 3.427
42.42000 2.878
42.44000 5.025
42.46000 9.267
42.48000 8.353
42.50000 4.112
42.52000 0.002
42.54000 -0.162
42.56000 9.840
42.58000 10.820
42.60000 3.878
42.62000 -0.909
42.64000 -3.015
42.66000 1.049
42.68000 1.642
42.70000 6.360
42.72000 6.820
42.74000 5.718
42.76000 6.475
42.78000 1.678
42.80000 2.634
42.82000 4.897
42.84000 3.714
42.86000 -0.533
42.88000 3.822
42.90000 4.343
42.92000 1.128
42.94000 2.157
42.96000 3.809
42.98000 3.803
43.00000 -3.524
43.02000 0.982
43.04000 2.075
43.06000 3.183
43.08000 4.662
43.10000 5.832
43.12000 2.922
43.14000 4.791
43.16000 7.477
43.18000 5.783
43.20000 5.362
43.22000 6.427
43.24000 4.572
43.26000 1.332
43.28000 1.732
43.30000 0.075
43.32000 0.861
43.34000 -3.170
43.36000 3.262
43.38000 4.335
43.40000 4.825
43.42000 2.115
43.44000 7.253
43.46000 4.801
43.48000 4.657
43.50000 4.272
43.52000 9.206
43.54000 3.516
43.56000 6.525
43.58000 6.175
43.60000 5.345
43.62000 5.791
43.64000 2.161
43.66000 -1.502
43.68000 5.220
43.70000 7.032
43.72000 7.057
43.74000 4.020
43.76000 8.613
43.78000 9.582
43.80000 0.855
43.82000 -3.465
43.84000 2.717
43.86000 7.961
43.88000 11.508
43.90000 3.312
43.92000 1.271
43.94000 4.026
43.96000 6.019
43.98000 4.094
44.00000 6.260
44.02000 6.473
44.04000 6.387
44.06000 -0.865
44.08000 6.000
44.10000 9.258
44.12000 7.699
44.14000 9.338
44.16000 7.817
44.18000 3.215
44.20000 3.618
44.22000 6.492
44.24000 5.880
44.26000 5.091
44.28000 6.568
44.30000 3.294
44.32000 0.375
44.34000 0.246
44.36000 1.720
44.38000 2.749
44.40000 2.669
44.42000 4.182
44.44000 3.840
44.46000 2.370
44.48000 8.428
44.50000 9.654
44.52000 7.006
44.54000 6.191
44.56000 4.161
44.58000 1.287
44.60000 7.983
44.62000 7.119
44.64000 -1.361
44.66000 -3.495
44.68000 -1.293
44.70000 2.353
44.72000 1.923
44.74000 2.388
44.76000 5.090
44.78000 5.805
44.80000 4.589
44.82000 7.044
44.84000 10.550
44.86000 14.628
44.88000 10.279
44.90000 4.658
44.92000 4.947
44.94000 7.196
44.96000 14.796
44.98000 18.409
45.00000 13.482
45.02000 11.230
45.04000 7.723
45.06000 14.369
45.08000 17.966
45.10000 12.369
45.12000 10.117
45.14000 10.116
45.16000 8.672
45.18000 11.476
45.20000 15.359
45.22000 14.841
45.24000 14.905
45.26000 14.116
45.28000 11.092
45.30000 10.074
45.32000 15.106
45.34000 15.422
45.36000 17.258
45.38000 18.692
45.40000 19.282
45.42000 21.850
45.44000 15.548
45.46000 17.466
45.48000 19.500
45.50000 22.148
45.52000 19.852
45.54000 20.740
45.56000 23.155
45.58000 23.233
45.60000 24.679
45.62000 27.866
45.64000 28.645
45.66000 30.852
45.68000 27.475
45.70000 37.042
45.72000 31.936
45.74000 24.450
45.76000 24.950
45.78000 29.581
45.80000 33.549
45.82000 32.997
45.84000 33.644
45.86000 37.100
45.88000 36.972
45.90000 33.059
45.92000 35.907
45.94000 48.400
45.96000 51.550
45.98000 47.561
46.00000 41.734
46.02000 45.054
46.04000 46.587
46.06000 43.779
46.08000 46.484
46.10000 51.546
46.12000 54.353
46.14000 51.850
46.16000 56.230
46.18000 61.180
46.20000 60.106
46.22000 59.807
46.24000 57.036
46.26000 59.329
46.28000 61.512
46.30000 67.230
46.32000 69.847
46.34000 60.113
46.36000 66.555
46.38000 72.031
46.40000 70.002
46.42000 65.901
46.44000 63.101
46.46000 69.257
46.48000 69.640
46.50000 79.702
46.52000 77.258
46.54000 76.810
46.56000 74.953
46.58000 76.675
46.60000 76.685
46.62000 79.393
46.64000 81.891
46.66000 80.048
46.68000 76.479
46.70000 84.101
46.72000 90.830
46.74000 92.866
46.76000 87.676
46.78000 87.715
46.80000 83.908
46.82000 77.460
46.84000 67.733
46.86000 77.996
46.88000 82.752
46.90000 77.941
46.92000 83.823
46.94000 83.383
46.96000 77.603
46.98000 74.333
47.00000 83.567
47.02000 79.848
47.04000 76.602
47.06000 77.194
47.08000 77.306
47.10000 74.253
47.12000 70.715
47.14000 69.090
47.16000 70.332
47.18000 68.488
47.20000 70.912
47.22000 69.009
47.24000 67.971
47.26000 61.845
47.28000 56.983
47.30000 51.414
47.32000 62.638
47.34000 58.793
47.36000 55.461
47.38000 57.357
47.40000 56.078
47.42000 53.726
47.44000 48.262
47.46000 48.984
47.48000 43.134
47.50000 42.907
47.52000 37.315
47.54000 33.746
47.56000 26.115
47.58000 37.469
47.60000 43.789
47.62000 31.482
47.64000 35.716
47.66000 40.833
47.68000 31.204
47.70000 27.660
47.72000 24.728
47.74000 27.457
47.76000 25.020
47.78000 26.500
47.80000 28.619
47.82000 28.249
47.84000 24.201
47.86000 20.545
47.88000 23.737
47.90000 17.315
47.92000 19.902
47.94000 17.138
47.96000 21.377
47.98000 19.567
48.00000 19.024
48.02000 18.962
48.04000 12.822
48.06000 13.694
48.08000 16.502
48.10000 22.160
48.12000 18.313
48.14000 14.348
48.16000 8.204
48.18000 11.723
48.20000 8.809
48.22000 7.435
48.24000 6.846
48.26000 8.597
48.28000 12.933
48.30000 11.933
48.32000 10.189
48.34000 11.189
48.36000 9.766
48.38000 7.464
48.40000 10.753
48.42000 9.164
48.44000 6.364
48.46000 3.042
48.48000 5.590
48.50000 8.045
48.52000 4.231
48.54000 4.034
48.56000 3.665
48.58000 7.514
48.60000 3.853
48.62000 5.944
48.64000 0.312
48.66000 1.738
48.68000 3.985
48.70000 2.214
48.72000 -3.188
48.74000 0.192
48.76000 8.264
48.78000 4.251
48.80000 3.047
48.82000 -0.376
48.84000 -1.247
48.86000 -2.054
48.88000 -0.274
48.90000 0.986
48.92000 6.042
48.94000 10.862
48.96000 7.192
48.98000 6.376
49.00000 3.900
49.02000 3.054
49.04000 1.959
49.06000 3.826
49.08000 2.000
49.10000 9.438
49.12000 7.153
49.14000 12.532
49.16000 5.796
49.18000 -3.109
49.20000 3.448
49.22000 6.055
49.24000 10.754
49.26000 5.122
49.28000 4.016
49.30000 3.514
49.32000 6.516
49.34000 8.556
49.36000 4.431
49.38000 1.604
49.40000 1.795
49.42000 8.596
49.44000 5.544
49.46000 2.340
49.48000 7.343
49.50000 4.982
49.52000 3.495
49.54000 4.101
49.56000 3.412
49.58000 9.446
49.60000 6.374
49.62000 3.250
49.64000 6.017
49.66000 5.108
49.68000 -0.704
49.70000 6.684
49.72000 8.593
49.74000 1.784
49.76000 3.340
49.78000 9.609
49.80000 4.481
49.82000 3.181
49.84000 3.918
49.86000 -1.456
49.88000 4.260
49.90000 3.970
49.92000 1.329
49.94000 6.295
49.96000 3.385
49.98000 -2.989
50.00000 7.381
50.02000 10.579
50.04000 4.729
50.06000 5.340
50.08000 11.890
50.10000 13.996
50.12000 12.110
50.14000 14.106
50.16000 11.056
50.18000 5.011
50.20000 7.086
50.22000 8.313
50.24000 2.820
50.26000 -0.029
50.28000 -0.048
50.30000 4.925
50.32000 2.854
50.34000 3.395
50.36000 6.632
50.38000 8.415
50.40000 3.121
50.42000 5.066
50.44000 1.709
50.46000 -1.330
50.48000 -0.824
50.50000 -0.493
50.52000 5.894
50.54000 3.774
50.56000 -1.601
50.58000 1.278
50.60000 4.500
50.62000 1.264
50.64000 0.751
50.66000 5.006
50.68000 -0.499
50.70000 -2.942
50.72000 -2.993
50.74000 -1.435
50.76000 -1.460
50.78000 1.879
50.80000 0.879
50.82000 2.380
50.84000 2.159
50.86000 0.445
50.88000 1.070
50.90000 4.482
50.92000 2.133
50.94000 4.075
50.96000 7.264
50.98000 7.283
51.00000 1.569
51.02000 3.062
51.04000 -0.107
51.06000 -1.016
51.08000 2.842
51.10000 7.550
51.12000 1.554
51.14000 5.626
51.16000 3.588
51.18000 0.976
51.20000 3.655
51.22000 2.540
51.24000 0.919
51.26000 2.316
51.28000 4.199
51.30000 4.182
51.32000 -0.114
51.34000 2.918
51.36000 6.553
51.38000 5.395
51.40000 4.585
51.42000 4.051
51.44000 6.593
51.46000 1.702
51.48000 -1.193
51.50000 -0.379
51.52000 1.323
51.54000 2.191
51.56000 1.796
51.58000 1.818
51.60000 -1.316
51.62000 -0.601
51.64000 3.286
51.66000 7.484
51.68000 1.638
51.70000 6.306
51.72000 6.353
51.74000 1.341
51.76000 2.189
51.78000 2.971
51.80000 -0.152
51.82000 -0.489
51.84000 0.004
51.86000 -0.126
51.88000 0.839
51.90000 -0.209
51.92000 3.914
51.94000 7.449
51.96000 4.506
51.98000 4.830
52.00000 0.043
52.02000 -2.091
52.04000 2.327
52.06000 -0.303
52.08000 2.373
52.10000 5.588
52.12000 7.919
52.14000 4.207
52.16000 3.305
52.18000 1.890
52.20000 2.360
52.22000 3.660
52.24000 -0.266
52.26000 -0.357
52.28000 -2.954
52.30000 0.339
52.32000 0.411
52.34000 1.171
52.36000 -0.426
52.38000 3.776
52.40000 4.524
52.42000 6.750
52.44000 4.126
52.46000 8.245
52.48000 4.222
52.50000 1.796
52.52000 1.976
52.54000 4.418
52.56000 3.529
52.58000 -0.394
52.60000 2.130
52.62000 -0.037
52.64000 -0.401
52.66000 0.602
52.68000 0.692
52.70000 -1.508
52.72000 4.345
52.74000 3.754
52.76000 5.853
52.78000 0.945
52.80000 -2.349
52.82000 2.630
52.84000 7.355
52.86000 7.710
52.88000 1.502
52.90000 -1.999
52.92000 0.431
52.94000 -1.458
52.96000 6.370
52.98000 13.862
53.00000 11.645
53.02000 5.715
53.04000 2.980
53.06000 3.678
53.08000 6.560
53.10000 2.481
53.12000 -0.863
53.14000 2.870
53.16000 7.842
53.18000 4.412
53.20000 -2.894
53.22000 0.257
53.24000 3.184
53.26000 2.256
53.28000 4.788
53.30000 1.947
53.32000 1.221
53.34000 2.587
53.36000 4.414
53.38000 4.705
53.40000 2.808
53.42000 1.787
53.44000 1.135
53.46000 2.924
53.48000 5.762
53.50000 9.365
53.52000 9.143
53.54000 6.028
53.56000 2.056
53.58000 5.238
53.60000 7.186
53.62000 7.328
53.64000 3.909
53.66000 -2.884
53.68000 3.630
53.70000 3.129
53.72000 0.647
53.74000 1.782
53.76000 1.049
53.78000 3.407
53.80000 2.441
53.82000 -0.579
53.84000 3.149
53.86000 5.279
53.88000 4.542
53.90000 2.882
53.92000 1.993
53.94000 -1.553
53.96000 0.702
53.98000 3.314
54.00000 4.297
54.02000 3.601
54.04000 -0.864
54.06000 -0.397
54.08000 -2.884
54.10000 -0.056
54.12000 1.554
54.14000 1.587
54.16000 -2.594
54.18000 1.275
54.20000 3.682
54.22000 0.485
54.24000 4.575
54.26000 1.017
54.28000 -1.854
54.30000 3.189
54.32000 7.862
54.34000 3.629
54.36000 2.364
54.38000 7.077
54.40000 6.743
54.42000 5.012
54.44000 8.038
54.46000 1.043
54.48000 -1.960
54.50000 4.116
54.52000 2.161
54.54000 3.836
54.56000 4.979
54.58000 4.382
54.60000 3.931
54.62000 4.756
54.64000 2.388
54.66000 2.795
54.68000 5.393
54.70000 5.062
54.72000 8.163
54.74000 7.815
54.76000 4.177
54.78000 6.155
54.80000 3.668
54.82000 -0.219
54.84000 -1.416
54.86000 1.491
54.88000 -1.249
54.90000 -0.773
54.92000 4.453
54.94000 5.451
54.96000 4.164
54.98000 5.306
55.00000 1.753
55.02000 3.638
55.04000 4.272
55.06000 3.010
55.08000 3.646
55.10000 2.888
55.12000 4.299
55.14000 6.811
55.16000 4.825
55.18000 3.732
55.20000 5.468
55.22000 3.623
55.24000 3.378
55.26000 2.828
55.28000 9.078
55.30000 5.287
55.32000 6.478
55.34000 9.806
55.36000 5.634
55.38000 0.175
55.40000 6.244
55.42000 6.579
55.44000 7.131
55.46000 5.477
55.48000 7.164
55.50000 4.396
55.52000 3.896
55.54000 1.786
55.56000 4.771
55.58000 4.858
55.60000 2.626
55.62000 2.434
55.64000 3.603
55.66000 -0.812
55.68000 -1.427
55.70000 -2.808
55.72000 1.602
55.74000 5.227
55.76000 4.433
55.78000 8.441
55.80000 8.602
55.82000 6.405
55.84000 1.913
55.86000 -0.117
55.88000 5.748
55.90000 7.602
55.92000 4.535
55.94000 6.236
55.96000 3.970
55.98000 3.163
56.00000 3.264
56.02000 3.694
56.04000 1.049
56.06000 1.557
56.08000 1.287
56.10000 4.356
56.12000 5.001
56.14000 1.791
56.16000 5.297
56.18000 5.670
56.20000 -0.009
56.22000 -0.151
56.24000 1.341
56.26000 3.088
56.28000 3.299
56.30000 6.848
56.32000 4.202
56.34000 3.461
56.36000 1.339
56.38000 0.721
56.40000 4.124
56.42000 1.883
56.44000 3.379
56.46000 6.472
56.48000 6.308
56.50000 1.856
56.52000 0.512
56.54000 -1.802
56.56000 -1.855
56.58000 0.674
56.60000 2.746
56.62000 4.653
56.64000 1.889
56.66000 1.992
56.68000 4.705
56.70000 2.325
56.72000 5.268
56.74000 1.275
56.76000 -2.351
56.78000 1.066
56.80000 5.126
56.82000 3.140
56.84000 2.393
56.86000 1.822
56.88000 0.979
56.90000 3.040
56.92000 3.079
56.94000 3.576
56.96000 4.706
56.98000 5.446
57.00000 3.206
57.02000 5.494
57.04000 6.391
57.06000 2.830
57.08000 3.249
57.10000 6.097
57.12000 5.417
57.14000 3.863
57.16000 1.944
57.18000 1.864
57.20000 4.763
57.22000 1.581
57.24000 5.335
57.26000 3.067
57.28000 1.730
57.30000 -2.779
57.32000 0.253
57.34000 0.406
57.36000 0.218
57.38000 0.580
57.40000 -1.745
57.42000 -2.389
57.44000 -2.609
57.46000 -0.116
57.48000 1.071
57.50000 1.580
57.52000 -0.511
57.54000 0.426
57.56000 5.012
57.58000 5.697
57.60000 3.018
57.62000 5.045
57.64000 10.061
57.66000 3.730
57.68000 4.298
57.70000 1.886
57.72000 -0.525
57.74000 4.822
57.76000 4.028
57.78000 2.664
57.80000 8.865
57.82000 3.584
57.84000 -1.326
57.86000 0.127
57.88000 -1.427
57.90000 1.238
57.92000 3.487
57.94000 8.437
57.96000 3.431
57.98000 2.605
58.00000 6.201
58.02000 2.040
58.04000 0.994
58.06000 -2.540
58.08000 0.614
58.10000 2.847
58.12000 2.617
58.14000 6.724
58.16000 5.153
58.18000 3.667
58.20000 3.335
58.22000 6.275
58.24000 3.210
58.26000 1.248
58.28000 2.647
58.30000 8.622
58.32000 4.953
58.34000 -2.522
58.36000 -0.368
58.38000 4.679
58.40000 2.647
58.42000 2.920
58.44000 3.810
58.46000 5.581
58.48000 6.578
58.50000 5.166
58.52000 2.990
58.54000 6.772
58.56000 3.235
58.58000 3.675
58.60000 8.439
58.62000 4.840
58.64000 4.234
58.66000 1.526
58.68000 1.438
58.70000 2.522
58.72000 2.820
58.74000 5.393
58.76000 4.706
58.78000 -2.707
58.80000 -1.836
58.82000 3.773
58.84000 3.266
58.86000 0.555
58.88000 0.408
58.90000 -0.672
58.92000 4.772
58.94000 3.033
58.96000 7.168
58.98000 5.552
59.00000 1.312
59.02000 2.771
59.04000 5.437
59.06000 6.647
59.08000 8.747
59.10000 5.834
59.12000 2.749
59.14000 4.043
59.16000 7.310
59.18000 7.439
59.20000 7.907
59.22000 6.644
59.24000 9.981
59.26000 9.755
59.28000 1.631
59.30000 3.668
59.32000 8.881
59.34000 4.871
59.36000 6.282
59.38000 6.869
59.40000 -2.028
59.42000 -0.819
59.44000 0.150
59.46000 4.731
59.48000 7.278
59.50000 8.168
59.52000 -0.305
59.54000 -2.674
59.56000 2.265
59.58000 5.269
59.60000 5.850
59.62000 3.120
59.64000 4.509
59.66000 6.548
59.68000 3.878
59.70000 3.246
59.72000 0.984
59.74000 2.778
59.76000 3.023
59.78000 5.049
59.80000 -0.646
59.82000 -0.063
59.84000 -0.167
59.86000 -0.474
59.88000 -0.665
59.90000 -0.422
59.92000 1.282
59.94000 4.602
59.96000 4.110
59.98000 7.781
60.00000 4.213
60.02000 1.432
60.04000 2.730
60.06000 2.660
60.08000 1.507
60.10000 5.883
60.12000 8.332
60.14000 4.426
60.16000 -0.450
60.18000 0.192
60.20000 1.843
60.22000 3.248
60.24000 5.589
60.26000 1.990
60.28000 4.857
60.30000 0.876
60.32000 -0.165
60.34000 -2.681
60.36000 1.122
60.38000 1.286
60.40000 1.270
60.42000 2.204
60.44000 2.189
60.46000 1.440
60.48000 2.033
60.50000 3.294
60.52000 3.685
60.54000 6.042
60.56000 5.105
60.58000 1.226
60.60000 -0.858
60.62000 -2.679
60.64000 -2.517
60.66000 -0.029
60.68000 1.904
60.70000 1.793
60.72000 2.700
60.74000 3.500
60.76000 1.360
60.78000 6.805
60.80000 3.114
60.82000 -2.558
60.84000 -0.459
60.86000 0.835
60.88000 2.695
60.90000 2.375
60.92000 -0.794
60.94000 -0.903
60.96000 -1.006
60.98000 3.158
61.00000 2.432
61.02000 2.915
61.04000 3.369
61.06000 5.231
61.08000 4.946
61.10000 5.641
61.12000 4.829
61.14000 6.926
61.16000 7.562
61.18000 1.256
61.20000 2.650
61.22000 3.451
61.24000 1.714
61.26000 5.983
61.28000 2.923
61.30000 2.024
61.32000 7.488
61.34000 6.710
61.36000 -1.924
61.38000 -1.048
61.40000 -2.647
61.42000 0.088
61.44000 2.927
61.46000 2.501
61.48000 0.854
61.50000 2.170
61.52000 3.222
61.54000 0.309
61.56000 3.515
61.58000 0.210
61.60000 0.160
61.62000 0.260
61.64000 1.404
61.66000 3.163
61.68000 7.562
61.70000 6.013
61.72000 4.958
61.74000 3.897
61.76000 5.925
61.78000 3.940
61.80000 3.370
61.82000 3.040
61.84000 5.022
61.86000 9.044
61.88000 8.581
61.90000 5.638
61.92000 6.674
61.94000 7.031
61.96000 9.013
61.98000 5.998
62.00000 7.047
62.02000 6.194
62.04000 6.101
62.06000 -1.215
62.08000 -2.590
62.10000 -0.558
62.12000 0.133
62.14000 2.454
62.16000 6.358
62.18000 4.005
62.20000 5.955
62.22000 5.126
62.24000 3.271
62.26000 4.399
62.28000 3.161
62.30000 0.718
62.32000 5.593
62.34000 1.278
62.36000 1.628
62.38000 3.524
62.40000 -2.610
62.42000 -2.392
62.44000 2.127
62.46000 0.893
62.48000 1.416
62.50000 1.620
62.52000 -0.668
62.54000 2.368
62.56000 4.165
62.58000 2.127
62.60000 2.056
62.62000 4.979
62.64000 0.889
62.66000 2.859
62.68000 5.069
62.70000 6.596
62.72000 5.952
62.74000 2.223
62.76000 2.012
62.78000 2.641
62.80000 3.026
62.82000 2.886
62.84000 0.122
62.86000 2.846
62.88000 3.154
62.90000 2.229
62.92000 -0.616
62.94000 -0.278
62.96000 -1.086
62.98000 -2.539
63.00000 -2.633
63.02000 0.058
63.04000 1.514
63.06000 2.215
63.08000 3.290
63.10000 2.856
63.12000 2.744
63.14000 4.301
63.16000 8.816
63.18000 6.983
63.20000 6.973
63.22000 5.774
63.24000 0.075
63.26000 4.023
63.28000 2.158
63.30000 -1.633
63.32000 0.465
63.34000 1.115
63.36000 -1.614
63.38000 -2.636
63.40000 0.573
63.42000 5.020
63.44000 8.408
63.46000 6.776
63.48000 1.833
63.50000 1.091
63.52000 0.386
63.54000 2.165
63.56000 1.685
63.58000 4.313
63.60000 4.792
63.62000 1.019
63.64000 0.528
63.66000 0.059
63.68000 3.403
63.70000 -1.843
63.72000 -0.583
63.74000 3.888
63.76000 4.452
63.78000 0.649
63.80000 -2.536
63.82000 1.150
63.84000 3.758
63.86000 -0.074
63.88000 1.094
63.90000 6.401
63.92000 -1.162
63.94000 -2.628
63.96000 2.226
63.98000 3.396
64.00000 -0.396
64.02000 2.447
64.04000 1.598
64.06000 4.477
64.08000 4.118
64.10000 4.539
64.12000 5.361
64.14000 0.167
64.16000 -1.355
64.18000 -0.723
64.20000 3.819
64.22000 7.337
64.24000 4.618
64.26000 4.265
64.28000 -1.286
64.30000 0.256
64.32000 5.765
64.34000 6.138
64.36000 4.688
64.38000 0.886
64.40000 4.813
64.42000 5.918
64.44000 5.304
64.46000 2.582
64.48000 1.608
64.50000 3.744
64.52000 -2.312
64.54000 -0.562
64.56000 3.166
64.58000 4.446
64.60000 7.112
64.62000 1.204
64.64000 0.120
64.66000 0.678
64.68000 2.134
64.70000 3.287
64.72000 1.126
64.74000 1.525
64.76000 -0.826
64.78000 -2.645
64.80000 -0.622
64.82000 1.765
64.84000 2.997
64.86000 2.570
64.88000 4.550
64.90000 0.678
64.92000 0.013
64.94000 2.018
64.96000 3.544
64.98000 4.629
65.00000 3.521
65.02000 2.913
65.04000 1.548
65.06000 2.057
65.08000 0.467
65.10000 2.641
65.12000 -0.098
65.14000 2.853
65.16000 -0.711
65.18000 -2.417
65.20000 -0.042
65.22000 1.296
65.24000 -0.358
65.26000 -0.626
65.28000 2.358
65.30000 3.175
65.32000 -0.468
65.34000 0.564
65.36000 3.406
65.38000 2.698
65.40000 1.751
65.42000 -1.750
65.44000 -2.148
65.46000 0.975
65.48000 0.093
65.50000 -2.669
65.52000 0.768
65.54000 2.770
65.56000 4.832
65.58000 5.264
65.60000 2.993
65.62000 -2.239
65.64000 -2.674
65.66000 0.201
65.68000 4.903
65.70000 3.022
65.72000 2.369
65.74000 1.131
65.76000 -1.375
65.78000 -0.163
65.80000 1.932
65.82000 4.593
65.84000 4.314
65.86000 1.413
65.88000 0.763
65.90000 0.731
65.92000 2.683
65.94000 2.647
65.96000 -1.026
65.98000 1.892
66.00000 3.780
66.02000 -0.756
66.04000 -0.284
66.06000 1.263
66.08000 1.280
66.10000 0.368
66.12000 -2.711
66.14000 0.535
66.16000 0.522
66.18000 4.135
66.20000 1.415
66.22000 -1.239
66.24000 -0.742
66.26000 -0.906
66.28000 -1.712
66.30000 -0.407
66.32000 1.083
66.34000 2.161
66.36000 2.523
66.38000 1.156
66.40000 -0.423
66.42000 -0.814
66.44000 -0.409
66.46000 2.080
66.48000 2.272
66.50000 4.065
66.52000 3.274
66.54000 6.375
66.56000 0.103
66.58000 1.717
66.60000 2.374
66.62000 0.975
66.64000 -0.145
66.66000 0.734
66.68000 1.085
66.70000 2.013
66.72000 4.208
66.74000 4.156
66.76000 1.262
66.78000 4.355
66.80000 4.153
66.82000 0.641
66.84000 1.933
66.86000 5.937
66.88000 9.605
66.90000 4.949
66.92000 5.524
66.94000 6.903
66.96000 7.572
66.98000 7.116
67.00000 7.060
67.02000 5.920
67.04000 1.673
67.06000 2.701
67.08000 1.467
67.10000 4.211
67.12000 6.144
67.14000 5.688
67.16000 5.530
67.18000 7.162
67.20000 6.351
67.22000 9.232
67.24000 13.726
67.26000 14.832
67.28000 10.819
67.30000 10.643
67.32000 6.724
67.34000 5.181
67.36000 6.676
67.38000 7.418
67.40000 8.361
67.42000 8.709
67.44000 13.053
67.46000 16.642
67.48000 14.733
67.50000 12.388
67.52000 12.161
67.54000 14.620
67.56000 12.694
67.58000 13.236
67.60000 12.429
67.62000 12.543
67.64000 13.439
67.66000 16.923
67.68000 18.010
67.70000 14.310
67.72000 14.122
67.74000 17.652
67.76000 17.421
67.78000 17.138
67.80000 18.318
67.82000 18.441
67.84000 15.961
67.86000 16.168
67.88000 17.747
67.90000 18.047
67.92000 19.180
67.94000 17.867
67.96000 20.397
67.98000 18.434
68.00000 15.023
68.02000 16.118
68.04000 19.767
68.06000 21.674
68.08000 21.624
68.10000 22.740
68.12000 24.808
68.14000 26.509
68.16000 24.797
68.18000 17.353
68.20000 16.877
68.22000 18.998
68.24000 25.856
68.26000 24.764
68.28000 23.174
68.30000 24.715
68.32000 27.334
68.34000 22.866
68.36000 21.812
68.38000 23.187
68.40000 17.879
68.42000 13.285
68.44000 16.987
68.46000 19.767
68.48000 24.234
68.50000 23.945
68.52000 24.385
68.54000 22.847
68.56000 18.968
68.58000 17.299
68.60000 21.138
68.62000 21.342
68.64000 18.289
68.66000 17.540
68.68000 19.066
68.70000 23.104
68.72000 16.214
68.74000 16.597
68.76000 19.482
68.78000 23.828
68.80000 21.374
68.82000 18.677
68.84000 19.293
68.86000 17.514
68.88000 19.021
68.90000 16.432
68.92000 14.148
68.94000 11.902
68.96000 11.707
68.98000 11.603
69.00000 12.920
69.02000 17.375
69.04000 18.395
69.06000 14.994
69.08000 10.853
69.10000 10.568
69.12000 10.264
69.14000 12.089
69.16000 13.625
69.18000 8.756
69.20000 4.337
69.22000 5.073
69.24000 13.184
69.26000 12.445
69.28000 11.645
69.30000 13.751
69.32000 8.767
69.34000 6.223
69.36000 3.414
69.38000 10.586
69.40000 12.501
69.42000 4.082
69.44000 0.723
69.46000 4.435
69.48000 6.838
69.50000 6.193
69.52000 2.703
69.54000 6.708
69.56000 2.896
69.58000 3.848
69.60000 4.968
69.62000 1.577
69.64000 1.922
69.66000 1.216
69.68000 5.117
69.70000 5.513
69.72000 6.568
69.74000 4.538
69.76000 3.045
69.78000 7.504
69.80000 4.217
69.82000 0.136
69.84000 2.228
69.86000 0.717
69.88000 4.786
69.90000 3.953
69.92000 3.888
69.94000 -1.322
69.96000 -1.211
69.98000 -0.407
70.00000 3.210
70.02000 2.487
70.04000 4.401
70.06000 4.812
70.08000 6.217
70.10000 7.720
70.12000 4.178
70.14000 2.974
70.16000 3.262
70.18000 6.564
70.20000 1.810
70.22000 6.803
70.24000 7.098
70.26000 -1.169
70.28000 2.187
70.30000 3.202
70.32000 5.180
70.34000 3.635
70.36000 -2.557
70.38000 0.197
70.40000 1.578
70.42000 4.114
70.44000 7.192
70.46000 7.716
70.48000 6.676
70.50000 4.393
70.52000 2.294
70.54000 3.554
70.56000 2.141
70.58000 2.640
70.60000 4.244
70.62000 4.668
70.64000 6.299
70.66000 3.014
70.68000 2.023
70.70000 -0.062
70.72000 -0.167
70.74000 -0.260
70.76000 1.146
70.78000 2.229
70.80000 2.958
70.82000 3.074
70.84000 0.967
70.86000 -0.544
70.88000 5.686
70.90000 10.348
70.92000 3.309
70.94000 2.154
70.96000 -1.935
70.98000 1.731
71.00000 5.456
71.02000 5.076
71.04000 3.311
71.06000 1.805
71.08000 3.251
71.10000 4.466
71.12000 -1.586
71.14000 1.487
71.16000 0.842
71.18000 0.624
71.20000 4.321
71.22000 1.219
71.24000 -0.206
71.26000 -1.400
71.28000 -2.519
71.30000 0.701
71.32000 2.527
71.34000 6.365
71.36000 1.712
71.38000 0.319
71.40000 1.454
71.42000 -2.361
71.44000 3.633
71.46000 0.884
71.48000 0.668
71.50000 2.567
71.52000 -0.687
71.54000 2.049
71.56000 4.767
71.58000 12.230
71.60000 5.864
71.62000 5.640
71.64000 5.826
71.66000 -1.575
71.68000 -1.074
71.70000 -1.999
71.72000 -0.884
71.74000 -2.486
71.76000 4.019
71.78000 2.516
71.80000 0.745
71.82000 -0.953
71.84000 5.926
71.86000 2.281
71.88000 -0.184
71.90000 3.959
71.92000 5.334
71.94000 5.500
71.96000 3.925
71.98000 4.439
72.00000 6.912
72.02000 2.370
72.04000 0.699
72.06000 3.635
72.08000 5.465
72.10000 7.086
72.12000 4.411
72.14000 1.801
72.16000 4.467
72.18000 2.058
72.20000 6.108
72.22000 6.252
72.24000 6.041
72.26000 3.379
72.28000 5.056
72.30000 4.854
72.32000 6.777
72.34000 7.625
72.36000 0.809
72.38000 3.253
72.40000 7.684
72.42000 7.694
72.44000 6.254
72.46000 4.839
72.48000 5.168
72.50000 4.414
72.52000 3.591
72.54000 -2.429
72.56000 4.265
72.58000 2.848
72.60000 6.779
72.62000 5.648
72.64000 3.378
72.66000 2.333
72.68000 4.525
72.70000 8.116
72.72000 8.748
72.74000 5.424
72.76000 6.724
72.78000 6.854
72.80000 6.697
72.82000 10.399
72.84000 4.972
72.86000 7.177
72.88000 2.473
72.90000 5.917
72.92000 3.734
72.94000 4.977
72.96000 1.691
72.98000 -1.131
73.00000 -2.417
73.02000 -1.480
73.04000 1.769
73.06000 4.136
73.08000 4.176
73.10000 6.054
73.12000 12.759
73.14000 6.818
73.16000 5.284
73.18000 6.196
73.20000 0.754
73.22000 3.832
73.24000 6.098
73.26000 4.955
73.28000 3.518
73.30000 1.237
73.32000 5.264
73.34000 4.785
73.36000 -1.683
73.38000 0.981
73.40000 5.846
73.42000 6.357
73.44000 2.769
73.46000 1.496
73.48000 6.794
73.50000 4.326
73.52000 1.043
73.54000 -0.417
73.56000 3.283
73.58000 3.218
73.60000 5.978
73.62000 -1.020
73.64000 0.538
73.66000 2.958
73.68000 4.496
73.70000 -2.427
73.72000 2.504
73.74000 -1.092
73.76000 -1.488
73.78000 4.178
73.80000 2.492
73.82000 2.813
73.84000 7.585
73.86000 1.685
73.88000 0.548
73.90000 5.414
73.92000 5.668
73.94000 9.197
73.96000 5.045
73.98000 4.310
74.00000 4.164
74.02000 3.955
74.04000 6.941
74.06000 1.994
74.08000 0.136
74.10000 1.704
74.12000 4.615
74.14000 3.706
74.16000 3.844
74.18000 3.724
74.20000 -2.347
74.22000 0.455
74.24000 5.362
74.26000 6.689
74.28000 3.637
74.30000 0.071
74.32000 -0.292
74.34000 4.003
74.36000 3.303
74.38000 1.069
74.40000 0.561
74.42000 2.701
74.44000 5.111
74.46000 2.776
74.48000 2.360
74.50000 0.336
74.52000 4.886
74.54000 4.284
74.56000 3.094
74.58000 2.198
74.60000 2.571
74.62000 0.759
74.64000 3.245
74.66000 9.648
74.68000 7.870
74.70000 6.045
74.72000 9.605
74.74000 5.732
74.76000 -2.423
74.78000 1.859
74.80000 3.117
74.82000 3.354
74.84000 6.808
74.86000 9.312
74.88000 7.450
74.90000 1.228
74.92000 1.747
74.94000 2.222
74.96000 -0.082
74.98000 1.207
75.00000 6.112
75.02000 7.492
75.04000 6.623
75.06000 3.049
75.08000 2.160
75.10000 4.976
75.12000 6.257
75.14000 4.358
75.16000 7.312
75.18000 -0.039
75.20000 -2.438
75.22000 3.094
75.24000 5.286
75.26000 5.918
75.28000 4.410
75.30000 6.024
75.32000 1.422
75.34000 -1.369
75.36000 5.354
75.38000 8.566
75.40000 8.475
75.42000 5.412
75.44000 4.846
75.46000 3.302
75.48000 -0.985
75.50000 -1.635
75.52000 4.046
75.54000 2.408
75.56000 1.113
75.58000 2.524
75.60000 0.238
75.62000 -0.277
75.64000 0.009
75.66000 4.537
75.68000 5.892
75.70000 5.263
75.72000 3.769
75.74000 3.564
75.76000 4.884
75.78000 4.622
75.80000 2.935
75.82000 -0.131
75.84000 -0.251
75.86000 4.475
75.88000 2.316
75.90000 -1.758
75.92000 -1.025
75.94000 3.957
75.96000 -2.439
75.98000 5.737
76.00000 4.107
76.02000 2.012
76.04000 0.444
76.06000 2.254
76.08000 1.914
76.10000 3.878
76.12000 1.204
76.14000 7.198
76.16000 12.293
76.18000 7.298
76.20000 3.165
76.22000 2.485
76.24000 3.968
76.26000 3.101
76.28000 -0.344
76.30000 1.188
76.32000 6.985
76.34000 5.206
76.36000 4.192
76.38000 2.681
76.40000 6.980
76.42000 3.584
76.44000 6.554
76.46000 8.352
76.48000 2.729
76.50000 -2.435
76.52000 2.506
76.54000 4.524
76.56000 2.809
76.58000 1.097
76.60000 2.546
76.62000 5.466
76.64000 0.278
76.66000 2.550
76.68000 8.016
76.70000 5.718
76.72000 4.304
76.74000 1.548
76.76000 3.749
76.78000 5.772
76.80000 5.918
76.82000 4.790
76.84000 6.247
76.86000 7.748
76.88000 5.712
76.90000 -0.433
76.92000 -2.379
76.94000 3.276
76.96000 6.524
76.98000 1.156
77.00000 1.947
77.02000 2.372
77.04000 6.884
77.06000 6.382
77.08000 6.188
77.10000 1.397
77.12000 2.716
77.14000 -0.352
77.16000 2.281
77.18000 7.595
77.20000 2.299
77.22000 2.388
77.24000 2.414
77.26000 -1.794
77.28000 6.214
77.30000 4.904
77.32000 4.866
77.34000 7.005
77.36000 8.025
77.38000 5.152
77.40000 6.239
77.42000 3.413
77.44000 1.372
77.46000 0.531
77.48000 -2.488
77.50000 0.029
77.52000 5.815
77.54000 7.308
77.56000 6.687
77.58000 5.882
77.60000 2.506
77.62000 3.896
77.64000 1.022
77.66000 2.094
77.68000 2.692
77.70000 6.207
77.72000 5.040
77.74000 7.886
77.76000 2.613
77.78000 3.102
77.80000 2.160
77.82000 2.124
77.84000 3.106
77.86000 3.902
77.88000 2.368
77.90000 3.284
77.92000 2.129
77.94000 -2.474
77.96000 2.614
77.98000 5.385
78.00000 3.742
78.02000 2.608
78.04000 7.653
78.06000 6.100
78.08000 4.510
78.10000 5.178
78.12000 5.751
78.14000 2.329
78.16000 2.149
78.18000 5.347
78.20000 3.934
78.22000 7.745
78.24000 9.149
78.26000 8.721
78.28000 2.992
78.30000 2.941
78.32000 2.486
78.34000 1.538
78.36000 -1.448
78.38000 2.412
78.40000 3.913
78.42000 1.365
78.44000 -2.501
78.46000 -0.044
78.48000 6.400
78.50000 8.141
78.52000 7.054
78.54000 5.486
78.56000 3.972
78.58000 1.360
78.60000 -0.388
78.62000 2.408
78.64000 5.445
78.66000 5.892
78.68000 5.912
78.70000 7.941
78.72000 4.612
78.74000 1.453
78.76000 3.441
78.78000 1.508
78.80000 -0.709
78.82000 3.660
78.84000 5.380
78.86000 2.651
78.88000 1.536
78.90000 1.735
78.92000 1.228
78.94000 1.623
78.96000 4.762
78.98000 5.769
79.00000 5.069
79.02000 4.954
79.04000 3.523
79.06000 9.915
79.08000 8.616
79.10000 4.094
79.12000 1.321
79.14000 2.976
79.16000 -1.201
79.18000 -2.499
79.20000 1.563
79.22000 6.971
79.24000 6.388
79.26000 5.977
79.28000 6.538
79.30000 3.431
79.32000 0.813
79.34000 4.234
79.36000 2.129
79.38000 4.175
79.40000 3.075
79.42000 1.202
79.44000 8.322
79.46000 8.744
79.48000 6.170
79.50000 5.091
79.52000 0.883
79.54000 -0.898
79.56000 3.439
79.58000 4.983
79.60000 5.073
79.62000 1.724
79.64000 3.558
79.66000 5.359
79.68000 3.328
79.70000 3.560
79.72000 1.734
79.74000 3.040
79.76000 4.118
79.78000 4.615
79.80000 1.665
79.82000 -1.255
79.84000 -2.556
79.86000 0.511
79.88000 2.028
79.90000 3.945
79.92000 3.548
79.94000 3.421
79.96000 0.555
79.98000 4.624
80.00000 5.413
80.02000 7.247
80.04000 3.487
80.06000 3.251
80.08000 6.906
80.10000 6.482
80.12000 3.117
80.14000 3.883
80.16000 4.210
80.18000 2.192
80.20000 2.102
80.22000 -0.661
80.24000 5.369
80.26000 6.686
80.28000 3.047
80.30000 1.613
80.32000 1.537
80.34000 4.308
80.36000 5.008
80.38000 7.289
80.40000 9.792
80.42000 6.298
80.44000 4.399
80.46000 3.115
80.48000 -0.777
80.50000 4.010
80.52000 0.343
80.54000 9.001
80.56000 4.545
80.58000 2.406
80.60000 4.673
80.62000 4.031
80.64000 7.144
80.66000 8.340
80.68000 7.497
80.70000 8.899
80.72000 4.898
80.74000 0.321
80.76000 0.956
80.78000 2.602
80.80000 1.809
80.82000 4.264
80.84000 6.533
80.86000 5.397
80.88000 1.253
80.90000 -0.037
80.92000 1.329
80.94000 5.418
80.96000 11.651
80.98000 2.285
81.00000 6.742
81.02000 9.244
81.04000 11.144
81.06000 7.851
81.08000 9.139
81.10000 11.968
81.12000 8.552
81.14000 6.747
81.16000 4.184
81.18000 10.561
81.20000 12.650
81.22000 11.979
81.24000 13.226
81.26000 11.704
81.28000 7.506
81.30000 14.725
81.32000 16.468
81.34000 15.888
81.36000 10.924
81.38000 8.809
81.40000 11.616
81.42000 16.614
81.44000 11.312
81.46000 7.476
81.48000 11.563
81.50000 15.712
81.52000 17.106
81.54000 11.394
81.56000 10.669
81.58000 8.633
81.60000 6.685
81.62000 7.742
81.64000 11.977
81.66000 12.348
81.68000 15.308
81.70000 14.996
81.72000 10.159
81.74000 14.017
81.76000 10.137
81.78000 8.178
81.80000 15.161
81.82000 23.261
81.84000 14.527
81.86000 15.107
81.88000 17.856
81.90000 16.027
81.92000 21.239
81.94000 22.150
81.96000 22.458
81.98000 20.509
82.00000 23.497
82.02000 23.394
82.04000 24.032
82.06000 21.986
82.08000 23.451
82.10000 20.218
82.12000 21.418
82.14000 20.342
82.16000 19.410
82.18000 19.868
82.20000 22.080
82.22000 27.921
82.24000 20.541
82.26000 25.453
82.28000 25.348
82.30000 26.471
82.32000 26.289
82.34000 22.691
82.36000 20.849
82.38000 24.162
82.40000 25.266
82.42000 18.837
82.44000 23.041
82.46000 24.652
82.48000 27.823
82.50000 24.825
82.52000 23.975
82.54000 27.782
82.56000 25.493
82.58000 21.673
82.60000 18.357
82.62000 20.256
82.64000 21.150
82.66000 25.667
82.68000 28.050
82.70000 26.783
82.72000 21.760
82.74000 25.680
82.76000 22.584
82.78000 25.763
82.80000 24.320
82.82000 24.999
82.84000 24.726
82.86000 18.917
82.88000 19.152
82.90000 24.184
82.92000 24.350
82.94000 17.206
82.96000 14.057
82.98000 13.090
83.00000 11.951
83.02000 15.517
83.04000 15.520
83.06000 17.305
83.08000 16.239
83.10000 15.675
83.12000 19.911
83.14000 20.466
83.16000 15.998
83.18000 17.266
83.20000 19.621
83.22000 17.991
83.24000 15.045
83.26000 18.598
83.28000 16.566
83.30000 9.182
83.32000 13.292
83.34000 19.556
83.36000 15.114
83.38000 16.072
83.40000 15.557
83.42000 14.044
83.44000 14.375
83.46000 13.955
83.48000 13.063
83.50000 6.918
83.52000 6.468
83.54000 9.581
83.56000 14.510
83.58000 14.458
83.60000 14.100
83.62000 7.820
83.64000 6.928
83.66000 12.474
83.68000 8.309
83.70000 11.626
83.72000 7.812
83.74000 8.594
83.76000 6.137
83.78000 6.716
83.80000 11.226
83.82000 4.467
83.84000 4.055
83.86000 6.274
83.88000 12.558
83.90000 9.784
83.92000 4.375
83.94000 -0.527
83.96000 7.838
83.98000 3.367
84.00000 5.821
84.02000 7.422
84.04000 8.152
84.06000 3.974
84.08000 4.096
84.10000 5.679
84.12000 8.176
84.14000 -0.494
84.16000 -2.588
84.18000 0.982
84.20000 2.780
84.22000 7.668
84.24000 6.597
84.26000 4.799
84.28000 3.848
84.30000 5.675
84.32000 6.093
84.34000 7.035
84.36000 6.052
84.38000 7.331
84.40000 9.935
84.42000 5.076
84.44000 1.035
84.46000 1.208
84.48000 2.468
84.50000 3.341
84.52000 2.028
84.54000 2.378
84.56000 2.919
84.58000 7.190
84.60000 9.468
84.62000 3.630
84.64000 -0.496
84.66000 -0.002
84.68000 4.970
84.70000 3.801
84.72000 1.762
84.74000 0.822
84.76000 2.110
84.78000 6.297
84.80000 2.277
84.82000 4.653
84.84000 5.342
84.86000 6.559
84.88000 3.374
84.90000 5.148
84.92000 2.633
84.94000 -0.299
84.96000 -2.258
84.98000 0.345
85.00000 0.929
85.02000 0.952
85.04000 2.155
85.06000 6.141
85.08000 7.454
85.10000 1.975
85.12000 3.517
85.14000 -0.381
85.16000 0.190
85.18000 3.336
85.20000 3.555
85.22000 1.852
85.24000 -1.923
85.26000 2.454
85.28000 5.330
85.30000 3.827
85.32000 4.344
85.34000 2.830
85.36000 -2.562
85.38000 0.449
85.40000 2.008
85.42000 0.768
85.44000 1.778
85.46000 0.665
85.48000 3.053
85.50000 3.642
85.52000 3.545
85.54000 7.214
85.56000 7.682
85.58000 5.500
85.60000 6.388
85.62000 8.509
85.64000 8.404
85.66000 3.747
85.68000 1.889
85.70000 0.337
85.72000 9.035
85.74000 3.996
85.76000 5.400
85.78000 6.040
85.80000 0.414
85.82000 6.368
85.84000 10.131
85.86000 7.607
85.88000 9.256
85.90000 3.444
85.92000 -0.710
85.94000 4.343
85.96000 12.319
85.98000 15.333
86.00000 10.805
86.02000 11.343
86.04000 12.375
86.06000 14.726
86.08000 17.104
86.10000 15.297
86.12000 10.298
86.14000 7.381
86.16000 6.355
86.18000 8.963
86.20000 16.093
86.22000 13.523
86.24000 9.105
86.26000 10.746
86.28000 12.341
86.30000 14.147
86.32000 15.704
86.34000 18.574
86.36000 16.329
86.38000 14.414
86.40000 17.509
86.42000 17.020
86.44000 18.704
86.46000 20.330
86.48000 24.224
86.50000 25.359
86.52000 23.978
86.54000 22.042
86.56000 21.186
86.58000 22.741
86.60000 27.944
86.62000 23.136
86.64000 17.456
86.66000 22.981
86.68000 26.116
86.70000 20.254
86.72000 18.863
86.74000 28.881
86.76000 32.050
86.78000 22.623
86.80000 15.654
86.82000 23.853
86.84000 23.449
86.86000 20.752
86.88000 23.199
86.90000 27.734
86.92000 19.396
86.94000 21.343
86.96000 28.426
86.98000 27.214
87.00000 28.260
87.02000 29.395
87.04000 25.479
87.06000 20.697
87.08000 18.324
87.10000 19.583
87.12000 14.428
87.14000 19.439
87.16000 25.281
87.18000 20.237
87.20000 21.349
87.22000 20.186
87.24000 21.845
87.26000 18.170
87.28000 22.941
87.30000 22.873
87.32000 19.868
87.34000 20.242
87.36000 20.782
87.38000 23.672
87.40000 24.979
87.42000 11.671
87.44000 13.202
87.46000 11.137
87.48000 11.446
87.50000 16.242
87.52000 15.800
87.54000 9.189
87.56000 10.992
87.58000 14.026
87.60000 12.081
87.62000 12.259
87.64000 12.698
87.66000 7.861
87.68000 10.098
87.70000 13.622
87.72000 20.115
87.74000 12.594
87.76000 8.581
87.78000 13.428
87.80000 17.858
87.82000 13.487
87.84000 10.710
87.86000 11.833
87.88000 9.244
87.90000 5.698
87.92000 8.133
87.94000 4.960
87.96000 8.840
87.98000 7.715
88.00000 9.352
88.02000 9.568
88.04000 9.612
88.06000 7.761
88.08000 7.717
88.10000 7.765
88.12000 7.045
88.14000 6.264
88.16000 8.478
88.18000 6.273
88.20000 5.137
88.22000 8.404
88.24000 7.267
88.26000 11.702
88.28000 5.464
88.30000 5.757
88.32000 8.200
88.34000 6.115
88.36000 5.442
88.38000 4.838
88.40000 7.375
88.42000 4.145
88.44000 1.766
88.46000 3.324
88.48000 3.735
88.50000 1.533
88.52000 2.310
88.54000 6.410
88.56000 3.757
88.58000 1.769
88.60000 3.664
88.62000 7.351
88.64000 9.032
88.66000 3.332
88.68000 5.429
88.70000 1.827
88.72000 3.644
88.74000 6.867
88.76000 4.804
88.78000 2.031
88.80000 -2.371
88.82000 -0.602
88.84000 10.032
88.86000 6.706
88.88000 6.862
88.90000 6.985
88.92000 3.304
88.94000 3.302
88.96000 3.745
88.98000 5.698
89.00000 5.376
89.02000 4.500
89.04000 3.643
89.06000 3.041
89.08000 5.112
89.10000 3.350
89.12000 4.550
89.14000 1.448
89.16000 1.933
89.18000 5.136
89.20000 10.624
89.22000 4.085
89.24000 -2.304
89.26000 1.400
89.28000 4.709
89.30000 1.997
89.32000 4.940
89.34000 6.006
89.36000 2.654
89.38000 7.586
89.40000 5.829
89.42000 4.629
89.44000 5.609
89.46000 5.827
89.48000 7.685
89.50000 6.499
89.52000 8.707
89.54000 7.683
89.56000 8.605
89.58000 6.519
89.60000 8.425
89.62000 3.770
89.64000 1.438
89.66000 1.970
89.68000 3.293
89.70000 5.867
89.72000 9.047
89.74000 3.026
89.76000 0.118
89.78000 3.512
89.80000 7.465
89.82000 0.620
89.84000 1.980
89.86000 4.513
89.88000 0.514
89.90000 4.710
89.92000 6.781
89.94000 6.764
89.96000 2.701
89.98000 -0.805
90.00000 -1.628
90.02000 -0.281
90.04000 4.994
90.06000 8.617
90.08000 1.776
90.10000 -1.241
90.12000 0.036
90.14000 -1.490
90.16000 2.777
90.18000 2.609
90.20000 3.503
90.22000 2.881
90.24000 4.662
90.26000 2.246
90.28000 1.497
90.30000 3.768
90.32000 4.910
90.34000 0.615
90.36000 0.429
90.38000 -0.596
90.40000 1.055
90.42000 2.470
90.44000 8.188
90.46000 4.406
90.48000 3.749
90.50000 -2.331
90.52000 -1.181
90.54000 3.643
90.56000 3.236
90.58000 4.804
90.60000 4.006
90.62000 1.520
90.64000 -0.072
90.66000 1.671
90.68000 2.326
90.70000 2.612
90.72000 6.184
90.74000 3.325
90.76000 4.424
90.78000 4.043
90.80000 3.364
90.82000 0.870
90.84000 3.789
90.86000 3.324
90.88000 3.246
90.90000 10.865
90.92000 6.032
90.94000 1.268
90.96000 3.209
90.98000 7.082
91.00000 3.281
91.02000 4.695
91.04000 1.720
91.06000 -0.165
91.08000 2.995
91.10000 -0.272
91.12000 -1.474
91.14000 4.006
91.16000 1.467
91.18000 4.136
91.20000 0.724
91.22000 -2.335
91.24000 -0.303
91.26000 -1.404
91.28000 -1.383
91.30000 1.624
91.32000 -1.009
91.34000 -1.250
91.36000 -0.219
91.38000 2.657
91.40000 -0.894
91.42000 3.738
91.44000 3.680
91.46000 1.765
91.48000 3.675
91.50000 4.229
91.52000 5.253
91.54000 8.096
91.56000 5.831
91.58000 4.697
91.60000 1.746
91.62000 0.103
91.64000 4.389
91.66000 6.312
91.68000 3.564
91.70000 11.994
91.72000 12.216
91.74000 3.906
91.76000 -1.665
91.78000 -0.035
91.80000 1.376
91.82000 4.072
91.84000 2.604
91.86000 -0.343
91.88000 -1.582
91.90000 3.106
91.92000 1.906
91.94000 -1.902
91.96000 1.255
91.98000 -0.561
92.00000 3.443
92.02000 5.631
92.04000 5.283
92.06000 7.922
92.08000 6.621
92.10000 6.189
92.12000 6.571
92.14000 -2.325
92.16000 0.437
92.18000 9.324
92.20000 6.950
92.22000 0.126
92.24000 -0.690
92.26000 0.064
92.28000 0.214
92.30000 7.561
92.32000 9.770
92.34000 6.271
92.36000 2.967
92.38000 0.493
92.40000 -1.848
92.42000 -0.663
92.44000 1.465
92.46000 3.137
92.48000 4.363
92.50000 4.101
92.52000 6.625
92.54000 5.870
92.56000 1.788
92.58000 -1.422
92.60000 3.254
92.62000 3.918
92.64000 2.072
92.66000 0.436
92.68000 1.268
92.70000 4.046
92.72000 0.458
92.74000 0.335
92.76000 1.969
92.78000 0.349
92.80000 1.630
92.82000 3.119
92.84000 3.108
92.86000 3.860
92.88000 5.763
92.90000 6.739
92.92000 4.775
92.94000 0.336
92.96000 -0.763
92.98000 -1.701
93.00000 -1.239
93.02000 -2.345
93.04000 -1.144
93.06000 3.880
93.08000 5.138
93.10000 -0.272
93.12000 2.574
93.14000 7.318
93.16000 7.148
93.18000 2.396
93.20000 -0.965
93.22000 -1.816
93.24000 0.266
93.26000 3.811
93.28000 10.374
93.30000 6.071
93.32000 7.238
93.34000 0.786
93.36000 1.773
93.38000 6.062
93.40000 7.048
93.42000 6.601
93.44000 3.295
93.46000 4.816
93.48000 1.326
93.50000 4.188
93.52000 6.113
93.54000 5.866
93.56000 5.168
93.58000 7.388
93.60000 6.860
93.62000 1.116
93.64000 2.322
93.66000 -0.013
93.68000 -1.997
93.70000 -1.058
93.72000 4.965
93.74000 2.904
93.76000 -1.305
93.78000 1.178
93.80000 3.305
93.82000 2.100
93.84000 -2.302
93.86000 1.284
93.88000 0.660
93.90000 3.275
93.92000 0.314
93.94000 -1.782
93.96000 -0.969
93.98000 7.724
94.00000 5.779
94.02000 4.124
94.04000 3.785
94.06000 2.621
94.08000 -0.052
94.10000 -2.338
94.12000 4.144
94.14000 4.643
94.16000 3.598
94.18000 1.623
94.20000 4.895
94.22000 3.425
94.24000 1.611
94.26000 4.005
94.28000 1.368
94.30000 4.621
94.32000 5.276
94.34000 -0.305
94.36000 -0.895
94.38000 2.689
94.40000 -2.333
94.42000 0.863
94.44000 3.514
94.46000 3.541
94.48000 3.208
94.50000 3.143
94.52000 1.805
94.54000 1.949
94.56000 3.641
94.58000 1.934
94.60000 1.592
94.62000 1.922
94.64000 6.571
94.66000 6.549
94.68000 8.662
94.70000 4.474
94.72000 4.302
94.74000 -0.135
94.76000 1.387
94.78000 6.796
94.80000 8.822
94.82000 9.247
94.84000 10.800
94.86000 6.354
94.88000 4.220
94.90000 9.657
94.92000 12.201
94.94000 8.004
94.96000 7.908
94.98000 7.183
95.00000 12.313
95.02000 15.412
95.04000 7.449
95.06000 5.737
95.08000 3.364
95.10000 2.691
95.12000 6.082
95.14000 4.623
95.16000 4.691
95.18000 2.750
95.20000 0.706
95.22000 -0.344
95.24000 3.168
95.26000 4.186
95.28000 5.362
95.30000 6.688
95.32000 11.445
95.34000 9.375
95.36000 5.245
95.38000 4.331
95.40000 4.767
95.42000 4.112
95.44000 4.114
95.46000 3.946
95.48000 2.985
95.50000 1.343
95.52000 6.381
95.54000 5.424
95.56000 1.871
95.58000 3.687
95.60000 3.236
95.62000 0.718
95.64000 3.342
95.66000 5.498
95.68000 1.753
95.70000 7.089
95.72000 9.189
95.74000 9.163
95.76000 6.232
95.78000 5.719
95.80000 9.069
95.82000 8.641
95.84000 3.828
95.86000 2.256
95.88000 10.978
95.90000 8.241
95.92000 2.333
95.94000 0.000
95.96000 -2.299
95.98000 0.251
96.00000 9.412
96.02000 10.247
96.04000 7.423
96.06000 1.694
96.08000 5.163
96.10000 2.236
96.12000 2.417
96.14000 5.469
96.16000 6.445
96.18000 3.679
96.20000 12.805
96.22000 1.803
96.24000 6.293
96.26000 7.783
96.28000 7.414
96.30000 3.309
96.32000 7.138
96.34000 11.409
96.36000 12.172
96.38000 9.452
96.40000 3.633
96.42000 9.203
96.44000 1.729
96.46000 -0.414
96.48000 4.584
96.50000 9.530
96.52000 6.607
96.54000 6.385
96.56000 11.026
96.58000 8.831
96.60000 12.416
96.62000 7.098
96.64000 -2.288
96.66000 1.517
96.68000 1.709
96.70000 6.614
96.72000 7.798
96.74000 5.151
96.76000 7.381
96.78000 8.605
96.80000 6.521
96.82000 9.778
96.84000 9.230
96.86000 -1.093
96.88000 4.746
96.90000 6.063
96.92000 5.454
96.94000 6.929
96.96000 7.807
96.98000 12.256
97.00000 12.011
97.02000 11.249
97.04000 7.838
97.06000 7.135
97.08000 6.891
97.10000 8.380
97.12000 0.164
97.14000 7.475
97.16000 6.643
97.18000 5.450
97.20000 12.013
97.22000 8.577
97.24000 7.837
97.26000 4.594
97.28000 4.933
97.30000 2.478
97.32000 -2.288
97.34000 5.861
97.36000 4.363
97.38000 7.400
97.40000 11.255
97.42000 6.337
97.44000 5.240
97.46000 5.648
97.48000 5.442
97.50000 12.356
97.52000 9.547
97.54000 4.333
97.56000 7.467
97.58000 6.298
97.60000 8.946
97.62000 7.598
97.64000 -1.726
97.66000 -2.638
97.68000 14.548
97.70000 17.137
97.72000 5.607
97.74000 0.945
97.76000 1.436
97.78000 0.564
97.80000 5.223
97.82000 7.342
97.84000 9.027
97.86000 9.431
97.88000 3.785
97.90000 2.322
97.92000 5.699
97.94000 -0.912
97.96000 -0.768
97.98000 4.485
98.00000 4.265
98.02000 4.161
98.04000 12.213
98.06000 4.879
98.08000 -1.291
98.10000 -0.372
98.12000 1.321
98.14000 3.919
98.16000 6.034
98.18000 2.004
98.20000 7.861
98.22000 6.438
98.24000 8.780
98.26000 3.564
98.28000 4.839
98.30000 6.881
98.32000 2.296
98.34000 5.549
98.36000 -1.333
98.38000 5.492
98.40000 1.905
98.42000 1.301
98.44000 -0.323
98.46000 5.213
98.48000 10.280
98.50000 4.341
98.52000 1.565
98.54000 8.545
98.56000 9.369
98.58000 13.004
98.60000 8.877
98.62000 6.160
98.64000 6.966
98.66000 2.739
98.68000 3.694
98.70000 4.743
98.72000 8.701
98.74000 15.205
98.76000 10.188
98.78000 5.381
98.80000 14.092
98.82000 5.780
98.84000 3.485
98.86000 8.682
98.88000 0.553
98.90000 3.872
98.92000 1.922
98.94000 2.842
98.96000 5.679
98.98000 3.514
99.00000 -1.763
99.02000 2.062
99.04000 7.576
99.06000 4.352
99.08000 6.998
99.10000 1.896
99.12000 3.822
99.14000 6.650
99.16000 9.889
99.18000 4.513
99.20000 4.059
99.22000 6.571
99.24000 15.033
99.26000 8.859
99.28000 -4.093
99.30000 3.807
99.32000 7.619
99.34000 0.633
99.36000 2.696
99.38000 9.183
99.40000 15.313
99.42000 5.587
99.44000 5.226
99.46000 10.800
99.48000 10.902
99.50000 6.077
99.52000 5.898
99.54000 1.166
99.56000 -0.973
99.58000 3.713
99.60000 3.542
99.62000 -2.242
99.64000 3.002
99.66000 5.820
99.68000 3.027
99.70000 8.636
99.72000 -2.462
99.74000 3.302
99.76000 4.664
99.78000 3.413
99.80000 12.101
99.82000 16.941
99.84000 16.168
99.86000 17.072
99.88000 12.206
99.90000 5.213
99.92000 6.064
99.94000 4.513
99.96000 0.964
99.98000 0.000
