'Id: "0011389" Comment: "Integrate frame 0011389_Au-Ir-Rh_Au-Rich_XRD_Mapping-137-0000.gfrmwith cursor Wedge Cursor #5" Operator: "B?rgel" Anode: "Cu" Wavelength: "1.5406" Scantype: "2Theta (TwoTheta)" TimePerStep: "1" X: "-40.5" Y: "-4.5" Z: "5.95" 
10.00000 0.000
10.02000 -5.571
10.04000 -4.594
10.06000 5.405
10.08000 -2.416
10.10000 5.213
10.12000 15.804
10.14000 13.302
10.16000 9.881
10.18000 27.888
10.20000 5.953
10.22000 -3.116
10.24000 3.317
10.26000 4.565
10.28000 4.990
10.30000 8.651
10.32000 10.057
10.34000 18.950
10.36000 7.056
10.38000 10.719
10.40000 19.414
10.42000 14.631
10.44000 0.969
10.46000 -4.554
10.48000 1.029
10.50000 17.421
10.52000 14.753
10.54000 15.359
10.56000 4.935
10.58000 1.363
10.60000 -1.010
10.62000 17.693
10.64000 11.227
10.66000 10.125
10.68000 20.442
10.70000 18.405
10.72000 19.285
10.74000 23.523
10.76000 7.375
10.78000 3.150
10.80000 5.582
10.82000 2.292
10.84000 8.912
10.86000 13.183
10.88000 27.641
10.90000 19.242
10.92000 -2.801
10.94000 12.420
10.96000 19.543
10.98000 11.699
11.00000 8.389
11.02000 8.020
11.04000 12.092
11.06000 3.146
11.08000 5.386
11.10000 22.748
11.12000 17.776
11.14000 16.670
11.16000 22.408
11.18000 26.404
11.20000 14.715
11.22000 8.580
11.24000 7.236
11.26000 4.899
11.28000 19.262
11.30000 8.096
11.32000 4.081
11.34000 3.526
11.36000 -4.490
11.38000 16.297
11.40000 25.717
11.42000 13.282
11.44000 17.651
11.46000 18.284
11.48000 9.661
11.50000 14.404
11.52000 9.069
11.54000 9.763
11.56000 8.817
11.58000 14.597
11.60000 6.689
11.62000 8.312
11.64000 2.616
11.66000 3.820
11.68000 7.569
11.70000 17.072
11.72000 15.947
11.74000 13.293
11.76000 16.258
11.78000 14.053
11.80000 18.807
11.82000 11.521
11.84000 21.223
11.86000 9.114
11.88000 11.577
11.90000 4.754
11.92000 4.611
11.94000 10.468
11.96000 19.466
11.98000 13.167
12.00000 13.809
12.02000 8.382
12.04000 13.587
12.06000 21.362
12.08000 13.300
12.10000 12.844
12.12000 12.404
12.14000 16.691
12.16000 12.570
12.18000 11.871
12.20000 8.827
12.22000 18.764
12.24000 25.545
12.26000 10.796
12.28000 12.569
12.30000 9.176
12.32000 17.590
12.34000 18.762
12.36000 14.043
12.38000 9.184
12.40000 13.109
12.42000 14.861
12.44000 21.045
12.46000 15.790
12.48000 13.427
12.50000 10.252
12.52000 2.453
12.54000 13.959
12.56000 17.640
12.58000 13.057
12.60000 18.282
12.62000 12.671
12.64000 15.045
12.66000 18.227
12.68000 17.085
12.70000 26.844
12.72000 27.103
12.74000 9.321
12.76000 12.599
12.78000 15.177
12.80000 22.415
12.82000 26.222
12.84000 12.323
12.86000 -4.437
12.88000 -3.386
12.90000 14.183
12.92000 11.495
12.94000 12.234
12.96000 12.935
12.98000 4.157
13.00000 20.040
13.02000 21.678
13.04000 2.784
13.06000 9.695
13.08000 11.994
13.10000 13.736
13.12000 13.187
13.14000 16.065
13.16000 24.368
13.18000 26.488
13.20000 17.724
13.22000 17.418
13.24000 20.464
13.26000 11.473
13.28000 9.046
13.30000 8.013
13.32000 7.809
13.34000 13.581
13.36000 11.585
13.38000 11.837
13.40000 16.552
13.42000 17.901
13.44000 21.153
13.46000 20.169
13.48000 14.704
13.50000 16.222
13.52000 14.380
13.54000 13.972
13.56000 13.305
13.58000 12.359
13.60000 12.484
13.62000 17.243
13.64000 10.047
13.66000 15.237
13.68000 6.467
13.70000 14.993
13.72000 13.567
13.74000 9.352
13.76000 14.214
13.78000 15.718
13.80000 9.960
13.82000 9.286
13.84000 10.348
13.86000 10.394
13.88000 16.057
13.90000 11.281
13.92000 17.730
13.94000 17.032
13.96000 5.536
13.98000 7.402
14.00000 8.235
14.02000 8.070
14.04000 15.411
14.06000 8.825
14.08000 1.599
14.10000 11.172
14.12000 12.395
14.14000 6.278
14.16000 5.842
14.18000 4.321
14.20000 6.313
14.22000 10.908
14.24000 7.944
14.26000 5.583
14.28000 7.820
14.30000 11.111
14.32000 2.536
14.34000 7.474
14.36000 11.706
14.38000 8.986
14.40000 9.946
14.42000 11.995
14.44000 17.523
14.46000 8.090
14.48000 7.644
14.50000 1.557
14.52000 3.466
14.54000 18.171
14.56000 12.261
14.58000 11.839
14.60000 6.643
14.62000 5.798
14.64000 5.520
14.66000 6.186
14.68000 11.287
14.70000 2.868
14.72000 1.216
14.74000 8.512
14.76000 5.561
14.78000 -2.056
14.80000 -0.008
14.82000 4.126
14.84000 9.758
14.86000 10.532
14.88000 14.118
14.90000 16.847
14.92000 8.394
14.94000 7.364
14.96000 13.815
14.98000 9.408
15.00000 10.880
15.02000 9.486
15.04000 2.022
15.06000 9.564
15.08000 12.846
15.10000 0.041
15.12000 -0.933
15.14000 3.497
15.16000 10.165
15.18000 6.851
15.20000 -0.440
15.22000 1.190
15.24000 -4.272
15.26000 1.430
15.28000 6.278
15.30000 6.198
15.32000 6.095
15.34000 9.721
15.36000 11.915
15.38000 14.106
15.40000 2.161
15.42000 -1.199
15.44000 2.328
15.46000 12.043
15.48000 2.749
15.50000 8.648
15.52000 4.444
15.54000 12.619
15.56000 11.863
15.58000 0.931
15.60000 0.163
15.62000 1.931
15.64000 0.507
15.66000 4.379
15.68000 5.305
15.70000 13.068
15.72000 4.546
15.74000 2.619
15.76000 3.471
15.78000 4.160
15.80000 8.128
15.82000 9.343
15.84000 11.068
15.86000 -1.648
15.88000 -4.443
15.90000 1.599
15.92000 3.447
15.94000 6.535
15.96000 5.045
15.98000 2.413
16.00000 1.950
16.02000 10.930
16.04000 10.603
16.06000 7.276
16.08000 8.725
16.10000 10.711
16.12000 9.806
16.14000 6.197
16.16000 -0.114
16.18000 -1.538
16.20000 0.522
16.22000 8.323
16.24000 8.845
16.26000 8.133
16.28000 11.884
16.30000 6.948
16.32000 9.108
16.34000 2.652
16.36000 1.561
16.38000 0.521
16.40000 2.924
16.42000 -0.540
16.44000 2.383
16.46000 12.645
16.48000 7.884
16.50000 6.384
16.52000 6.412
16.54000 4.527
16.56000 1.743
16.58000 2.236
16.60000 5.589
16.62000 4.427
16.64000 7.165
16.66000 4.587
16.68000 4.192
16.70000 5.082
16.72000 0.804
16.74000 -4.048
16.76000 4.047
16.78000 12.475
16.80000 7.509
16.82000 2.194
16.84000 3.643
16.86000 7.298
16.88000 7.282
16.90000 2.349
16.92000 -2.902
16.94000 -4.390
16.96000 0.279
16.98000 9.819
17.00000 5.927
17.02000 12.592
17.04000 14.919
17.06000 7.783
17.08000 6.098
17.10000 1.566
17.12000 4.003
17.14000 10.108
17.16000 11.233
17.18000 2.951
17.20000 -1.181
17.22000 2.918
17.24000 8.611
17.26000 9.647
17.28000 5.442
17.30000 17.455
17.32000 14.002
17.34000 9.061
17.36000 3.466
17.38000 1.278
17.40000 -2.783
17.42000 2.230
17.44000 4.113
17.46000 5.631
17.48000 3.442
17.50000 0.884
17.52000 1.216
17.54000 5.451
17.56000 3.810
17.58000 1.775
17.60000 -4.358
17.62000 -0.665
17.64000 2.117
17.66000 6.710
17.68000 13.907
17.70000 3.108
17.72000 1.157
17.74000 5.118
17.76000 4.762
17.78000 2.473
17.80000 0.558
17.82000 3.113
17.84000 6.183
17.86000 4.861
17.88000 2.179
17.90000 -1.142
17.92000 2.883
17.94000 3.378
17.96000 -2.119
17.98000 -0.588
18.00000 7.522
18.02000 3.597
18.04000 2.637
18.06000 1.400
18.08000 3.332
18.10000 5.313
18.12000 3.758
18.14000 8.298
18.16000 4.515
18.18000 -3.680
18.20000 -3.570
18.22000 1.255
18.24000 1.854
18.26000 5.813
18.28000 -0.231
18.30000 5.928
18.32000 0.424
18.34000 -0.148
18.36000 2.071
18.38000 6.499
18.40000 1.772
18.42000 8.846
18.44000 6.788
18.46000 1.573
18.48000 4.185
18.50000 1.641
18.52000 -2.643
18.54000 6.268
18.56000 8.908
18.58000 8.619
18.60000 7.842
18.62000 0.847
18.64000 -1.243
18.66000 1.905
18.68000 2.168
18.70000 3.736
18.72000 -0.305
18.74000 -2.123
18.76000 0.951
18.78000 2.093
18.80000 -1.473
18.82000 -2.204
18.84000 5.337
18.86000 6.823
18.88000 1.601
18.90000 1.096
18.92000 2.308
18.94000 1.930
18.96000 4.501
18.98000 -0.919
19.00000 2.726
19.02000 6.826
19.04000 8.434
19.06000 9.939
19.08000 3.465
19.10000 -2.960
19.12000 -2.852
19.14000 3.536
19.16000 2.935
19.18000 6.234
19.20000 4.695
19.22000 -1.219
19.24000 7.076
19.26000 9.008
19.28000 4.695
19.30000 -1.196
19.32000 2.445
19.34000 9.551
19.36000 7.037
19.38000 0.695
19.40000 -2.289
19.42000 1.986
19.44000 6.432
19.46000 3.297
19.48000 4.482
19.50000 4.577
19.52000 0.347
19.54000 1.231
19.56000 -4.237
19.58000 1.027
19.60000 3.560
19.62000 3.693
19.64000 4.661
19.66000 8.382
19.68000 6.997
19.70000 4.375
19.72000 5.454
19.74000 3.366
19.76000 2.575
19.78000 6.310
19.80000 4.884
19.82000 3.420
19.84000 1.358
19.86000 6.575
19.88000 -3.007
19.90000 0.084
19.92000 1.166
19.94000 9.265
19.96000 11.398
19.98000 2.793
20.00000 -3.591
20.02000 1.575
20.04000 10.933
20.06000 5.063
20.08000 1.393
20.10000 6.267
20.12000 6.602
20.14000 2.245
20.16000 4.222
20.18000 4.427
20.20000 4.239
20.22000 1.452
20.24000 1.618
20.26000 2.359
20.28000 6.864
20.30000 13.576
20.32000 9.815
20.34000 4.779
20.36000 8.734
20.38000 8.845
20.40000 10.119
20.42000 5.507
20.44000 3.951
20.46000 -1.377
20.48000 -4.180
20.50000 11.526
20.52000 8.619
20.54000 9.511
20.56000 10.424
20.58000 7.963
20.60000 2.775
20.62000 4.907
20.64000 1.567
20.66000 3.418
20.68000 4.037
20.70000 -1.515
20.72000 5.387
20.74000 6.056
20.76000 -1.180
20.78000 2.529
20.80000 0.465
20.82000 3.368
20.84000 9.401
20.86000 7.585
20.88000 3.006
20.90000 1.757
20.92000 4.598
20.94000 2.854
20.96000 3.156
20.98000 8.700
21.00000 10.579
21.02000 5.704
21.04000 13.446
21.06000 11.365
21.08000 7.778
21.10000 -0.509
21.12000 0.002
21.14000 6.812
21.16000 7.735
21.18000 7.101
21.20000 -1.375
21.22000 -4.128
21.24000 3.897
21.26000 7.812
21.28000 3.637
21.30000 5.110
21.32000 10.047
21.34000 8.834
21.36000 10.906
21.38000 7.354
21.40000 7.997
21.42000 2.567
21.44000 4.875
21.46000 4.597
21.48000 -1.025
21.50000 2.379
21.52000 5.054
21.54000 4.244
21.56000 8.781
21.58000 8.681
21.60000 7.579
21.62000 0.808
21.64000 -4.100
21.66000 2.384
21.68000 9.649
21.70000 8.356
21.72000 10.161
21.74000 4.516
21.76000 4.240
21.78000 9.328
21.80000 10.305
21.82000 11.934
21.84000 6.215
21.86000 1.963
21.88000 -0.990
21.90000 2.487
21.92000 6.334
21.94000 5.096
21.96000 -1.454
21.98000 -3.388
22.00000 9.419
22.02000 14.635
22.04000 4.722
22.06000 2.646
22.08000 1.923
22.10000 0.979
22.12000 -3.034
22.14000 2.336
22.16000 3.654
22.18000 2.533
22.20000 3.513
22.22000 -0.495
22.24000 -1.771
22.26000 -3.432
22.28000 -1.790
22.30000 6.128
22.32000 10.843
22.34000 10.351
22.36000 3.937
22.38000 6.230
22.40000 -0.685
22.42000 -4.089
22.44000 4.226
22.46000 4.127
22.48000 4.302
22.50000 3.165
22.52000 4.254
22.54000 10.229
22.56000 6.269
22.58000 6.594
22.60000 4.473
22.62000 2.656
22.64000 2.442
22.66000 3.823
22.68000 6.013
22.70000 1.246
22.72000 -0.431
22.74000 3.984
22.76000 2.082
22.78000 3.643
22.80000 1.886
22.82000 3.524
22.84000 -1.666
22.86000 -0.977
22.88000 -0.652
22.90000 3.106
22.92000 2.662
22.94000 1.770
22.96000 5.753
22.98000 3.024
23.00000 11.548
23.02000 5.181
23.04000 -0.127
23.06000 1.367
23.08000 10.969
23.10000 9.250
23.12000 0.702
23.14000 -2.298
23.16000 -3.706
23.18000 4.221
23.20000 9.209
23.22000 6.241
23.24000 5.429
23.26000 4.961
23.28000 4.196
23.30000 5.331
23.32000 -1.727
23.34000 -1.683
23.36000 -1.186
23.38000 1.956
23.40000 2.384
23.42000 4.893
23.44000 1.915
23.46000 0.794
23.48000 6.342
23.50000 8.292
23.52000 7.501
23.54000 -3.473
23.56000 1.904
23.58000 8.969
23.60000 1.167
23.62000 -0.029
23.64000 4.871
23.66000 2.439
23.68000 -0.767
23.70000 2.963
23.72000 7.055
23.74000 8.753
23.76000 3.115
23.78000 7.470
23.80000 3.575
23.82000 0.286
23.84000 -1.550
23.86000 -1.556
23.88000 -2.064
23.90000 -3.340
23.92000 -1.685
23.94000 2.301
23.96000 1.541
23.98000 1.319
24.00000 -0.402
24.02000 -2.576
24.04000 2.893
24.06000 2.886
24.08000 -0.786
24.10000 0.521
24.12000 5.126
24.14000 5.478
24.16000 3.418
24.18000 -1.813
24.20000 0.364
24.22000 5.967
24.24000 8.229
24.26000 3.827
24.28000 -2.303
24.30000 -3.970
24.32000 -3.733
24.34000 2.423
24.36000 7.257
24.38000 6.717
24.40000 3.954
24.42000 3.699
24.44000 4.937
24.46000 6.819
24.48000 2.862
24.50000 4.182
24.52000 5.015
24.54000 7.363
24.56000 8.794
24.58000 3.619
24.60000 8.240
24.62000 5.111
24.64000 -0.615
24.66000 -3.167
24.68000 2.441
24.70000 6.679
24.72000 9.587
24.74000 8.543
24.76000 3.219
24.78000 5.772
24.80000 0.922
24.82000 2.310
24.84000 3.844
24.86000 4.817
24.88000 3.229
24.90000 -0.735
24.92000 1.187
24.94000 4.910
24.96000 4.358
24.98000 3.674
25.00000 -0.020
25.02000 -0.172
25.04000 3.755
25.06000 8.603
25.08000 4.295
25.10000 3.386
25.12000 -0.044
25.14000 3.756
25.16000 2.943
25.18000 2.872
25.20000 4.654
25.22000 4.169
25.24000 4.348
25.26000 3.165
25.28000 1.593
25.30000 1.630
25.32000 0.466
25.34000 -1.429
25.36000 4.628
25.38000 4.876
25.40000 7.373
25.42000 6.201
25.44000 -0.214
25.46000 2.412
25.48000 -1.151
25.50000 0.684
25.52000 -1.845
25.54000 -3.256
25.56000 0.832
25.58000 -1.836
25.60000 -0.589
25.62000 8.270
25.64000 4.584
25.66000 5.498
25.68000 0.820
25.70000 -1.217
25.72000 -3.322
25.74000 0.598
25.76000 3.057
25.78000 3.624
25.80000 4.019
25.82000 4.339
25.84000 4.315
25.86000 7.629
25.88000 3.034
25.90000 2.112
25.92000 4.434
25.94000 2.180
25.96000 3.162
25.98000 6.061
26.00000 6.052
26.02000 6.014
26.04000 5.282
26.06000 6.410
26.08000 6.194
26.10000 5.875
26.12000 6.033
26.14000 4.430
26.16000 -3.875
26.18000 -3.630
26.20000 3.504
26.22000 5.007
26.24000 3.156
26.26000 1.691
26.28000 -0.262
26.30000 5.614
26.32000 2.582
26.34000 3.859
26.36000 3.012
26.38000 1.665
26.40000 3.109
26.42000 4.998
26.44000 10.366
26.46000 10.468
26.48000 10.345
26.50000 10.149
26.52000 1.230
26.54000 -3.839
26.56000 4.395
26.58000 3.746
26.60000 1.733
26.62000 2.560
26.64000 3.911
26.66000 3.390
26.68000 0.073
26.70000 -0.572
26.72000 0.111
26.74000 7.964
26.76000 7.324
26.78000 0.425
26.80000 -0.293
26.82000 3.395
26.84000 6.364
26.86000 4.364
26.88000 2.564
26.90000 2.064
26.92000 2.094
26.94000 -0.191
26.96000 0.205
26.98000 5.018
27.00000 5.104
27.02000 4.126
27.04000 -0.714
27.06000 1.284
27.08000 5.429
27.10000 -3.817
27.12000 -0.058
27.14000 2.400
27.16000 1.572
27.18000 6.803
27.20000 4.244
27.22000 6.758
27.24000 3.628
27.26000 -1.023
27.28000 3.011
27.30000 7.641
27.32000 10.257
27.34000 6.210
27.36000 3.626
27.38000 3.853
27.40000 1.613
27.42000 -1.443
27.44000 0.324
27.46000 5.370
27.48000 4.173
27.50000 0.258
27.52000 2.714
27.54000 2.263
27.56000 5.397
27.58000 4.621
27.60000 3.442
27.62000 1.505
27.64000 5.242
27.66000 3.275
27.68000 5.026
27.70000 2.404
27.72000 4.555
27.74000 7.377
27.76000 3.366
27.78000 3.900
27.80000 1.335
27.82000 2.340
27.84000 3.926
27.86000 1.686
27.88000 5.137
27.90000 -0.797
27.92000 -0.511
27.94000 3.393
27.96000 1.045
27.98000 5.781
28.00000 2.545
28.02000 -0.514
28.04000 0.896
28.06000 5.584
28.08000 6.038
28.10000 8.146
28.12000 4.481
28.14000 2.360
28.16000 3.002
28.18000 3.522
28.20000 4.631
28.22000 7.394
28.24000 6.149
28.26000 7.103
28.28000 7.649
28.30000 11.336
28.32000 5.253
28.34000 2.778
28.36000 5.303
28.38000 6.699
28.40000 10.628
28.42000 7.099
28.44000 3.773
28.46000 2.997
28.48000 1.803
28.50000 1.793
28.52000 4.872
28.54000 10.316
28.56000 8.836
28.58000 4.725
28.60000 0.319
28.62000 -3.710
28.64000 -2.596
28.66000 1.429
28.68000 3.168
28.70000 5.460
28.72000 -0.633
28.74000 2.701
28.76000 6.011
28.78000 4.360
28.80000 6.867
28.82000 8.591
28.84000 9.973
28.86000 7.409
28.88000 6.284
28.90000 7.747
28.92000 7.253
28.94000 2.632
28.96000 1.454
28.98000 3.477
29.00000 11.912
29.02000 7.200
29.04000 4.303
29.06000 10.017
29.08000 8.614
29.10000 8.509
29.12000 3.980
29.14000 2.453
29.16000 6.184
29.18000 1.755
29.20000 2.812
29.22000 0.013
29.24000 0.588
29.26000 3.042
29.28000 6.491
29.30000 6.829
29.32000 7.186
29.34000 5.180
29.36000 1.372
29.38000 5.745
29.40000 9.202
29.42000 12.398
29.44000 10.370
29.46000 11.717
29.48000 9.815
29.50000 8.856
29.52000 6.572
29.54000 -3.646
29.56000 -2.004
29.58000 6.711
29.60000 7.766
29.62000 5.771
29.64000 6.481
29.66000 7.716
29.68000 4.010
29.70000 6.838
29.72000 11.065
29.74000 7.816
29.76000 8.282
29.78000 5.944
29.80000 4.510
29.82000 7.412
29.84000 7.432
29.86000 7.066
29.88000 4.482
29.90000 3.875
29.92000 3.510
29.94000 0.842
29.96000 2.548
29.98000 7.181
30.00000 14.909
30.02000 6.547
30.04000 5.978
30.06000 2.334
30.08000 0.775
30.10000 2.721
30.12000 5.109
30.14000 3.089
30.16000 5.135
30.18000 2.705
30.20000 1.553
30.22000 1.796
30.24000 2.846
30.26000 3.204
30.28000 3.691
30.30000 4.641
30.32000 3.904
30.34000 4.623
30.36000 5.251
30.38000 2.950
30.40000 6.690
30.42000 6.665
30.44000 3.012
30.46000 5.012
30.48000 3.133
30.50000 5.704
30.52000 9.030
30.54000 6.415
30.56000 6.874
30.58000 1.966
30.60000 6.961
30.62000 6.502
30.64000 6.248
30.66000 8.604
30.68000 4.443
30.70000 3.538
30.72000 5.218
30.74000 7.355
30.76000 7.557
30.78000 1.945
30.80000 6.172
30.82000 -1.405
30.84000 -3.638
30.86000 4.769
30.88000 4.685
30.90000 4.531
30.92000 6.686
30.94000 5.031
30.96000 6.805
30.98000 6.917
31.00000 5.887
31.02000 2.948
31.04000 0.901
31.06000 4.517
31.08000 9.662
31.10000 1.533
31.12000 -3.634
31.14000 -2.392
31.16000 2.122
31.18000 4.055
31.20000 6.575
31.22000 0.612
31.24000 5.095
31.26000 5.378
31.28000 3.247
31.30000 0.971
31.32000 1.490
31.34000 0.936
31.36000 2.705
31.38000 2.691
31.40000 -1.630
31.42000 4.307
31.44000 3.081
31.46000 -1.049
31.48000 3.135
31.50000 4.837
31.52000 1.040
31.54000 -1.140
31.56000 -2.185
31.58000 -2.531
31.60000 0.288
31.62000 3.911
31.64000 4.711
31.66000 1.953
31.68000 0.899
31.70000 -0.247
31.72000 1.070
31.74000 3.905
31.76000 1.785
31.78000 -3.629
31.80000 -2.498
31.82000 5.034
31.84000 -0.549
31.86000 -3.628
31.88000 -2.459
31.90000 -0.079
31.92000 2.309
31.94000 2.801
31.96000 3.681
31.98000 2.857
32.00000 3.854
32.02000 5.023
32.04000 2.140
32.06000 -1.257
32.08000 -3.525
32.10000 -3.453
32.12000 5.697
32.14000 4.613
32.16000 -1.488
32.18000 1.957
32.20000 4.553
32.22000 -2.740
32.24000 -1.507
32.26000 0.643
32.28000 -1.105
32.30000 -0.256
32.32000 -0.802
32.34000 -0.434
32.36000 0.204
32.38000 1.003
32.40000 -0.206
32.42000 -0.568
32.44000 -0.852
32.46000 -2.238
32.48000 3.571
32.50000 4.630
32.52000 2.604
32.54000 4.060
32.56000 6.085
32.58000 -0.125
32.60000 3.705
32.62000 1.188
32.64000 -2.565
32.66000 3.972
32.68000 1.543
32.70000 2.174
32.72000 0.301
32.74000 1.651
32.76000 0.145
32.78000 1.542
32.80000 2.385
32.82000 1.073
32.84000 0.444
32.86000 -3.611
32.88000 0.499
32.90000 -0.693
32.92000 0.228
32.94000 2.031
32.96000 -1.734
32.98000 1.372
33.00000 6.203
33.02000 4.228
33.04000 3.436
33.06000 1.871
33.08000 1.647
33.10000 2.095
33.12000 3.576
33.14000 3.632
33.16000 5.514
33.18000 2.692
33.20000 4.494
33.22000 8.533
33.24000 6.099
33.26000 7.109
33.28000 3.358
33.30000 2.986
33.32000 -0.303
33.34000 -2.437
33.36000 -1.064
33.38000 2.085
33.40000 0.458
33.42000 1.427
33.44000 3.433
33.46000 -0.238
33.48000 -0.123
33.50000 2.128
33.52000 4.341
33.54000 7.319
33.56000 3.164
33.58000 -2.595
33.60000 4.049
33.62000 3.266
33.64000 6.525
33.66000 8.368
33.68000 8.527
33.70000 3.949
33.72000 3.090
33.74000 2.239
33.76000 2.192
33.78000 3.287
33.80000 1.806
33.82000 3.845
33.84000 5.913
33.86000 1.977
33.88000 0.048
33.90000 -0.028
33.92000 4.805
33.94000 4.992
33.96000 3.159
33.98000 -2.083
34.00000 -2.738
34.02000 -0.051
34.04000 -1.444
34.06000 -0.818
34.08000 3.167
34.10000 5.656
34.12000 2.061
34.14000 4.668
34.16000 3.227
34.18000 3.596
34.20000 9.196
34.22000 8.791
34.24000 5.108
34.26000 3.512
34.28000 3.072
34.30000 5.768
34.32000 3.637
34.34000 9.665
34.36000 4.129
34.38000 1.638
34.40000 -3.572
34.42000 1.692
34.44000 -0.339
34.46000 1.013
34.48000 2.632
34.50000 1.102
34.52000 5.693
34.54000 2.062
34.56000 2.812
34.58000 5.529
34.60000 5.199
34.62000 3.002
34.64000 3.259
34.66000 -1.861
34.68000 0.999
34.70000 2.380
34.72000 -0.458
34.74000 -0.864
34.76000 -3.578
34.78000 -0.748
34.80000 4.885
34.82000 5.764
34.84000 2.432
34.86000 6.157
34.88000 6.517
34.90000 2.874
34.92000 1.647
34.94000 0.817
34.96000 -3.333
34.98000 0.173
35.00000 7.245
35.02000 7.427
35.04000 0.065
35.06000 -3.252
35.08000 -0.905
35.10000 -0.768
35.12000 0.386
35.14000 3.284
35.16000 3.164
35.18000 0.927
35.20000 2.325
35.22000 2.952
35.24000 5.526
35.26000 2.097
35.28000 2.282
35.30000 0.966
35.32000 -0.575
35.34000 -3.583
35.36000 2.283
35.38000 0.908
35.40000 -3.056
35.42000 3.270
35.44000 6.931
35.46000 2.231
35.48000 -1.367
35.50000 0.875
35.52000 -0.177
35.54000 1.138
35.56000 -0.136
35.58000 4.897
35.60000 4.171
35.62000 -2.150
35.64000 2.005
35.66000 2.414
35.68000 5.121
35.70000 3.735
35.72000 4.088
35.74000 -0.026
35.76000 2.858
35.78000 3.199
35.80000 5.993
35.82000 -0.151
35.84000 0.713
35.86000 1.286
35.88000 1.860
35.90000 1.512
35.92000 2.922
35.94000 2.443
35.96000 5.294
35.98000 10.349
36.00000 3.476
36.02000 -1.574
36.04000 2.490
36.06000 1.024
36.08000 -3.616
36.10000 5.092
36.12000 3.414
36.14000 0.514
36.16000 0.756
36.18000 2.192
36.20000 3.299
36.22000 1.009
36.24000 2.860
36.26000 0.658
36.28000 2.117
36.30000 -2.982
36.32000 -1.123
36.34000 -3.631
36.36000 1.108
36.38000 5.580
36.40000 3.336
36.42000 -0.399
36.44000 -0.066
36.46000 1.296
36.48000 4.450
36.50000 4.278
36.52000 -1.365
36.54000 4.956
36.56000 2.921
36.58000 5.778
36.60000 4.068
36.62000 5.517
36.64000 3.827
36.66000 3.695
36.68000 3.315
36.70000 0.061
36.72000 -0.596
36.74000 6.300
36.76000 6.575
36.78000 1.483
36.80000 0.558
36.82000 4.426
36.84000 3.447
36.86000 5.363
36.88000 4.434
36.90000 3.951
36.92000 3.232
36.94000 8.054
36.96000 6.061
36.98000 5.962
37.00000 2.869
37.02000 -1.333
37.04000 4.897
37.06000 11.971
37.08000 6.332
37.10000 9.990
37.12000 10.935
37.14000 6.288
37.16000 7.553
37.18000 7.455
37.20000 12.021
37.22000 15.110
37.24000 12.069
37.26000 11.715
37.28000 9.632
37.30000 12.966
37.32000 13.376
37.34000 9.437
37.36000 5.332
37.38000 12.545
37.40000 10.603
37.42000 15.038
37.44000 12.252
37.46000 13.898
37.48000 10.965
37.50000 10.939
37.52000 13.275
37.54000 15.033
37.56000 18.312
37.58000 20.093
37.60000 17.688
37.62000 20.112
37.64000 19.829
37.66000 19.907
37.68000 18.093
37.70000 17.408
37.72000 18.995
37.74000 23.833
37.76000 19.694
37.78000 20.827
37.80000 23.377
37.82000 23.311
37.84000 22.363
37.86000 23.917
37.88000 27.084
37.90000 30.472
37.92000 29.072
37.94000 30.715
37.96000 25.366
37.98000 29.587
38.00000 27.827
38.02000 30.293
38.04000 33.086
38.06000 35.346
38.08000 35.593
38.10000 37.585
38.12000 43.353
38.14000 46.155
38.16000 44.348
38.18000 48.361
38.20000 47.580
38.22000 51.276
38.24000 53.637
38.26000 53.948
38.28000 55.315
38.30000 54.971
38.32000 59.085
38.34000 62.420
38.36000 65.841
38.38000 64.521
38.40000 69.480
38.42000 68.281
38.44000 77.094
38.46000 81.396
38.48000 85.024
38.50000 93.571
38.52000 95.795
38.54000 101.423
38.56000 104.485
38.58000 108.964
38.60000 113.692
38.62000 123.602
38.64000 132.408
38.66000 138.687
38.68000 150.940
38.70000 163.359
38.72000 171.108
38.74000 175.417
38.76000 180.891
38.78000 192.010
38.80000 205.262
38.82000 221.578
38.84000 236.012
38.86000 248.337
38.88000 256.990
38.90000 275.334
38.92000 287.403
38.94000 304.687
38.96000 329.370
38.98000 345.170
39.00000 362.833
39.02000 375.966
39.04000 389.394
39.06000 398.898
39.08000 422.624
39.10000 432.647
39.12000 435.630
39.14000 449.750
39.16000 452.596
39.18000 449.788
39.20000 439.193
39.22000 445.841
39.24000 459.337
39.26000 462.772
39.28000 454.008
39.30000 446.595
39.32000 434.083
39.34000 423.326
39.36000 416.014
39.38000 404.450
39.40000 379.949
39.42000 371.308
39.44000 363.525
39.46000 349.225
39.48000 335.658
39.50000 313.934
39.52000 297.691
39.54000 286.807
39.56000 273.422
39.58000 254.521
39.60000 240.492
39.62000 225.134
39.64000 205.308
39.66000 192.486
39.68000 180.220
39.70000 169.992
39.72000 166.310
39.74000 151.565
39.76000 148.931
39.78000 138.325
39.80000 125.213
39.82000 120.220
39.84000 117.239
39.86000 107.781
39.88000 98.999
39.90000 95.647
39.92000 94.363
39.94000 85.075
39.96000 72.139
39.98000 69.207
40.00000 68.444
40.02000 63.784
40.04000 65.684
40.06000 60.485
40.08000 53.036
40.10000 52.357
40.12000 48.476
40.14000 47.715
40.16000 46.457
40.18000 43.907
40.20000 40.283
40.22000 37.019
40.24000 34.228
40.26000 39.883
40.28000 37.299
40.30000 32.227
40.32000 29.649
40.34000 32.772
40.36000 32.943
40.38000 33.874
40.40000 25.606
40.42000 27.376
40.44000 21.995
40.46000 19.484
40.48000 22.048
40.50000 23.167
40.52000 20.718
40.54000 20.876
40.56000 19.885
40.58000 15.844
40.60000 13.672
40.62000 17.590
40.64000 19.177
40.66000 11.919
40.68000 11.445
40.70000 13.665
40.72000 17.118
40.74000 20.386
40.76000 17.765
40.78000 15.049
40.80000 10.280
40.82000 12.839
40.84000 12.597
40.86000 10.949
40.88000 16.034
40.90000 12.895
40.92000 10.815
40.94000 8.092
40.96000 8.018
40.98000 8.006
41.00000 7.835
41.02000 7.848
41.04000 8.625
41.06000 8.646
41.08000 8.084
41.10000 8.985
41.12000 9.376
41.14000 5.386
41.16000 4.431
41.18000 7.877
41.20000 6.533
41.22000 6.554
41.24000 4.060
41.26000 1.206
41.28000 1.499
41.30000 1.957
41.32000 2.147
41.34000 3.213
41.36000 4.662
41.38000 7.523
41.40000 6.947
41.42000 2.205
41.44000 1.930
41.46000 0.365
41.48000 3.435
41.50000 3.173
41.52000 -0.280
41.54000 3.054
41.56000 4.265
41.58000 1.000
41.60000 -0.476
41.62000 4.269
41.64000 4.343
41.66000 1.904
41.68000 2.743
41.70000 3.561
41.72000 2.228
41.74000 5.214
41.76000 3.132
41.78000 1.205
41.80000 2.278
41.82000 6.205
41.84000 7.689
41.86000 1.510
41.88000 -3.403
41.90000 -3.441
41.92000 -0.475
41.94000 1.754
41.96000 -0.280
41.98000 4.562
42.00000 1.272
42.02000 -1.598
42.04000 1.569
42.06000 0.789
42.08000 -0.977
42.10000 -2.012
42.12000 0.727
42.14000 2.717
42.16000 4.488
42.18000 0.446
42.20000 0.068
42.22000 3.354
42.24000 0.441
42.26000 0.598
42.28000 -0.983
42.30000 1.409
42.32000 2.915
42.34000 2.366
42.36000 -1.512
42.38000 -0.478
42.40000 2.949
42.42000 1.678
42.44000 -2.290
42.46000 -1.494
42.48000 3.629
42.50000 4.903
42.52000 0.879
42.54000 -2.995
42.56000 -2.473
42.58000 2.272
42.60000 0.733
42.62000 -0.362
42.64000 -3.352
42.66000 -0.901
42.68000 -1.481
42.70000 0.104
42.72000 1.461
42.74000 0.491
42.76000 -2.810
42.78000 0.010
42.80000 0.189
42.82000 -1.082
42.84000 2.627
42.86000 -0.837
42.88000 2.788
42.90000 -3.324
42.92000 -1.502
42.94000 -0.633
42.96000 1.655
42.98000 -1.786
43.00000 -2.093
43.02000 4.114
43.04000 4.905
43.06000 4.213
43.08000 2.769
43.10000 3.668
43.12000 1.023
43.14000 0.299
43.16000 1.782
43.18000 0.754
43.20000 -0.035
43.22000 0.939
43.24000 -3.232
43.26000 -0.545
43.28000 -1.161
43.30000 0.604
43.32000 4.009
43.34000 -0.082
43.36000 -2.104
43.38000 -2.206
43.40000 -1.490
43.42000 -0.385
43.44000 -1.489
43.46000 1.152
43.48000 1.159
43.50000 2.127
43.52000 1.777
43.54000 2.814
43.56000 1.477
43.58000 2.336
43.60000 2.470
43.62000 0.207
43.64000 0.202
43.66000 -3.241
43.68000 -0.412
43.70000 3.434
43.72000 5.833
43.74000 3.322
43.76000 3.045
43.78000 0.231
43.80000 -0.390
43.82000 3.213
43.84000 1.307
43.86000 0.462
43.88000 0.315
43.90000 -1.084
43.92000 0.641
43.94000 2.657
43.96000 6.315
43.98000 1.635
44.00000 2.271
44.02000 -0.963
44.04000 5.129
44.06000 8.269
44.08000 1.837
44.10000 1.561
44.12000 2.896
44.14000 3.711
44.16000 5.524
44.18000 2.070
44.20000 -0.746
44.22000 -3.211
44.24000 -2.130
44.26000 0.018
44.28000 3.064
44.30000 2.763
44.32000 -0.061
44.34000 2.309
44.36000 2.519
44.38000 3.988
44.40000 8.993
44.42000 5.658
44.44000 4.433
44.46000 4.482
44.48000 2.480
44.50000 0.928
44.52000 2.963
44.54000 2.331
44.56000 3.127
44.58000 3.738
44.60000 3.563
44.62000 4.161
44.64000 7.233
44.66000 11.385
44.68000 13.056
44.70000 10.886
44.72000 10.085
44.74000 8.701
44.76000 8.859
44.78000 8.186
44.80000 7.454
44.82000 6.780
44.84000 9.417
44.86000 10.023
44.88000 10.804
44.90000 9.614
44.92000 12.640
44.94000 14.708
44.96000 14.599
44.98000 18.002
45.00000 16.044
45.02000 18.125
45.04000 18.730
45.06000 19.009
45.08000 20.292
45.10000 18.726
45.12000 18.006
45.14000 22.113
45.16000 24.462
45.18000 23.937
45.20000 26.504
45.22000 28.714
45.24000 32.673
45.26000 30.920
45.28000 35.853
45.30000 36.469
45.32000 35.487
45.34000 37.526
45.36000 44.833
45.38000 46.978
45.40000 45.807
45.42000 48.959
45.44000 49.169
45.46000 46.546
45.48000 44.432
45.50000 50.118
45.52000 51.684
45.54000 49.816
45.56000 58.449
45.58000 58.947
45.60000 53.904
45.62000 54.967
45.64000 61.003
45.66000 61.280
45.68000 58.576
45.70000 62.516
45.72000 62.779
45.74000 64.480
45.76000 60.922
45.78000 64.865
45.80000 61.453
45.82000 61.841
45.84000 61.013
45.86000 58.559
45.88000 63.966
45.90000 63.850
45.92000 61.337
45.94000 63.318
45.96000 57.929
45.98000 54.579
46.00000 54.434
46.02000 53.384
46.04000 47.808
46.06000 48.648
46.08000 49.555
46.10000 42.642
46.12000 42.282
46.14000 39.707
46.16000 37.596
46.18000 39.077
46.20000 34.863
46.22000 36.153
46.24000 36.119
46.26000 29.919
46.28000 23.835
46.30000 22.466
46.32000 23.172
46.34000 25.808
46.36000 23.416
46.38000 19.436
46.40000 15.556
46.42000 14.931
46.44000 20.758
46.46000 18.065
46.48000 16.603
46.50000 15.724
46.52000 9.652
46.54000 6.924
46.56000 7.677
46.58000 3.178
46.60000 9.175
46.62000 12.293
46.64000 9.920
46.66000 9.212
46.68000 9.114
46.70000 10.217
46.72000 9.844
46.74000 5.246
46.76000 4.645
46.78000 4.326
46.80000 -0.527
46.82000 -0.711
46.84000 1.915
46.86000 3.380
46.88000 2.043
46.90000 0.434
46.92000 1.714
46.94000 3.137
46.96000 3.596
46.98000 2.949
47.00000 -0.887
47.02000 -1.779
47.04000 -2.801
47.06000 -2.199
47.08000 -1.541
47.10000 -2.110
47.12000 -2.937
47.14000 -2.514
47.16000 -2.919
47.18000 2.290
47.20000 0.185
47.22000 -0.450
47.24000 -2.206
47.26000 -0.461
47.28000 0.709
47.30000 1.213
47.32000 0.008
47.34000 -1.560
47.36000 -2.894
47.38000 2.137
47.40000 -1.490
47.42000 -0.134
47.44000 0.487
47.46000 -1.180
47.48000 0.658
47.50000 0.715
47.52000 3.060
47.54000 3.541
47.56000 3.998
47.58000 4.215
47.60000 3.178
47.62000 0.925
47.64000 2.274
47.66000 0.008
47.68000 0.693
47.70000 2.728
47.72000 1.637
47.74000 -0.303
47.76000 0.096
47.78000 3.071
47.80000 1.819
47.82000 -2.807
47.84000 -1.121
47.86000 0.505
47.88000 2.229
47.90000 1.712
47.92000 1.191
47.94000 1.705
47.96000 4.643
47.98000 2.263
48.00000 1.550
48.02000 2.465
48.04000 2.315
48.06000 -2.302
48.08000 2.992
48.10000 3.720
48.12000 2.547
48.14000 2.220
48.16000 4.653
48.18000 6.872
48.20000 4.974
48.22000 -0.136
48.24000 4.748
48.26000 0.634
48.28000 -0.495
48.30000 2.071
48.32000 4.687
48.34000 7.049
48.36000 1.536
48.38000 -0.812
48.40000 -0.200
48.42000 1.637
48.44000 0.805
48.46000 -1.334
48.48000 0.704
48.50000 1.423
48.52000 2.893
48.54000 5.117
48.56000 1.227
48.58000 2.133
48.60000 1.915
48.62000 1.113
48.64000 2.911
48.66000 3.091
48.68000 0.345
48.70000 -0.021
48.72000 2.548
48.74000 3.242
48.76000 1.195
48.78000 0.690
48.80000 5.986
48.82000 10.158
48.84000 5.448
48.86000 -0.417
48.88000 -0.454
48.90000 2.339
48.92000 1.204
48.94000 0.949
48.96000 -1.703
48.98000 0.976
49.00000 0.655
49.02000 -2.696
49.04000 0.604
49.06000 5.182
49.08000 5.920
49.10000 4.318
49.12000 0.222
49.14000 0.349
49.16000 -0.175
49.18000 -2.182
49.20000 1.788
49.22000 4.994
49.24000 1.429
49.26000 -0.315
49.28000 1.950
49.30000 4.225
49.32000 2.367
49.34000 1.575
49.36000 3.025
49.38000 1.665
49.40000 2.059
49.42000 1.882
49.44000 -1.271
49.46000 1.800
49.48000 2.344
49.50000 4.590
49.52000 1.121
49.54000 0.507
49.56000 -0.530
49.58000 0.289
49.60000 2.486
49.62000 -0.491
49.64000 -0.821
49.66000 0.048
49.68000 0.965
49.70000 0.201
49.72000 0.528
49.74000 3.068
49.76000 9.534
49.78000 5.215
49.80000 0.843
49.82000 -1.476
49.84000 0.130
49.86000 2.286
49.88000 1.719
49.90000 2.934
49.92000 4.096
49.94000 2.292
49.96000 2.771
49.98000 2.797
50.00000 1.466
50.02000 -0.732
50.04000 0.342
50.06000 4.307
50.08000 3.879
50.10000 2.560
50.12000 -0.687
50.14000 -2.191
50.16000 -2.460
50.18000 -1.884
50.20000 0.166
50.22000 -1.359
50.24000 0.053
50.26000 0.340
50.28000 1.084
50.30000 2.167
50.32000 0.530
50.34000 3.729
50.36000 5.570
50.38000 2.461
50.40000 -2.662
50.42000 1.997
50.44000 1.190
50.46000 -1.140
50.48000 -2.394
50.50000 0.023
50.52000 1.087
50.54000 -1.041
50.56000 -0.321
50.58000 4.112
50.60000 3.797
50.62000 -1.052
50.64000 -1.226
50.66000 -1.705
50.68000 3.868
50.70000 4.886
50.72000 1.299
50.74000 2.431
50.76000 2.276
50.78000 5.129
50.80000 3.250
50.82000 -0.793
50.84000 -0.730
50.86000 3.489
50.88000 2.328
50.90000 3.991
50.92000 4.817
50.94000 2.081
50.96000 -1.939
50.98000 2.245
51.00000 2.798
51.02000 2.526
51.04000 3.006
51.06000 3.577
51.08000 0.754
51.10000 -2.642
51.12000 -1.449
51.14000 3.040
51.16000 1.147
51.18000 1.062
51.20000 -1.125
51.22000 1.289
51.24000 1.879
51.26000 5.856
51.28000 2.464
51.30000 0.330
51.32000 -1.654
51.34000 2.980
51.36000 3.128
51.38000 4.412
51.40000 2.286
51.42000 3.028
51.44000 5.483
51.46000 3.305
51.48000 4.290
51.50000 3.553
51.52000 2.677
51.54000 1.919
51.56000 1.774
51.58000 3.885
51.60000 3.547
51.62000 6.049
51.64000 1.865
51.66000 -1.451
51.68000 0.536
51.70000 5.156
51.72000 -0.639
51.74000 -0.843
51.76000 0.977
51.78000 3.959
51.80000 3.475
51.82000 3.741
51.84000 1.773
51.86000 1.359
51.88000 1.147
51.90000 4.539
51.92000 2.354
51.94000 2.904
51.96000 0.409
51.98000 -1.094
52.00000 3.221
52.02000 4.171
52.04000 4.105
52.06000 3.382
52.08000 5.011
52.10000 -2.560
52.12000 -1.892
52.14000 2.231
52.16000 2.552
52.18000 1.844
52.20000 3.140
52.22000 -0.397
52.24000 3.262
52.26000 5.497
52.28000 2.655
52.30000 -0.409
52.32000 -1.906
52.34000 -2.581
52.36000 0.989
52.38000 2.964
52.40000 2.813
52.42000 4.110
52.44000 3.791
52.46000 1.557
52.48000 1.937
52.50000 1.738
52.52000 4.221
52.54000 6.039
52.56000 2.163
52.58000 2.211
52.60000 1.875
52.62000 2.838
52.64000 5.006
52.66000 3.205
52.68000 3.688
52.70000 2.347
52.72000 1.969
52.74000 4.588
52.76000 6.902
52.78000 3.339
52.80000 2.286
52.82000 1.554
52.84000 -2.552
52.86000 0.590
52.88000 3.766
52.90000 6.527
52.92000 6.600
52.94000 5.287
52.96000 5.474
52.98000 3.207
53.00000 5.392
53.02000 2.175
53.04000 -1.791
53.06000 2.691
53.08000 1.690
53.10000 3.419
53.12000 3.546
53.14000 3.028
53.16000 2.950
53.18000 5.398
53.20000 4.880
53.22000 4.556
53.24000 2.196
53.26000 4.813
53.28000 1.861
53.30000 2.184
53.32000 4.700
53.34000 2.682
53.36000 1.958
53.38000 3.326
53.40000 5.133
53.42000 2.931
53.44000 0.168
53.46000 0.746
53.48000 2.274
53.50000 4.247
53.52000 -0.268
53.54000 -1.724
53.56000 -1.707
53.58000 -1.700
53.60000 0.353
53.62000 1.286
53.64000 2.856
53.66000 2.196
53.68000 1.948
53.70000 3.700
53.72000 2.562
53.74000 1.979
53.76000 1.657
53.78000 -1.232
53.80000 2.818
53.82000 1.107
53.84000 3.009
53.86000 2.299
53.88000 -1.497
53.90000 1.456
53.92000 6.763
53.94000 4.399
53.96000 0.021
53.98000 -1.801
54.00000 -1.186
54.02000 0.464
54.04000 -1.196
54.06000 -0.653
54.08000 -1.525
54.10000 -0.254
54.12000 -0.042
54.14000 -0.167
54.16000 0.340
54.18000 -0.443
54.20000 2.771
54.22000 1.313
54.24000 -0.047
54.26000 0.684
54.28000 4.681
54.30000 5.257
54.32000 0.028
54.34000 -0.104
54.36000 -0.601
54.38000 -2.401
54.40000 -0.042
54.42000 -0.420
54.44000 0.172
54.46000 0.815
54.48000 3.106
54.50000 1.314
54.52000 1.562
54.54000 -0.252
54.56000 1.456
54.58000 1.777
54.60000 1.648
54.62000 3.102
54.64000 2.302
54.66000 -1.030
54.68000 0.399
54.70000 -1.882
54.72000 -2.404
54.74000 -2.559
54.76000 1.284
54.78000 2.689
54.80000 6.087
54.82000 5.024
54.84000 2.950
54.86000 1.313
54.88000 7.514
54.90000 -0.347
54.92000 -0.157
54.94000 4.313
54.96000 1.093
54.98000 -0.361
55.00000 0.239
55.02000 -0.059
55.04000 0.991
55.06000 2.421
55.08000 4.858
55.10000 3.742
55.12000 -0.402
55.14000 2.336
55.16000 1.951
55.18000 1.323
55.20000 -1.783
55.22000 -0.164
55.24000 4.036
55.26000 3.015
55.28000 -1.539
55.30000 1.519
55.32000 1.587
55.34000 0.242
55.36000 -2.323
55.38000 -0.831
55.40000 3.904
55.42000 3.980
55.44000 3.732
55.46000 3.349
55.48000 2.155
55.50000 4.430
55.52000 1.346
55.54000 -1.432
55.56000 2.124
55.58000 1.424
55.60000 -2.538
55.62000 1.663
55.64000 1.611
55.66000 2.906
55.68000 0.899
55.70000 -0.685
55.72000 4.788
55.74000 1.050
55.76000 -0.845
55.78000 2.372
55.80000 3.303
55.82000 0.494
55.84000 -2.076
55.86000 1.772
55.88000 4.080
55.90000 5.360
55.92000 1.464
55.94000 0.076
55.96000 0.118
55.98000 3.982
56.00000 8.057
56.02000 4.363
56.04000 3.212
56.06000 2.351
56.08000 2.559
56.10000 5.525
56.12000 4.115
56.14000 4.376
56.16000 7.731
56.18000 5.691
56.20000 2.922
56.22000 0.405
56.24000 -2.493
56.26000 1.474
56.28000 4.085
56.30000 2.754
56.32000 6.019
56.34000 5.714
56.36000 4.657
56.38000 6.492
56.40000 6.009
56.42000 3.904
56.44000 5.448
56.46000 2.389
56.48000 1.037
56.50000 0.005
56.52000 2.020
56.54000 4.184
56.56000 1.734
56.58000 8.219
56.60000 3.094
56.62000 6.378
56.64000 2.760
56.66000 1.612
56.68000 4.044
56.70000 3.581
56.72000 4.001
56.74000 4.216
56.76000 3.177
56.78000 1.444
56.80000 -2.462
56.82000 -0.578
56.84000 1.120
56.86000 2.207
56.88000 1.390
56.90000 0.706
56.92000 2.436
56.94000 0.840
56.96000 0.721
56.98000 -0.063
57.00000 1.046
57.02000 1.537
57.04000 2.353
57.06000 2.746
57.08000 5.510
57.10000 3.906
57.12000 5.195
57.14000 6.314
57.16000 5.492
57.18000 3.693
57.20000 3.366
57.22000 1.519
57.24000 6.434
57.26000 5.869
57.28000 1.181
57.30000 -1.154
57.32000 0.714
57.34000 1.001
57.36000 2.961
57.38000 4.339
57.40000 -1.452
57.42000 1.311
57.44000 5.403
57.46000 7.088
57.48000 5.245
57.50000 3.123
57.52000 0.814
57.54000 2.218
57.56000 -2.391
57.58000 -1.175
57.60000 -0.660
57.62000 -2.148
57.64000 0.124
57.66000 2.980
57.68000 0.888
57.70000 1.748
57.72000 1.177
57.74000 -1.023
57.76000 -0.538
57.78000 2.000
57.80000 1.527
57.82000 0.418
57.84000 -0.736
57.86000 -1.639
57.88000 3.657
57.90000 4.927
57.92000 2.839
57.94000 6.243
57.96000 2.219
57.98000 -0.017
58.00000 -1.082
58.02000 -0.053
58.04000 2.102
58.06000 3.929
58.08000 0.316
58.10000 0.587
58.12000 1.176
58.14000 1.878
58.16000 0.637
58.18000 0.737
58.20000 2.429
58.22000 0.253
58.24000 3.351
58.26000 2.833
58.28000 3.443
58.30000 2.319
58.32000 1.519
58.34000 3.412
58.36000 0.830
58.38000 -0.156
58.40000 2.917
58.42000 1.305
58.44000 1.002
58.46000 3.977
58.48000 2.859
58.50000 -2.431
58.52000 -0.215
58.54000 0.838
58.56000 2.347
58.58000 -0.931
58.60000 1.474
58.62000 -0.943
58.64000 4.486
58.66000 4.737
58.68000 4.582
58.70000 2.964
58.72000 1.585
58.74000 5.365
58.76000 2.806
58.78000 1.209
58.80000 0.955
58.82000 -1.345
58.84000 1.106
58.86000 -2.120
58.88000 0.819
58.90000 0.803
58.92000 -0.233
58.94000 1.957
58.96000 2.817
58.98000 1.158
59.00000 1.839
59.02000 2.616
59.04000 5.977
59.06000 3.895
59.08000 -0.443
59.10000 3.412
59.12000 3.227
59.14000 2.545
59.16000 0.053
59.18000 -1.146
59.20000 -2.404
59.22000 3.184
59.24000 3.130
59.26000 2.940
59.28000 3.518
59.30000 1.882
59.32000 0.490
59.34000 -1.601
59.36000 3.572
59.38000 2.096
59.40000 0.661
59.42000 1.423
59.44000 3.183
59.46000 5.717
59.48000 3.833
59.50000 3.559
59.52000 5.383
59.54000 2.114
59.56000 1.129
59.58000 -1.061
59.60000 4.669
59.62000 4.843
59.64000 -0.175
59.66000 0.050
59.68000 1.630
59.70000 2.877
59.72000 -1.050
59.74000 0.039
59.76000 2.153
59.78000 2.964
59.80000 -0.046
59.82000 -0.949
59.84000 -0.464
59.86000 -0.900
59.88000 -1.860
59.90000 -2.384
59.92000 -2.362
59.94000 -1.610
59.96000 1.691
59.98000 1.703
60.00000 3.589
60.02000 3.355
60.04000 0.842
60.06000 3.564
60.08000 6.702
60.10000 3.762
60.12000 2.653
60.14000 1.569
60.16000 4.021
60.18000 0.411
60.20000 0.155
60.22000 1.127
60.24000 2.717
60.26000 1.908
60.28000 2.409
60.30000 3.439
60.32000 1.621
60.34000 4.715
60.36000 0.749
60.38000 -1.492
60.40000 1.535
60.42000 3.290
60.44000 2.703
60.46000 3.417
60.48000 4.809
60.50000 3.047
60.52000 1.731
60.54000 3.359
60.56000 2.244
60.58000 4.137
60.60000 4.421
60.62000 2.632
60.64000 1.112
60.66000 1.634
60.68000 0.918
60.70000 -2.337
60.72000 2.703
60.74000 6.769
60.76000 4.801
60.78000 1.866
60.80000 2.676
60.82000 2.374
60.84000 0.735
60.86000 1.208
60.88000 1.808
60.90000 3.507
60.92000 4.523
60.94000 0.044
60.96000 1.983
60.98000 5.331
61.00000 1.883
61.02000 1.810
61.04000 1.348
61.06000 2.008
61.08000 3.906
61.10000 1.357
61.12000 5.029
61.14000 8.512
61.16000 5.132
61.18000 2.854
61.20000 2.843
61.22000 1.165
61.24000 -2.337
61.26000 0.415
61.28000 2.215
61.30000 4.508
61.32000 3.143
61.34000 -0.074
61.36000 0.781
61.38000 0.263
61.40000 -0.228
61.42000 0.143
61.44000 2.349
61.46000 2.021
61.48000 1.457
61.50000 1.761
61.52000 1.605
61.54000 0.712
61.56000 -0.060
61.58000 0.651
61.60000 -0.194
61.62000 1.122
61.64000 0.142
61.66000 3.098
61.68000 2.974
61.70000 0.793
61.72000 1.211
61.74000 -0.051
61.76000 -0.866
61.78000 0.023
61.80000 -1.210
61.82000 -2.164
61.84000 2.430
61.86000 0.834
61.88000 0.406
61.90000 1.134
61.92000 -0.257
61.94000 2.666
61.96000 3.606
61.98000 1.296
62.00000 -2.159
62.02000 0.687
62.04000 1.207
62.06000 1.221
62.08000 1.375
62.10000 2.930
62.12000 2.463
62.14000 0.282
62.16000 0.418
62.18000 -0.938
62.20000 2.153
62.22000 2.728
62.24000 4.675
62.26000 2.663
62.28000 -0.613
62.30000 0.688
62.32000 1.276
62.34000 2.577
62.36000 0.320
62.38000 2.157
62.40000 1.790
62.42000 0.534
62.44000 4.958
62.46000 1.784
62.48000 2.928
62.50000 2.935
62.52000 4.573
62.54000 0.886
62.56000 1.512
62.58000 3.942
62.60000 1.966
62.62000 -0.056
62.64000 2.171
62.66000 0.459
62.68000 3.840
62.70000 5.377
62.72000 2.837
62.74000 5.663
62.76000 8.420
62.78000 3.377
62.80000 -2.277
62.82000 -1.593
62.84000 -0.793
62.86000 2.185
62.88000 6.163
62.90000 3.172
62.92000 0.626
62.94000 0.749
62.96000 1.132
62.98000 1.843
63.00000 1.959
63.02000 1.417
63.04000 4.372
63.06000 1.878
63.08000 3.003
63.10000 2.025
63.12000 -0.437
63.14000 1.893
63.16000 1.684
63.18000 -0.443
63.20000 1.434
63.22000 2.466
63.24000 3.761
63.26000 3.901
63.28000 3.327
63.30000 4.629
63.32000 4.844
63.34000 4.719
63.36000 3.451
63.38000 2.488
63.40000 2.415
63.42000 0.831
63.44000 1.388
63.46000 4.187
63.48000 5.653
63.50000 4.368
63.52000 1.084
63.54000 1.018
63.56000 2.763
63.58000 5.428
63.60000 6.630
63.62000 5.006
63.64000 1.901
63.66000 -2.267
63.68000 0.245
63.70000 2.351
63.72000 2.893
63.74000 2.879
63.76000 1.690
63.78000 -0.150
63.80000 2.339
63.82000 2.179
63.84000 3.898
63.86000 4.078
63.88000 3.604
63.90000 2.860
63.92000 1.565
63.94000 2.540
63.96000 2.506
63.98000 0.198
64.00000 0.623
64.02000 3.796
64.04000 4.690
64.06000 3.286
64.08000 4.422
64.10000 3.843
64.12000 2.503
64.14000 1.347
64.16000 1.465
64.18000 0.250
64.20000 0.562
64.22000 -0.571
64.24000 -0.117
64.26000 0.980
64.28000 4.854
64.30000 4.221
64.32000 3.248
64.34000 2.617
64.36000 2.092
64.38000 6.030
64.40000 3.291
64.42000 1.346
64.44000 0.571
64.46000 -2.301
64.48000 -2.018
64.50000 0.032
64.52000 -1.740
64.54000 2.531
64.56000 -1.337
64.58000 -1.606
64.60000 3.504
64.62000 2.537
64.64000 0.734
64.66000 1.523
64.68000 5.201
64.70000 4.629
64.72000 -2.018
64.74000 -0.118
64.76000 0.007
64.78000 -2.071
64.80000 0.142
64.82000 -0.512
64.84000 -2.047
64.86000 1.933
64.88000 1.312
64.90000 -0.750
64.92000 1.689
64.94000 -0.799
64.96000 -1.990
64.98000 -2.312
65.00000 0.213
65.02000 0.448
65.04000 1.988
65.06000 0.581
65.08000 -1.105
65.10000 -0.569
65.12000 0.623
65.14000 -1.069
65.16000 1.664
65.18000 0.862
65.20000 0.431
65.22000 0.065
65.24000 3.006
65.26000 1.220
65.28000 0.069
65.30000 2.224
65.32000 2.098
65.34000 -0.192
65.36000 -0.155
65.38000 1.413
65.40000 5.283
65.42000 3.048
65.44000 1.533
65.46000 3.618
65.48000 3.602
65.50000 0.332
65.52000 -1.733
65.54000 -1.656
65.56000 1.235
65.58000 -0.360
65.60000 2.112
65.62000 1.809
65.64000 2.044
65.66000 2.069
65.68000 1.111
65.70000 -1.322
65.72000 -0.458
65.74000 -1.241
65.76000 2.083
65.78000 3.391
65.80000 0.599
65.82000 2.375
65.84000 2.224
65.86000 2.738
65.88000 -1.391
65.90000 -2.293
65.92000 -1.519
65.94000 0.715
65.96000 2.820
65.98000 1.627
66.00000 2.456
66.02000 3.701
66.04000 5.254
66.06000 1.950
66.08000 1.444
66.10000 4.630
66.12000 6.432
66.14000 3.577
66.16000 2.994
66.18000 3.956
66.20000 3.242
66.22000 1.969
66.24000 2.479
66.26000 4.191
66.28000 4.424
66.30000 3.936
66.32000 3.996
66.34000 1.963
66.36000 -0.425
66.38000 -1.289
66.40000 1.056
66.42000 5.611
66.44000 4.510
66.46000 0.233
66.48000 0.543
66.50000 4.524
66.52000 4.642
66.54000 7.816
66.56000 3.616
66.58000 0.526
66.60000 3.571
66.62000 4.462
66.64000 4.303
66.66000 3.536
66.68000 2.818
66.70000 3.182
66.72000 3.807
66.74000 2.275
66.76000 1.032
66.78000 1.887
66.80000 3.654
66.82000 4.492
66.84000 5.091
66.86000 2.355
66.88000 2.130
66.90000 3.531
66.92000 3.780
66.94000 2.265
66.96000 1.401
66.98000 1.173
67.00000 2.966
67.02000 1.116
67.04000 2.506
67.06000 3.670
67.08000 1.573
67.10000 1.449
67.12000 2.081
67.14000 3.072
67.16000 0.892
67.18000 -0.077
67.20000 -1.816
67.22000 -1.642
67.24000 -1.993
67.26000 1.424
67.28000 0.059
67.30000 -0.957
67.32000 1.177
67.34000 1.250
67.36000 0.250
67.38000 0.228
67.40000 0.817
67.42000 1.791
67.44000 4.297
67.46000 1.311
67.48000 0.322
67.50000 1.983
67.52000 1.458
67.54000 1.149
67.56000 1.168
67.58000 -0.999
67.60000 -0.508
67.62000 -1.578
67.64000 -1.272
67.66000 -0.972
67.68000 -1.124
67.70000 0.554
67.72000 3.278
67.74000 1.244
67.76000 2.810
67.78000 3.796
67.80000 2.387
67.82000 -0.044
67.84000 -0.976
67.86000 -2.229
67.88000 1.219
67.90000 3.570
67.92000 0.788
67.94000 2.809
67.96000 2.291
67.98000 0.739
68.00000 -0.120
68.02000 0.138
68.04000 -0.989
68.06000 -0.852
68.08000 -0.843
68.10000 -0.533
68.12000 1.036
68.14000 0.550
68.16000 3.301
68.18000 3.977
68.20000 1.260
68.22000 0.567
68.24000 0.041
68.26000 -0.309
68.28000 -0.795
68.30000 0.607
68.32000 0.703
68.34000 1.338
68.36000 -0.084
68.38000 -0.435
68.40000 2.256
68.42000 0.987
68.44000 -0.070
68.46000 1.320
68.48000 3.806
68.50000 2.263
68.52000 -1.693
68.54000 -2.173
68.56000 -0.796
68.58000 0.524
68.60000 -0.645
68.62000 -0.085
68.64000 1.673
68.66000 2.939
68.68000 -1.525
68.70000 -1.710
68.72000 0.283
68.74000 1.165
68.76000 -0.683
68.78000 -2.127
68.80000 0.806
68.82000 2.395
68.84000 1.089
68.86000 -1.533
68.88000 0.603
68.90000 2.835
68.92000 1.428
68.94000 0.844
68.96000 0.016
68.98000 -0.086
69.00000 0.097
69.02000 0.317
69.04000 -0.266
69.06000 -2.014
69.08000 0.463
69.10000 2.173
69.12000 -0.442
69.14000 0.552
69.16000 -1.891
69.18000 -0.382
69.20000 2.513
69.22000 4.549
69.24000 4.641
69.26000 3.703
69.28000 1.088
69.30000 -2.152
69.32000 0.267
69.34000 -1.174
69.36000 1.052
69.38000 1.963
69.40000 1.763
69.42000 4.213
69.44000 1.956
69.46000 2.776
69.48000 2.136
69.50000 3.874
69.52000 3.573
69.54000 4.031
69.56000 1.985
69.58000 1.484
69.60000 1.222
69.62000 1.130
69.64000 -0.893
69.66000 1.032
69.68000 -0.583
69.70000 0.234
69.72000 1.570
69.74000 0.711
69.76000 0.589
69.78000 0.453
69.80000 -0.340
69.82000 0.192
69.84000 1.714
69.86000 1.600
69.88000 1.185
69.90000 -0.139
69.92000 -0.676
69.94000 -0.315
69.96000 1.798
69.98000 3.802
70.00000 3.090
70.02000 0.678
70.04000 -0.191
70.06000 -1.545
70.08000 0.462
70.10000 3.973
70.12000 2.399
70.14000 2.329
70.16000 1.352
70.18000 0.059
70.20000 2.127
70.22000 2.600
70.24000 0.931
70.26000 0.898
70.28000 0.462
70.30000 -2.102
70.32000 1.142
70.34000 2.806
70.36000 0.409
70.38000 -0.328
70.40000 0.612
70.42000 -0.873
70.44000 0.179
70.46000 1.656
70.48000 2.546
70.50000 0.368
70.52000 2.377
70.54000 4.551
70.56000 3.612
70.58000 3.477
70.60000 -0.116
70.62000 -0.621
70.64000 0.450
70.66000 -0.256
70.68000 0.240
70.70000 0.324
70.72000 -0.052
70.74000 0.140
70.76000 2.022
70.78000 -0.291
70.80000 3.398
70.82000 4.729
70.84000 1.837
70.86000 2.408
70.88000 1.920
70.90000 1.179
70.92000 -0.383
70.94000 1.139
70.96000 0.885
70.98000 -0.396
71.00000 0.206
71.02000 2.212
71.04000 4.671
71.06000 1.982
71.08000 1.848
71.10000 0.651
71.12000 0.471
71.14000 3.761
71.16000 1.214
71.18000 2.538
71.20000 2.156
71.22000 1.266
71.24000 -0.001
71.26000 1.298
71.28000 2.815
71.30000 2.751
71.32000 0.050
71.34000 3.979
71.36000 2.911
71.38000 0.147
71.40000 0.806
71.42000 3.106
71.44000 2.595
71.46000 1.218
71.48000 1.809
71.50000 3.043
71.52000 2.136
71.54000 -0.445
71.56000 2.759
71.58000 6.019
71.60000 6.450
71.62000 6.191
71.64000 6.754
71.66000 5.442
71.68000 0.858
71.70000 -2.006
71.72000 3.090
71.74000 6.371
71.76000 5.682
71.78000 4.939
71.80000 5.460
71.82000 3.059
71.84000 -0.631
71.86000 3.478
71.88000 4.021
71.90000 4.210
71.92000 2.219
71.94000 1.356
71.96000 0.976
71.98000 1.923
72.00000 2.462
72.02000 4.351
72.04000 5.364
72.06000 3.991
72.08000 1.526
72.10000 4.019
72.12000 5.499
72.14000 3.779
72.16000 2.105
72.18000 2.499
72.20000 4.013
72.22000 3.962
72.24000 -0.729
72.26000 2.073
72.28000 3.321
72.30000 3.658
72.32000 -0.197
72.34000 2.429
72.36000 3.690
72.38000 2.866
72.40000 0.814
72.42000 5.599
72.44000 2.299
72.46000 0.770
72.48000 1.553
72.50000 4.867
72.52000 4.561
72.54000 2.277
72.56000 4.184
72.58000 3.762
72.60000 4.900
72.62000 2.796
72.64000 -0.054
72.66000 0.691
72.68000 0.628
72.70000 -0.290
72.72000 1.398
72.74000 2.058
72.76000 2.185
72.78000 -0.796
72.80000 -1.993
72.82000 0.475
72.84000 0.957
72.86000 1.355
72.88000 5.425
72.90000 2.002
72.92000 0.762
72.94000 2.050
72.96000 1.383
72.98000 2.229
73.00000 3.934
73.02000 4.139
73.04000 3.742
73.06000 3.872
73.08000 4.630
73.10000 3.613
73.12000 0.396
73.14000 -1.004
73.16000 -0.391
73.18000 1.110
73.20000 1.229
73.22000 0.343
73.24000 3.750
73.26000 3.229
73.28000 6.622
73.30000 3.667
73.32000 0.965
73.34000 0.863
73.36000 0.751
73.38000 5.535
73.40000 5.265
73.42000 4.073
73.44000 2.370
73.46000 1.159
73.48000 0.249
73.50000 0.338
73.52000 4.134
73.54000 1.230
73.56000 1.993
73.58000 5.883
73.60000 5.965
73.62000 2.594
73.64000 1.704
73.66000 5.160
73.68000 5.160
73.70000 2.302
73.72000 1.750
73.74000 1.225
73.76000 -1.265
73.78000 -0.148
73.80000 1.903
73.82000 1.967
73.84000 2.412
73.86000 0.539
73.88000 1.841
73.90000 -1.998
73.92000 0.112
73.94000 3.741
73.96000 3.726
73.98000 2.931
74.00000 3.270
74.02000 1.777
74.04000 2.507
74.06000 2.610
74.08000 2.052
74.10000 0.444
74.12000 0.946
74.14000 -1.785
74.16000 0.392
74.18000 1.166
74.20000 0.337
74.22000 0.802
74.24000 3.232
74.26000 2.693
74.28000 2.894
74.30000 0.379
74.32000 0.677
74.34000 2.584
74.36000 3.752
74.38000 3.615
74.40000 1.127
74.42000 2.606
74.44000 2.711
74.46000 4.585
74.48000 2.321
74.50000 1.544
74.52000 -1.482
74.54000 -0.835
74.56000 -0.633
74.58000 1.869
74.60000 0.710
74.62000 -0.374
74.64000 -0.255
74.66000 -0.709
74.68000 1.909
74.70000 -1.792
74.72000 1.456
74.74000 1.693
74.76000 -0.435
74.78000 1.949
74.80000 3.212
74.82000 0.349
74.84000 2.961
74.86000 6.663
74.88000 3.351
74.90000 1.303
74.92000 1.036
74.94000 2.390
74.96000 2.394
74.98000 2.483
75.00000 -1.991
75.02000 -1.992
75.04000 2.165
75.06000 0.916
75.08000 2.653
75.10000 2.971
75.12000 2.924
75.14000 2.508
75.16000 2.105
75.18000 -0.438
75.20000 -0.450
75.22000 -0.536
75.24000 -0.284
75.26000 -0.477
75.28000 2.875
75.30000 3.829
75.32000 4.957
75.34000 4.255
75.36000 1.174
75.38000 0.343
75.40000 -2.018
75.42000 1.197
75.44000 3.854
75.46000 0.692
75.48000 0.536
75.50000 1.795
75.52000 1.472
75.54000 2.564
75.56000 3.860
75.58000 0.236
75.60000 2.933
75.62000 4.396
75.64000 2.829
75.66000 -0.507
75.68000 -1.997
75.70000 -1.797
75.72000 0.708
75.74000 2.338
75.76000 0.668
75.78000 1.566
75.80000 3.300
75.82000 2.990
75.84000 2.118
75.86000 0.212
75.88000 1.510
75.90000 3.009
75.92000 4.156
75.94000 2.132
75.96000 1.146
75.98000 1.986
76.00000 0.127
76.02000 3.515
76.04000 1.584
76.06000 0.473
76.08000 1.948
76.10000 1.843
76.12000 3.144
76.14000 -0.155
76.16000 0.575
76.18000 -1.944
76.20000 -0.577
76.22000 0.673
76.24000 2.215
76.26000 1.368
76.28000 2.980
76.30000 3.521
76.32000 0.739
76.34000 -1.412
76.36000 -1.706
76.38000 -0.663
76.40000 0.624
76.42000 2.183
76.44000 2.700
76.46000 2.712
76.48000 1.710
76.50000 2.005
76.52000 1.496
76.54000 -1.420
76.56000 -2.042
76.58000 0.150
76.60000 -1.088
76.62000 0.324
76.64000 4.378
76.66000 4.083
76.68000 0.832
76.70000 0.219
76.72000 -0.693
76.74000 0.308
76.76000 0.966
76.78000 -0.075
76.80000 -0.625
76.82000 1.826
76.84000 1.607
76.86000 1.084
76.88000 1.217
76.90000 -1.998
76.92000 -1.480
76.94000 2.629
76.96000 1.768
76.98000 5.527
77.00000 4.533
77.02000 2.572
77.04000 0.130
77.06000 -0.252
77.08000 0.085
77.10000 2.062
77.12000 1.785
77.14000 1.689
77.16000 3.555
77.18000 1.507
77.20000 1.997
77.22000 0.436
77.24000 0.759
77.26000 -0.592
77.28000 0.303
77.30000 2.159
77.32000 2.816
77.34000 1.259
77.36000 -0.555
77.38000 -0.600
77.40000 -1.424
77.42000 0.344
77.44000 0.030
77.46000 0.641
77.48000 0.816
77.50000 0.364
77.52000 -0.037
77.54000 3.291
77.56000 4.804
77.58000 1.351
77.60000 0.313
77.62000 -0.143
77.64000 0.443
77.66000 4.544
77.68000 1.420
77.70000 -1.528
77.72000 1.166
77.74000 4.400
77.76000 2.985
77.78000 0.302
77.80000 -2.067
77.82000 1.647
77.84000 3.718
77.86000 6.033
77.88000 3.451
77.90000 3.345
77.92000 1.134
77.94000 2.775
77.96000 1.412
77.98000 1.378
78.00000 3.010
78.02000 0.931
78.04000 2.085
78.06000 -0.864
78.08000 0.343
78.10000 0.557
78.12000 1.577
78.14000 3.739
78.16000 2.833
78.18000 6.165
78.20000 2.798
78.22000 1.986
78.24000 -0.848
78.26000 -1.423
78.28000 1.473
78.30000 1.851
78.32000 0.577
78.34000 2.687
78.36000 3.000
78.38000 -0.818
78.40000 -2.113
78.42000 2.502
78.44000 2.068
78.46000 4.027
78.48000 6.780
78.50000 5.453
78.52000 4.180
78.54000 2.689
78.56000 3.048
78.58000 3.797
78.60000 2.437
78.62000 -1.165
78.64000 -0.555
78.66000 2.576
78.68000 1.480
78.70000 -0.616
78.72000 1.388
78.74000 3.977
78.76000 2.376
78.78000 2.392
78.80000 2.965
78.82000 6.934
78.84000 4.701
78.86000 -0.659
78.88000 -0.285
78.90000 2.611
78.92000 3.110
78.94000 4.135
78.96000 5.514
78.98000 4.548
79.00000 0.804
79.02000 1.031
79.04000 0.983
79.06000 3.195
79.08000 2.571
79.10000 3.296
79.12000 3.534
79.14000 3.810
79.16000 4.675
79.18000 1.931
79.20000 2.349
79.22000 5.564
79.24000 1.969
79.26000 5.607
79.28000 5.329
79.30000 5.274
79.32000 2.056
79.34000 6.031
79.36000 8.656
79.38000 6.312
79.40000 9.575
79.42000 7.478
79.44000 8.429
79.46000 9.026
79.48000 6.639
79.50000 8.741
79.52000 6.285
79.54000 7.962
79.56000 6.388
79.58000 5.080
79.60000 8.816
79.62000 10.703
79.64000 10.425
79.66000 9.397
79.68000 10.477
79.70000 8.973
79.72000 11.743
79.74000 14.316
79.76000 14.111
79.78000 17.213
79.80000 13.727
79.82000 13.540
79.84000 10.085
79.86000 10.003
79.88000 10.673
79.90000 10.505
79.92000 12.258
79.94000 12.975
79.96000 16.197
79.98000 15.884
80.00000 19.569
80.02000 19.566
80.04000 18.442
80.06000 15.364
80.08000 20.656
80.10000 19.527
80.12000 15.352
80.14000 16.615
80.16000 18.902
80.18000 18.299
80.20000 20.553
80.22000 18.532
80.24000 10.893
80.26000 12.013
80.28000 17.128
80.30000 19.425
80.32000 21.751
80.34000 20.283
80.36000 19.379
80.38000 14.076
80.40000 16.717
80.42000 17.582
80.44000 16.235
80.46000 16.686
80.48000 12.845
80.50000 14.833
80.52000 16.099
80.54000 17.478
80.56000 12.563
80.58000 11.873
80.60000 11.590
80.62000 9.033
80.64000 9.725
80.66000 8.556
80.68000 10.303
80.70000 7.819
80.72000 14.579
80.74000 14.037
80.76000 10.179
80.78000 9.924
80.80000 8.134
80.82000 6.502
80.84000 4.923
80.86000 2.652
80.88000 7.948
80.90000 8.214
80.92000 4.975
80.94000 3.518
80.96000 9.545
80.98000 5.575
81.00000 3.239
81.02000 4.005
81.04000 5.329
81.06000 6.095
81.08000 6.467
81.10000 6.997
81.12000 4.274
81.14000 1.119
81.16000 0.886
81.18000 5.184
81.20000 7.047
81.22000 6.764
81.24000 8.926
81.26000 7.326
81.28000 1.894
81.30000 1.551
81.32000 3.868
81.34000 2.671
81.36000 3.094
81.38000 7.071
81.40000 4.414
81.42000 0.215
81.44000 -0.628
81.46000 3.426
81.48000 2.868
81.50000 3.959
81.52000 4.508
81.54000 8.013
81.56000 10.617
81.58000 8.146
81.60000 4.731
81.62000 5.034
81.64000 3.560
81.66000 5.801
81.68000 3.700
81.70000 2.549
81.72000 -0.337
81.74000 1.725
81.76000 3.285
81.78000 6.268
81.80000 7.034
81.82000 3.336
81.84000 8.065
81.86000 1.082
81.88000 4.391
81.90000 7.933
81.92000 4.753
81.94000 5.318
81.96000 3.670
81.98000 -0.505
82.00000 -0.707
82.02000 -2.202
82.04000 4.106
82.06000 7.795
82.08000 5.651
82.10000 4.293
82.12000 5.450
82.14000 2.545
82.16000 3.688
82.18000 2.867
82.20000 4.771
82.22000 2.971
82.24000 0.024
82.26000 -0.796
82.28000 1.076
82.30000 2.901
82.32000 2.746
82.34000 3.191
82.36000 6.750
82.38000 4.016
82.40000 1.691
82.42000 4.353
82.44000 6.737
82.46000 6.643
82.48000 4.111
82.50000 2.357
82.52000 2.401
82.54000 5.890
82.56000 7.026
82.58000 6.240
82.60000 8.915
82.62000 6.444
82.64000 4.521
82.66000 7.273
82.68000 6.313
82.70000 6.904
82.72000 4.838
82.74000 2.698
82.76000 1.567
82.78000 3.601
82.80000 3.183
82.82000 8.037
82.84000 10.505
82.86000 8.536
82.88000 6.760
82.90000 6.158
82.92000 8.013
82.94000 10.494
82.96000 12.237
82.98000 13.114
83.00000 8.948
83.02000 7.567
83.04000 11.395
83.06000 9.568
83.08000 10.624
83.10000 12.093
83.12000 10.151
83.14000 11.703
83.16000 18.417
83.18000 15.626
83.20000 13.297
83.22000 18.607
83.24000 18.357
83.26000 14.575
83.28000 16.219
83.30000 16.515
83.32000 16.528
83.34000 20.368
83.36000 22.158
83.38000 22.326
83.40000 24.972
83.42000 26.077
83.44000 24.416
83.46000 25.211
83.48000 29.479
83.50000 25.842
83.52000 26.951
83.54000 27.857
83.56000 32.292
83.58000 31.142
83.60000 35.603
83.62000 36.390
83.64000 35.773
83.66000 36.753
83.68000 42.867
83.70000 40.360
83.72000 39.065
83.74000 42.007
83.76000 43.283
83.78000 43.281
83.80000 45.927
83.82000 45.443
83.84000 50.814
83.86000 46.928
83.88000 48.459
83.90000 48.267
83.92000 51.536
83.94000 45.662
83.96000 53.437
83.98000 59.717
84.00000 60.931
84.02000 63.150
84.04000 59.514
84.06000 57.033
84.08000 55.024
84.10000 53.493
84.12000 53.454
84.14000 61.734
84.16000 62.292
84.18000 56.730
84.20000 51.808
84.22000 52.641
84.24000 51.596
84.26000 52.395
84.28000 52.958
84.30000 52.725
84.32000 47.828
84.34000 43.617
84.36000 44.906
84.38000 43.219
84.40000 45.447
84.42000 44.892
84.44000 42.614
84.46000 42.504
84.48000 39.163
84.50000 43.034
84.52000 42.424
84.54000 36.660
84.56000 31.934
84.58000 30.446
84.60000 30.392
84.62000 29.161
84.64000 27.858
84.66000 28.002
84.68000 26.489
84.70000 31.047
84.72000 28.628
84.74000 27.212
84.76000 21.420
84.78000 17.931
84.80000 19.407
84.82000 22.180
84.84000 21.139
84.86000 15.458
84.88000 19.099
84.90000 20.903
84.92000 16.401
84.94000 11.593
84.96000 17.690
84.98000 16.017
85.00000 12.411
85.02000 6.097
85.04000 6.289
85.06000 9.007
85.08000 9.689
85.10000 7.824
85.12000 7.175
85.14000 9.855
85.16000 7.773
85.18000 7.063
85.20000 7.926
85.22000 7.657
85.24000 5.659
85.26000 4.909
85.28000 2.996
85.30000 2.470
85.32000 2.158
85.34000 3.608
85.36000 3.404
85.38000 1.062
85.40000 0.429
85.42000 1.975
85.44000 -1.336
85.46000 -0.987
85.48000 -1.596
85.50000 0.475
85.52000 1.564
85.54000 2.306
85.56000 -0.376
85.58000 0.965
85.60000 1.181
85.62000 -0.726
85.64000 -0.631
85.66000 -1.182
85.68000 -1.689
85.70000 -1.241
85.72000 2.136
85.74000 1.818
85.76000 -0.564
85.78000 -0.928
85.80000 -1.233
85.82000 -0.628
85.84000 3.137
85.86000 1.270
85.88000 1.672
85.90000 -1.322
85.92000 0.364
85.94000 1.145
85.96000 2.176
85.98000 0.618
86.00000 -0.261
86.02000 -0.333
86.04000 1.177
86.06000 6.555
86.08000 2.828
86.10000 -2.031
86.12000 -0.086
86.14000 3.096
86.16000 0.379
86.18000 0.902
86.20000 2.776
86.22000 2.615
86.24000 2.261
86.26000 0.456
86.28000 -1.049
86.30000 -0.444
86.32000 1.428
86.34000 2.930
86.36000 2.604
86.38000 6.032
86.40000 3.346
86.42000 -1.106
86.44000 0.172
86.46000 2.613
86.48000 2.004
86.50000 -0.944
86.52000 1.337
86.54000 2.573
86.56000 3.519
86.58000 4.673
86.60000 3.613
86.62000 5.392
86.64000 5.814
86.66000 3.832
86.68000 3.145
86.70000 3.915
86.72000 4.078
86.74000 3.345
86.76000 5.080
86.78000 0.775
86.80000 1.216
86.82000 -1.128
86.84000 -1.904
86.86000 2.169
86.88000 5.451
86.90000 3.555
86.92000 1.031
86.94000 5.785
86.96000 6.440
86.98000 5.448
87.00000 2.698
87.02000 3.050
87.04000 2.890
87.06000 3.775
87.08000 4.050
87.10000 0.599
87.12000 2.439
87.14000 5.513
87.16000 4.729
87.18000 4.539
87.20000 2.512
87.22000 4.172
87.24000 4.622
87.26000 4.075
87.28000 3.104
87.30000 1.556
87.32000 1.360
87.34000 3.470
87.36000 5.011
87.38000 5.779
87.40000 3.167
87.42000 3.688
87.44000 1.697
87.46000 -1.889
87.48000 1.419
87.50000 1.040
87.52000 2.075
87.54000 4.159
87.56000 3.928
87.58000 0.628
87.60000 1.411
87.62000 2.145
87.64000 2.724
87.66000 4.159
87.68000 1.004
87.70000 2.931
87.72000 2.403
87.74000 3.141
87.76000 1.309
87.78000 2.020
87.80000 3.391
87.82000 3.030
87.84000 -0.294
87.86000 -1.337
87.88000 3.051
87.90000 5.163
87.92000 3.603
87.94000 5.013
87.96000 1.582
87.98000 1.726
88.00000 3.355
88.02000 1.983
88.04000 0.604
88.06000 2.774
88.08000 4.489
88.10000 2.577
88.12000 2.026
88.14000 1.277
88.16000 4.937
88.18000 4.898
88.20000 5.417
88.22000 3.952
88.24000 1.585
88.26000 1.827
88.28000 1.003
88.30000 -1.873
88.32000 0.267
88.34000 2.296
88.36000 3.064
88.38000 4.431
88.40000 4.532
88.42000 1.748
88.44000 3.392
88.46000 0.890
88.48000 0.885
88.50000 1.119
88.52000 2.415
88.54000 1.166
88.56000 3.121
88.58000 1.558
88.60000 2.673
88.62000 3.284
88.64000 2.751
88.66000 4.449
88.68000 2.416
88.70000 3.061
88.72000 3.979
88.74000 1.159
88.76000 -1.738
88.78000 -0.530
88.80000 0.353
88.82000 -0.850
88.84000 -0.772
88.86000 -1.181
88.88000 1.233
88.90000 2.188
88.92000 2.864
88.94000 2.718
88.96000 0.391
88.98000 2.158
89.00000 -0.297
89.02000 -0.751
89.04000 0.903
89.06000 5.087
89.08000 2.704
89.10000 0.978
89.12000 1.806
89.14000 1.582
89.16000 0.028
89.18000 1.577
89.20000 2.004
89.22000 1.108
89.24000 2.477
89.26000 3.870
89.28000 1.641
89.30000 0.346
89.32000 0.306
89.34000 2.481
89.36000 3.659
89.38000 0.246
89.40000 -0.900
89.42000 0.008
89.44000 0.045
89.46000 1.787
89.48000 1.560
89.50000 -1.877
89.52000 0.453
89.54000 2.785
89.56000 1.304
89.58000 1.999
89.60000 -0.457
89.62000 0.774
89.64000 1.283
89.66000 1.494
89.68000 0.677
89.70000 0.718
89.72000 0.394
89.74000 0.797
89.76000 2.057
89.78000 3.641
89.80000 4.432
89.82000 0.849
89.84000 0.556
89.86000 3.332
89.88000 2.826
89.90000 2.699
89.92000 3.957
89.94000 2.095
89.96000 1.715
89.98000 1.717
90.00000 2.799
90.02000 4.355
90.04000 3.479
90.06000 1.145
90.08000 1.412
90.10000 1.725
90.12000 2.515
90.14000 0.497
90.16000 0.377
90.18000 2.176
90.20000 1.443
90.22000 1.495
90.24000 2.168
90.26000 1.653
90.28000 0.852
90.30000 3.365
90.32000 1.246
90.34000 2.543
90.36000 2.949
90.38000 2.781
90.40000 -0.705
90.42000 1.583
90.44000 6.672
90.46000 5.140
90.48000 4.903
90.50000 2.928
90.52000 2.830
90.54000 2.292
90.56000 2.690
90.58000 3.193
90.60000 4.966
90.62000 3.978
90.64000 2.894
90.66000 2.383
90.68000 0.626
90.70000 1.844
90.72000 0.445
90.74000 2.627
90.76000 4.668
90.78000 4.399
90.80000 4.044
90.82000 3.332
90.84000 0.822
90.86000 -1.856
90.88000 -0.396
90.90000 4.402
90.92000 4.048
90.94000 1.929
90.96000 2.287
90.98000 1.493
91.00000 2.715
91.02000 2.448
91.04000 0.353
91.06000 2.938
91.08000 3.292
91.10000 3.780
91.12000 5.248
91.14000 4.597
91.16000 1.569
91.18000 2.184
91.20000 0.089
91.22000 -1.245
91.24000 -1.001
91.26000 3.064
91.28000 1.329
91.30000 2.546
91.32000 2.605
91.34000 3.093
91.36000 2.174
91.38000 1.639
91.40000 2.021
91.42000 4.184
91.44000 4.273
91.46000 -0.296
91.48000 2.871
91.50000 5.877
91.52000 4.258
91.54000 3.045
91.56000 2.451
91.58000 3.480
91.60000 4.182
91.62000 0.897
91.64000 3.415
91.66000 3.315
91.68000 1.587
91.70000 2.869
91.72000 2.641
91.74000 1.043
91.76000 -0.519
91.78000 1.301
91.80000 1.232
91.82000 5.173
91.84000 -0.993
91.86000 -0.156
91.88000 0.371
91.90000 0.923
91.92000 0.276
91.94000 -0.342
91.96000 2.406
91.98000 3.244
92.00000 -0.772
92.02000 1.043
92.04000 3.068
92.06000 2.803
92.08000 0.573
92.10000 5.922
92.12000 4.258
92.14000 2.081
92.16000 -0.156
92.18000 -0.140
92.20000 4.256
92.22000 5.836
92.24000 2.616
92.26000 1.369
92.28000 -1.889
92.30000 -0.966
92.32000 -0.719
92.34000 -1.223
92.36000 -1.888
92.38000 0.492
92.40000 0.862
92.42000 -1.138
92.44000 -0.239
92.46000 3.686
92.48000 0.284
92.50000 2.546
92.52000 2.051
92.54000 3.446
92.56000 3.655
92.58000 2.335
92.60000 2.495
92.62000 1.586
92.64000 3.495
92.66000 4.559
92.68000 1.237
92.70000 1.366
92.72000 1.790
92.74000 3.681
92.76000 3.467
92.78000 1.006
92.80000 -1.878
92.82000 -0.501
92.84000 3.934
92.86000 -0.224
92.88000 -1.059
92.90000 -1.005
92.92000 3.694
92.94000 3.557
92.96000 2.925
92.98000 2.609
93.00000 5.016
93.02000 4.268
93.04000 5.469
93.06000 3.536
93.08000 0.862
93.10000 3.318
93.12000 5.535
93.14000 2.224
93.16000 2.925
93.18000 6.938
93.20000 7.366
93.22000 7.724
93.24000 4.907
93.26000 5.081
93.28000 0.754
93.30000 2.680
93.32000 2.036
93.34000 0.241
93.36000 2.746
93.38000 1.029
93.40000 -0.949
93.42000 6.531
93.44000 4.716
93.46000 0.803
93.48000 2.035
93.50000 2.068
93.52000 5.321
93.54000 1.525
93.56000 2.513
93.58000 4.584
93.60000 2.648
93.62000 4.406
93.64000 6.262
93.66000 5.260
93.68000 4.495
93.70000 0.614
93.72000 -1.886
93.74000 1.203
93.76000 4.875
93.78000 2.172
93.80000 6.507
93.82000 3.669
93.84000 0.579
93.86000 3.039
93.88000 1.972
93.90000 1.568
93.92000 4.689
93.94000 5.123
93.96000 3.735
93.98000 3.263
94.00000 6.857
94.02000 4.407
94.04000 1.786
94.06000 3.580
94.08000 1.729
94.10000 -0.183
94.12000 1.309
94.14000 4.347
94.16000 2.815
94.18000 -0.329
94.20000 -1.895
94.22000 -1.741
94.24000 3.976
94.26000 5.091
94.28000 4.928
94.30000 6.648
94.32000 1.249
94.34000 -0.515
94.36000 1.547
94.38000 4.147
94.40000 4.974
94.42000 2.703
94.44000 3.879
94.46000 6.562
94.48000 7.783
94.50000 5.406
94.52000 2.947
94.54000 3.250
94.56000 2.701
94.58000 3.839
94.60000 5.049
94.62000 -1.583
94.64000 0.457
94.66000 0.018
94.68000 0.594
94.70000 -0.896
94.72000 1.841
94.74000 4.028
94.76000 1.342
94.78000 1.910
94.80000 1.764
94.82000 0.496
94.84000 2.160
94.86000 4.978
94.88000 1.326
94.90000 2.588
94.92000 0.392
94.94000 2.068
94.96000 1.431
94.98000 1.834
95.00000 2.518
95.02000 4.311
95.04000 2.910
95.06000 -0.355
95.08000 1.663
95.10000 0.017
95.12000 2.481
95.14000 4.525
95.16000 3.674
95.18000 -0.760
95.20000 5.856
95.22000 1.648
95.24000 2.342
95.26000 -1.200
95.28000 4.981
95.30000 6.376
95.32000 7.702
95.34000 3.113
95.36000 2.862
95.38000 4.378
95.40000 2.171
95.42000 0.501
95.44000 0.934
95.46000 3.513
95.48000 7.178
95.50000 4.762
95.52000 7.226
95.54000 5.876
95.56000 4.617
95.58000 2.791
95.60000 1.021
95.62000 0.481
95.64000 -1.450
95.66000 -1.887
95.68000 -1.827
95.70000 -1.158
95.72000 3.633
95.74000 4.479
95.76000 3.908
95.78000 4.624
95.80000 3.019
95.82000 -0.480
95.84000 1.411
95.86000 0.273
95.88000 -0.295
95.90000 -1.319
95.92000 0.111
95.94000 5.625
95.96000 6.743
95.98000 6.331
96.00000 7.598
96.02000 0.453
96.04000 1.894
96.06000 6.283
96.08000 7.389
96.10000 8.885
96.12000 4.741
96.14000 1.635
96.16000 1.494
96.18000 4.043
96.20000 7.823
96.22000 6.635
96.24000 2.676
96.26000 1.286
96.28000 -0.048
96.30000 -0.144
96.32000 0.001
96.34000 2.037
96.36000 5.350
96.38000 0.132
96.40000 1.227
96.42000 2.554
96.44000 1.026
96.46000 1.052
96.48000 1.241
96.50000 0.790
96.52000 3.732
96.54000 5.135
96.56000 3.070
96.58000 2.315
96.60000 -0.921
96.62000 1.763
96.64000 0.181
96.66000 1.773
96.68000 3.743
96.70000 2.946
96.72000 5.514
96.74000 4.387
96.76000 5.530
96.78000 5.434
96.80000 7.740
96.82000 1.924
96.84000 -1.903
96.86000 4.570
96.88000 1.296
96.90000 5.086
96.92000 5.470
96.94000 1.683
96.96000 -0.046
96.98000 0.035
97.00000 -1.445
97.02000 5.693
97.04000 7.058
97.06000 2.394
97.08000 0.926
97.10000 5.670
97.12000 4.997
97.14000 1.623
97.16000 3.220
97.18000 0.281
97.20000 5.156
97.22000 5.838
97.24000 4.828
97.26000 1.862
97.28000 -0.744
97.30000 2.463
97.32000 3.636
97.34000 3.548
97.36000 0.666
97.38000 2.014
97.40000 2.696
97.42000 -0.013
97.44000 -0.949
97.46000 -0.440
97.48000 2.158
97.50000 0.467
97.52000 3.983
97.54000 4.408
97.56000 8.841
97.58000 3.759
97.60000 5.063
97.62000 5.406
97.64000 3.471
97.66000 2.667
97.68000 2.101
97.70000 2.333
97.72000 2.807
97.74000 1.737
97.76000 2.487
97.78000 -1.875
97.80000 -0.716
97.82000 0.982
97.84000 6.086
97.86000 5.986
97.88000 3.071
97.90000 2.773
97.92000 2.900
97.94000 3.950
97.96000 -0.395
97.98000 0.244
98.00000 6.579
98.02000 3.926
98.04000 -0.038
98.06000 5.329
98.08000 7.969
98.10000 5.944
98.12000 4.774
98.14000 2.213
98.16000 2.569
98.18000 4.181
98.20000 5.735
98.22000 1.666
98.24000 6.374
98.26000 5.864
98.28000 4.109
98.30000 2.995
98.32000 0.681
98.34000 2.019
98.36000 4.418
98.38000 1.056
98.40000 0.516
98.42000 5.624
98.44000 0.946
98.46000 2.985
98.48000 4.498
98.50000 2.956
98.52000 3.263
98.54000 3.483
98.56000 2.243
98.58000 0.439
98.60000 0.457
98.62000 6.507
98.64000 2.003
98.66000 1.187
98.68000 3.813
98.70000 6.843
98.72000 2.962
98.74000 2.111
98.76000 -1.809
98.78000 3.292
98.80000 8.959
98.82000 9.345
98.84000 5.342
98.86000 5.629
98.88000 3.530
98.90000 -0.506
98.92000 2.442
98.94000 8.305
98.96000 7.886
98.98000 0.456
99.00000 -1.864
99.02000 -0.156
99.04000 1.275
99.06000 8.135
99.08000 3.920
99.10000 2.701
99.12000 7.754
99.14000 10.920
99.16000 1.571
99.18000 -1.857
99.20000 0.001
99.22000 0.846
99.24000 2.729
99.26000 -1.038
99.28000 8.422
99.30000 1.013
99.32000 2.947
99.34000 4.291
99.36000 7.406
99.38000 5.312
99.40000 9.346
99.42000 8.059
99.44000 6.933
99.46000 4.969
99.48000 6.258
99.50000 0.580
99.52000 3.545
99.54000 6.007
99.56000 3.651
99.58000 0.848
99.60000 -1.832
99.62000 5.098
99.64000 4.756
99.66000 8.257
99.68000 6.682
99.70000 0.489
99.72000 5.691
99.74000 0.540
99.76000 -1.940
99.78000 2.012
99.80000 6.772
99.82000 8.095
99.84000 4.176
99.86000 0.334
99.88000 -2.016
99.90000 -2.042
99.92000 1.739
99.94000 -0.205
99.96000 -2.121
99.98000 0.000
