'Id: "0011389" Comment: "Integrate frame 0011389_Au-Ir-Rh_Au-Rich_XRD_Mapping-279-0000.gfrmwith cursor Wedge Cursor #5" Operator: "B?rgel" Anode: "Cu" Wavelength: "1.5406" Scantype: "2Theta (TwoTheta)" TimePerStep: "1" X: "-36" Y: "27" Z: "5.95" 
10.00000 0.000
10.02000 -4.795
10.04000 3.022
10.06000 8.130
10.08000 14.766
10.10000 3.729
10.12000 -4.702
10.14000 9.150
10.16000 13.478
10.18000 15.242
10.20000 1.171
10.22000 5.180
10.24000 5.603
10.26000 3.959
10.28000 4.609
10.30000 8.547
10.32000 6.290
10.34000 19.223
10.36000 6.637
10.38000 4.668
10.40000 20.772
10.42000 14.640
10.44000 2.002
10.46000 10.546
10.48000 14.486
10.50000 7.138
10.52000 0.339
10.54000 4.476
10.56000 14.070
10.58000 8.981
10.60000 3.108
10.62000 16.251
10.64000 14.448
10.66000 11.047
10.68000 -2.436
10.70000 2.879
10.72000 0.088
10.74000 15.255
10.76000 22.855
10.78000 33.091
10.80000 18.365
10.82000 9.216
10.84000 11.405
10.86000 12.023
10.88000 10.218
10.90000 25.614
10.92000 29.432
10.94000 21.799
10.96000 25.141
10.98000 13.146
11.00000 13.178
11.02000 5.072
11.04000 9.454
11.06000 3.310
11.08000 13.394
11.10000 10.926
11.12000 12.065
11.14000 13.420
11.16000 3.751
11.18000 3.997
11.20000 8.225
11.22000 15.268
11.24000 8.401
11.26000 21.350
11.28000 15.094
11.30000 4.747
11.32000 9.288
11.34000 3.828
11.36000 13.873
11.38000 -3.846
11.40000 0.146
11.42000 10.898
11.44000 7.506
11.46000 -4.572
11.48000 3.884
11.50000 13.873
11.52000 11.936
11.54000 11.883
11.56000 7.823
11.58000 14.089
11.60000 15.753
11.62000 20.273
11.64000 16.579
11.66000 5.255
11.68000 12.899
11.70000 17.396
11.72000 14.699
11.74000 29.838
11.76000 20.626
11.78000 14.189
11.80000 18.430
11.82000 23.927
11.84000 21.988
11.86000 14.419
11.88000 22.338
11.90000 18.002
11.92000 14.155
11.94000 22.689
11.96000 15.459
11.98000 5.928
12.00000 2.103
12.02000 12.413
12.04000 9.611
12.06000 14.704
12.08000 8.923
12.10000 12.058
12.12000 9.408
12.14000 10.366
12.16000 17.913
12.18000 17.459
12.20000 12.840
12.22000 8.525
12.24000 7.828
12.26000 8.754
12.28000 14.957
12.30000 13.678
12.32000 25.978
12.34000 10.010
12.36000 10.322
12.38000 14.424
12.40000 15.809
12.42000 11.406
12.44000 8.408
12.46000 17.040
12.48000 21.503
12.50000 15.208
12.52000 3.196
12.54000 7.286
12.56000 8.469
12.58000 7.160
12.60000 6.068
12.62000 6.483
12.64000 8.274
12.66000 11.259
12.68000 14.973
12.70000 12.091
12.72000 4.828
12.74000 10.195
12.76000 14.805
12.78000 10.284
12.80000 11.379
12.82000 7.082
12.84000 13.927
12.86000 19.304
12.88000 23.917
12.90000 14.625
12.92000 8.601
12.94000 9.900
12.96000 15.997
12.98000 14.533
13.00000 15.839
13.02000 9.355
13.04000 17.568
13.06000 7.925
13.08000 2.767
13.10000 7.579
13.12000 21.154
13.14000 19.830
13.16000 13.705
13.18000 12.851
13.20000 10.650
13.22000 26.310
13.24000 19.928
13.26000 8.299
13.28000 -4.527
13.30000 0.540
13.32000 9.163
13.34000 16.294
13.36000 18.105
13.38000 2.649
13.40000 6.015
13.42000 4.097
13.44000 7.399
13.46000 8.629
13.48000 6.029
13.50000 15.061
13.52000 20.650
13.54000 20.155
13.56000 17.705
13.58000 15.529
13.60000 16.790
13.62000 13.901
13.64000 13.449
13.66000 14.070
13.68000 13.467
13.70000 15.919
13.72000 14.200
13.74000 14.510
13.76000 17.549
13.78000 1.723
13.80000 7.294
13.82000 17.010
13.84000 12.029
13.86000 16.448
13.88000 20.041
13.90000 11.927
13.92000 11.923
13.94000 1.090
13.96000 3.434
13.98000 3.443
14.00000 5.443
14.02000 10.114
14.04000 6.483
14.06000 9.444
14.08000 11.950
14.10000 20.453
14.12000 15.511
14.14000 12.352
14.16000 9.500
14.18000 3.793
14.20000 10.868
14.22000 8.935
14.24000 7.134
14.26000 7.963
14.28000 9.733
14.30000 7.089
14.32000 6.736
14.34000 17.196
14.36000 17.224
14.38000 10.050
14.40000 7.239
14.42000 8.622
14.44000 9.438
14.46000 9.050
14.48000 0.655
14.50000 1.714
14.52000 12.685
14.54000 4.679
14.56000 6.977
14.58000 13.733
14.60000 12.154
14.62000 8.885
14.64000 7.612
14.66000 9.437
14.68000 9.680
14.70000 13.913
14.72000 20.749
14.74000 27.007
14.76000 15.250
14.78000 4.104
14.80000 8.945
14.82000 9.125
14.84000 5.153
14.86000 2.398
14.88000 8.362
14.90000 2.853
14.92000 8.226
14.94000 -1.847
14.96000 -1.094
14.98000 9.272
15.00000 2.595
15.02000 -3.426
15.04000 -4.513
15.06000 1.882
15.08000 11.543
15.10000 1.645
15.12000 7.505
15.14000 13.235
15.16000 7.734
15.18000 10.552
15.20000 8.572
15.22000 6.801
15.24000 2.830
15.26000 -2.770
15.28000 3.218
15.30000 10.282
15.32000 14.107
15.34000 8.952
15.36000 7.193
15.38000 12.699
15.40000 14.872
15.42000 16.098
15.44000 5.703
15.46000 5.370
15.48000 6.231
15.50000 8.234
15.52000 11.989
15.54000 5.988
15.56000 11.119
15.58000 8.905
15.60000 5.106
15.62000 3.405
15.64000 3.473
15.66000 15.188
15.68000 14.725
15.70000 13.894
15.72000 17.436
15.74000 18.283
15.76000 17.882
15.78000 14.345
15.80000 -0.099
15.82000 4.150
15.84000 9.170
15.86000 6.349
15.88000 4.366
15.90000 10.636
15.92000 10.813
15.94000 13.930
15.96000 14.967
15.98000 10.376
16.00000 0.531
16.02000 -3.769
16.04000 10.158
16.06000 5.355
16.08000 2.391
16.10000 2.490
16.12000 -2.203
16.14000 -1.003
16.16000 1.442
16.18000 6.625
16.20000 6.095
16.22000 2.410
16.24000 0.769
16.26000 5.147
16.28000 4.832
16.30000 1.718
16.32000 -3.266
16.34000 8.454
16.36000 2.798
16.38000 1.474
16.40000 0.592
16.42000 5.495
16.44000 3.713
16.46000 2.321
16.48000 7.568
16.50000 6.388
16.52000 -4.447
16.54000 -1.128
16.56000 1.733
16.58000 -2.950
16.60000 2.661
16.62000 2.517
16.64000 -0.162
16.66000 3.478
16.68000 4.898
16.70000 1.153
16.72000 6.483
16.74000 11.499
16.76000 9.983
16.78000 7.618
16.80000 8.976
16.82000 3.237
16.84000 0.408
16.86000 10.716
16.88000 5.563
16.90000 5.505
16.92000 0.851
16.94000 -3.627
16.96000 -4.420
16.98000 -2.220
17.00000 9.249
17.02000 10.271
17.04000 5.433
17.06000 0.934
17.08000 -0.788
17.10000 2.113
17.12000 -0.497
17.14000 7.835
17.16000 11.889
17.18000 15.562
17.20000 15.262
17.22000 1.994
17.24000 0.304
17.26000 2.024
17.28000 10.073
17.30000 12.572
17.32000 9.687
17.34000 8.991
17.36000 9.099
17.38000 6.190
17.40000 4.447
17.42000 7.581
17.44000 7.595
17.46000 6.746
17.48000 6.471
17.50000 8.265
17.52000 5.619
17.54000 2.987
17.56000 -4.381
17.58000 -3.737
17.60000 2.974
17.62000 8.243
17.64000 5.187
17.66000 7.620
17.68000 7.620
17.70000 1.205
17.72000 10.129
17.74000 16.991
17.76000 14.580
17.78000 11.305
17.80000 13.144
17.82000 2.800
17.84000 2.760
17.86000 1.694
17.88000 2.289
17.90000 2.308
17.92000 -0.210
17.94000 5.874
17.96000 1.743
17.98000 4.686
18.00000 4.587
18.02000 5.600
18.04000 10.664
18.06000 12.243
18.08000 3.565
18.10000 7.501
18.12000 8.531
18.14000 12.703
18.16000 11.324
18.18000 2.876
18.20000 9.215
18.22000 12.655
18.24000 12.005
18.26000 -0.150
18.28000 0.090
18.30000 10.591
18.32000 7.267
18.34000 10.733
18.36000 3.548
18.38000 -1.866
18.40000 4.086
18.42000 9.470
18.44000 -2.433
18.46000 0.035
18.48000 6.674
18.50000 10.803
18.52000 7.239
18.54000 14.552
18.56000 -1.302
18.58000 -2.327
18.60000 4.077
18.62000 6.368
18.64000 8.591
18.66000 7.283
18.68000 4.767
18.70000 3.775
18.72000 7.332
18.74000 7.905
18.76000 3.463
18.78000 1.487
18.80000 1.857
18.82000 8.158
18.84000 -0.136
18.86000 4.130
18.88000 5.516
18.90000 -2.499
18.92000 -2.181
18.94000 9.809
18.96000 3.380
18.98000 1.827
19.00000 7.879
19.02000 10.931
19.04000 1.686
19.06000 5.184
19.08000 7.527
19.10000 2.696
19.12000 -3.563
19.14000 4.725
19.16000 6.901
19.18000 0.526
19.20000 4.754
19.22000 7.953
19.24000 7.756
19.26000 3.794
19.28000 -2.155
19.30000 3.029
19.32000 11.912
19.34000 10.535
19.36000 8.398
19.38000 7.248
19.40000 10.501
19.42000 7.099
19.44000 0.716
19.46000 3.424
19.48000 9.103
19.50000 4.065
19.52000 2.739
19.54000 7.921
19.56000 10.527
19.58000 12.915
19.60000 12.452
19.62000 6.264
19.64000 5.230
19.66000 -0.520
19.68000 -0.418
19.70000 -1.807
19.72000 0.780
19.74000 9.986
19.76000 8.746
19.78000 12.061
19.80000 15.369
19.82000 8.537
19.84000 -4.221
19.86000 -0.378
19.88000 2.153
19.90000 7.935
19.92000 2.939
19.94000 2.466
19.96000 1.671
19.98000 1.035
20.00000 11.519
20.02000 10.952
20.04000 8.198
20.06000 10.933
20.08000 7.341
20.10000 4.130
20.12000 7.162
20.14000 1.779
20.16000 4.876
20.18000 5.427
20.20000 0.686
20.22000 4.369
20.24000 6.020
20.26000 -0.854
20.28000 0.008
20.30000 -1.262
20.32000 1.525
20.34000 6.320
20.36000 5.133
20.38000 1.350
20.40000 8.166
20.42000 5.206
20.44000 5.306
20.46000 9.863
20.48000 11.518
20.50000 7.360
20.52000 2.721
20.54000 6.699
20.56000 6.878
20.58000 0.361
20.60000 1.917
20.62000 0.039
20.64000 5.453
20.66000 7.094
20.68000 6.850
20.70000 4.280
20.72000 6.747
20.74000 6.802
20.76000 8.979
20.78000 11.907
20.80000 8.883
20.82000 5.024
20.84000 1.443
20.86000 5.948
20.88000 1.899
20.90000 2.092
20.92000 1.782
20.94000 3.050
20.96000 4.335
20.98000 7.253
21.00000 2.713
21.02000 5.635
21.04000 6.439
21.06000 9.224
21.08000 -0.170
21.10000 -3.705
21.12000 -3.010
21.14000 3.505
21.16000 3.475
21.18000 7.989
21.20000 4.236
21.22000 0.470
21.24000 0.341
21.26000 1.161
21.28000 -1.662
21.30000 10.698
21.32000 4.372
21.34000 -0.904
21.36000 -3.790
21.38000 2.411
21.40000 1.428
21.42000 -0.164
21.44000 -2.099
21.46000 4.090
21.48000 -0.485
21.50000 4.599
21.52000 1.193
21.54000 1.869
21.56000 6.947
21.58000 7.072
21.60000 3.294
21.62000 3.571
21.64000 3.311
21.66000 1.943
21.68000 5.048
21.70000 3.357
21.72000 9.043
21.74000 7.824
21.76000 8.002
21.78000 4.651
21.80000 -0.787
21.82000 -4.135
21.84000 4.305
21.86000 7.452
21.88000 4.818
21.90000 5.510
21.92000 6.626
21.94000 7.609
21.96000 3.978
21.98000 -1.042
22.00000 2.733
22.02000 -4.125
22.04000 -3.336
22.06000 0.672
22.08000 0.457
22.10000 2.500
22.12000 8.431
22.14000 10.087
22.16000 10.709
22.18000 7.996
22.20000 5.057
22.22000 3.616
22.24000 6.788
22.26000 1.559
22.28000 5.487
22.30000 10.127
22.32000 7.290
22.34000 6.430
22.36000 3.345
22.38000 2.933
22.40000 3.238
22.42000 4.676
22.44000 4.747
22.46000 6.492
22.48000 12.448
22.50000 10.984
22.52000 2.443
22.54000 4.181
22.56000 6.702
22.58000 7.294
22.60000 2.430
22.62000 6.574
22.64000 2.986
22.66000 5.974
22.68000 0.967
22.70000 5.104
22.72000 8.682
22.74000 6.424
22.76000 4.039
22.78000 2.604
22.80000 5.487
22.82000 6.611
22.84000 8.937
22.86000 12.012
22.88000 9.206
22.90000 0.275
22.92000 0.658
22.94000 2.513
22.96000 6.496
22.98000 4.124
23.00000 -1.559
23.02000 1.884
23.04000 3.164
23.06000 -1.095
23.08000 2.567
23.10000 6.362
23.12000 3.893
23.14000 -2.896
23.16000 0.971
23.18000 9.611
23.20000 7.950
23.22000 7.138
23.24000 1.156
23.26000 -1.622
23.28000 1.271
23.30000 6.349
23.32000 8.459
23.34000 7.031
23.36000 -4.047
23.38000 0.549
23.40000 8.969
23.42000 6.432
23.44000 6.401
23.46000 4.586
23.48000 2.466
23.50000 5.716
23.52000 2.170
23.54000 5.094
23.56000 8.128
23.58000 13.258
23.60000 6.166
23.62000 8.242
23.64000 8.664
23.66000 2.106
23.68000 3.241
23.70000 8.896
23.72000 8.968
23.74000 4.308
23.76000 4.557
23.78000 5.758
23.80000 7.735
23.82000 3.824
23.84000 -1.363
23.86000 5.908
23.88000 8.170
23.90000 -3.598
23.92000 -4.025
23.94000 4.450
23.96000 8.724
23.98000 8.697
24.00000 3.232
24.02000 6.000
24.04000 7.764
24.06000 8.065
24.08000 3.136
24.10000 -0.318
24.12000 6.956
24.14000 2.257
24.16000 -0.825
24.18000 0.988
24.20000 -0.551
24.22000 10.543
24.24000 11.143
24.26000 9.992
24.28000 8.763
24.30000 1.546
24.32000 6.187
24.34000 9.464
24.36000 7.935
24.38000 11.432
24.40000 9.440
24.42000 5.843
24.44000 6.688
24.46000 -1.265
24.48000 -1.786
24.50000 4.410
24.52000 5.841
24.54000 7.177
24.56000 8.295
24.58000 -0.100
24.60000 -0.558
24.62000 -0.153
24.64000 7.489
24.66000 5.609
24.68000 4.192
24.70000 7.799
24.72000 4.137
24.74000 4.121
24.76000 4.731
24.78000 1.304
24.80000 6.962
24.82000 10.920
24.84000 8.907
24.86000 8.343
24.88000 4.004
24.90000 2.153
24.92000 0.381
24.94000 -1.638
24.96000 4.757
24.98000 3.628
25.00000 4.953
25.02000 5.799
25.04000 7.502
25.06000 9.500
25.08000 9.969
25.10000 7.337
25.12000 2.350
25.14000 6.701
25.16000 4.528
25.18000 9.350
25.20000 9.598
25.22000 9.976
25.24000 12.324
25.26000 9.406
25.28000 4.793
25.30000 4.620
25.32000 13.044
25.34000 12.635
25.36000 0.389
25.38000 0.131
25.40000 -3.922
25.42000 3.699
25.44000 10.657
25.46000 8.137
25.48000 4.333
25.50000 2.870
25.52000 5.145
25.54000 5.381
25.56000 2.949
25.58000 4.950
25.60000 4.264
25.62000 5.208
25.64000 6.987
25.66000 9.319
25.68000 6.528
25.70000 5.700
25.72000 3.253
25.74000 3.150
25.76000 6.091
25.78000 8.082
25.80000 8.218
25.82000 7.497
25.84000 2.712
25.86000 5.118
25.88000 1.004
25.90000 3.937
25.92000 1.956
25.94000 -0.298
25.96000 3.137
25.98000 6.841
26.00000 6.289
26.02000 9.398
26.04000 10.887
26.06000 7.820
26.08000 9.110
26.10000 4.295
26.12000 0.452
26.14000 1.954
26.16000 9.173
26.18000 7.126
26.20000 9.774
26.22000 0.875
26.24000 1.644
26.26000 5.152
26.28000 3.024
26.30000 4.203
26.32000 4.085
26.34000 -0.061
26.36000 -0.249
26.38000 -3.206
26.40000 -0.031
26.42000 5.756
26.44000 10.097
26.46000 7.993
26.48000 3.507
26.50000 -0.198
26.52000 0.743
26.54000 7.733
26.56000 3.967
26.58000 1.920
26.60000 1.478
26.62000 0.295
26.64000 -3.903
26.66000 -0.327
26.68000 -0.332
26.70000 0.728
26.72000 3.414
26.74000 2.068
26.76000 3.875
26.78000 1.565
26.80000 -1.283
26.82000 0.701
26.84000 1.597
26.86000 0.864
26.88000 -1.931
26.90000 0.376
26.92000 4.788
26.94000 5.784
26.96000 3.053
26.98000 6.845
27.00000 13.677
27.02000 5.154
27.04000 2.745
27.06000 3.302
27.08000 2.017
27.10000 1.932
27.12000 5.763
27.14000 4.853
27.16000 4.166
27.18000 4.422
27.20000 4.214
27.22000 -1.021
27.24000 -2.178
27.26000 1.880
27.28000 8.042
27.30000 3.665
27.32000 2.812
27.34000 10.115
27.36000 8.405
27.38000 5.027
27.40000 0.906
27.42000 -3.222
27.44000 -2.977
27.46000 1.229
27.48000 -1.001
27.50000 1.927
27.52000 2.070
27.54000 1.702
27.56000 0.803
27.58000 0.297
27.60000 -0.053
27.62000 -1.185
27.64000 -1.870
27.66000 -3.848
27.68000 0.364
27.70000 7.883
27.72000 5.248
27.74000 3.840
27.76000 -1.883
27.78000 4.334
27.80000 2.236
27.82000 -0.244
27.84000 0.651
27.86000 0.604
27.88000 1.428
27.90000 0.270
27.92000 0.493
27.94000 5.326
27.96000 5.845
27.98000 3.933
28.00000 4.384
28.02000 1.127
28.04000 -3.615
28.06000 0.467
28.08000 0.693
28.10000 8.421
28.12000 8.738
28.14000 5.843
28.16000 1.898
28.18000 1.190
28.20000 3.799
28.22000 6.106
28.24000 5.805
28.26000 4.518
28.28000 -0.798
28.30000 -0.408
28.32000 3.023
28.34000 7.634
28.36000 8.235
28.38000 7.666
28.40000 2.695
28.42000 2.407
28.44000 3.325
28.46000 -3.783
28.48000 1.725
28.50000 4.980
28.52000 8.405
28.54000 3.345
28.56000 0.575
28.58000 0.884
28.60000 2.304
28.62000 8.891
28.64000 7.741
28.66000 3.120
28.68000 1.784
28.70000 5.373
28.72000 3.885
28.74000 4.530
28.76000 10.864
28.78000 7.731
28.80000 6.445
28.82000 6.919
28.84000 11.457
28.86000 12.947
28.88000 4.186
28.90000 2.543
28.92000 6.775
28.94000 5.241
28.96000 7.441
28.98000 10.433
29.00000 5.365
29.02000 3.066
29.04000 4.284
29.06000 7.785
29.08000 3.238
29.10000 2.121
29.12000 3.638
29.14000 6.701
29.16000 6.543
29.18000 4.795
29.20000 4.028
29.22000 5.523
29.24000 5.628
29.26000 5.845
29.28000 12.274
29.30000 15.686
29.32000 9.293
29.34000 1.995
29.36000 -2.946
29.38000 -3.719
29.40000 -0.979
29.42000 8.393
29.44000 13.084
29.46000 9.717
29.48000 3.942
29.50000 -2.261
29.52000 -1.142
29.54000 -0.562
29.56000 4.169
29.58000 7.086
29.60000 8.349
29.62000 6.736
29.64000 2.675
29.66000 1.103
29.68000 1.302
29.70000 2.895
29.72000 7.375
29.74000 3.387
29.76000 0.147
29.78000 7.068
29.80000 3.406
29.82000 5.111
29.84000 5.708
29.86000 7.878
29.88000 5.466
29.90000 4.712
29.92000 4.710
29.94000 8.615
29.96000 3.321
29.98000 1.124
30.00000 4.207
30.02000 5.451
30.04000 6.780
30.06000 3.030
30.08000 5.308
30.10000 8.096
30.12000 9.560
30.14000 3.310
30.16000 1.776
30.18000 2.144
30.20000 2.332
30.22000 3.513
30.24000 4.538
30.26000 2.269
30.28000 2.450
30.30000 0.258
30.32000 8.275
30.34000 2.151
30.36000 1.690
30.38000 1.171
30.40000 2.312
30.42000 1.336
30.44000 2.095
30.46000 1.282
30.48000 0.406
30.50000 0.389
30.52000 -0.988
30.54000 -1.670
30.56000 -3.693
30.58000 0.802
30.60000 3.248
30.62000 2.193
30.64000 0.791
30.66000 -1.776
30.68000 2.727
30.70000 4.046
30.72000 4.257
30.74000 1.998
30.76000 3.172
30.78000 2.337
30.80000 2.787
30.82000 -3.600
30.84000 0.939
30.86000 -2.423
30.88000 2.454
30.90000 4.583
30.92000 9.790
30.94000 11.457
30.96000 4.122
30.98000 3.579
31.00000 2.997
31.02000 2.369
31.04000 4.710
31.06000 1.717
31.08000 1.089
31.10000 2.143
31.12000 7.484
31.14000 4.718
31.16000 0.551
31.18000 0.934
31.20000 1.712
31.22000 0.471
31.24000 4.432
31.26000 9.038
31.28000 3.740
31.30000 -1.244
31.32000 -0.593
31.34000 4.206
31.36000 2.872
31.38000 -3.685
31.40000 -3.497
31.42000 3.102
31.44000 4.380
31.46000 1.593
31.48000 5.086
31.50000 5.883
31.52000 4.652
31.54000 1.262
31.56000 -1.553
31.58000 -3.180
31.60000 1.204
31.62000 1.007
31.64000 2.376
31.66000 -1.298
31.68000 -2.240
31.70000 0.578
31.72000 -3.036
31.74000 2.179
31.76000 -1.830
31.78000 -3.669
31.80000 1.072
31.82000 1.136
31.84000 1.277
31.86000 0.398
31.88000 4.087
31.90000 3.052
31.92000 2.080
31.94000 -0.472
31.96000 -3.080
31.98000 -1.346
32.00000 -2.938
32.02000 3.579
32.04000 7.013
32.06000 2.805
32.08000 -1.643
32.10000 0.623
32.12000 -3.112
32.14000 -1.972
32.16000 1.042
32.18000 3.571
32.20000 4.599
32.22000 1.363
32.24000 3.373
32.26000 -0.112
32.28000 -3.657
32.30000 -2.862
32.32000 1.884
32.34000 2.308
32.36000 3.149
32.38000 -1.778
32.40000 -2.020
32.42000 -1.244
32.44000 -0.511
32.46000 0.965
32.48000 0.690
32.50000 -1.733
32.52000 -1.097
32.54000 1.547
32.56000 1.716
32.58000 -1.417
32.60000 6.092
32.62000 2.646
32.64000 -0.814
32.66000 -2.783
32.68000 -1.089
32.70000 0.804
32.72000 0.375
32.74000 1.791
32.76000 -0.468
32.78000 3.878
32.80000 5.299
32.82000 6.284
32.84000 8.372
32.86000 3.832
32.88000 -3.252
32.90000 -1.017
32.92000 6.862
32.94000 11.709
32.96000 4.646
32.98000 1.257
33.00000 3.101
33.02000 1.171
33.04000 3.254
33.06000 1.889
33.08000 2.899
33.10000 -0.660
33.12000 -1.458
33.14000 -0.708
33.16000 -3.625
33.18000 -3.204
33.20000 0.518
33.22000 3.029
33.24000 3.846
33.26000 2.957
33.28000 3.209
33.30000 -1.530
33.32000 0.683
33.34000 2.349
33.36000 3.236
33.38000 4.926
33.40000 5.090
33.42000 2.333
33.44000 2.968
33.46000 6.227
33.48000 10.168
33.50000 7.905
33.52000 5.542
33.54000 2.122
33.56000 5.076
33.58000 5.919
33.60000 4.071
33.62000 2.680
33.64000 0.655
33.66000 5.080
33.68000 5.130
33.70000 0.571
33.72000 2.269
33.74000 6.243
33.76000 5.470
33.78000 4.094
33.80000 4.609
33.82000 6.902
33.84000 9.897
33.86000 7.800
33.88000 5.927
33.90000 3.810
33.92000 4.672
33.94000 3.026
33.96000 5.826
33.98000 10.808
34.00000 10.677
34.02000 7.281
34.04000 4.412
34.06000 1.369
34.08000 2.794
34.10000 2.090
34.12000 5.740
34.14000 9.625
34.16000 5.378
34.18000 1.642
34.20000 3.210
34.22000 3.653
34.24000 1.058
34.26000 1.502
34.28000 4.977
34.30000 4.613
34.32000 1.681
34.34000 5.071
34.36000 2.164
34.38000 -2.708
34.40000 3.137
34.42000 5.774
34.44000 0.843
34.46000 3.600
34.48000 7.484
34.50000 4.599
34.52000 0.795
34.54000 3.344
34.56000 3.472
34.58000 5.260
34.60000 4.510
34.62000 1.353
34.64000 -0.918
34.66000 4.244
34.68000 9.779
34.70000 6.566
34.72000 5.861
34.74000 4.192
34.76000 3.097
34.78000 5.210
34.80000 5.396
34.82000 1.567
34.84000 2.560
34.86000 -1.507
34.88000 4.667
34.90000 9.204
34.92000 6.413
34.94000 8.090
34.96000 4.673
34.98000 3.976
35.00000 4.542
35.02000 2.344
35.04000 2.533
35.06000 4.618
35.08000 4.518
35.10000 2.286
35.12000 5.225
35.14000 7.469
35.16000 6.530
35.18000 5.893
35.20000 8.259
35.22000 5.860
35.24000 3.290
35.26000 2.909
35.28000 4.454
35.30000 1.687
35.32000 -3.562
35.34000 3.007
35.36000 8.101
35.38000 10.042
35.40000 5.363
35.42000 3.920
35.44000 5.858
35.46000 4.414
35.48000 5.246
35.50000 4.262
35.52000 2.386
35.54000 7.151
35.56000 9.671
35.58000 4.384
35.60000 3.001
35.62000 0.941
35.64000 2.332
35.66000 3.106
35.68000 5.176
35.70000 6.520
35.72000 3.721
35.74000 5.565
35.76000 5.122
35.78000 6.141
35.80000 4.982
35.82000 2.967
35.84000 2.732
35.86000 6.247
35.88000 7.321
35.90000 5.011
35.92000 5.539
35.94000 5.586
35.96000 5.106
35.98000 6.118
36.00000 6.790
36.02000 5.925
36.04000 3.064
36.06000 3.241
36.08000 4.037
36.10000 4.676
36.12000 6.410
36.14000 3.295
36.16000 4.185
36.18000 7.172
36.20000 1.049
36.22000 -0.661
36.24000 6.782
36.26000 5.879
36.28000 0.460
36.30000 -2.075
36.32000 2.800
36.34000 6.474
36.36000 6.485
36.38000 3.876
36.40000 3.573
36.42000 3.490
36.44000 5.605
36.46000 2.687
36.48000 6.884
36.50000 8.432
36.52000 8.868
36.54000 7.545
36.56000 4.901
36.58000 4.437
36.60000 8.333
36.62000 11.470
36.64000 9.733
36.66000 7.115
36.68000 6.975
36.70000 8.864
36.72000 14.831
36.74000 9.068
36.76000 11.809
36.78000 11.768
36.80000 10.788
36.82000 10.744
36.84000 7.821
36.86000 6.949
36.88000 16.889
36.90000 15.277
36.92000 10.832
36.94000 15.098
36.96000 13.522
36.98000 12.661
37.00000 12.560
37.02000 11.511
37.04000 9.247
37.06000 19.732
37.08000 17.821
37.10000 14.535
37.12000 14.360
37.14000 12.285
37.16000 15.881
37.18000 11.974
37.20000 15.333
37.22000 16.887
37.24000 16.302
37.26000 15.157
37.28000 17.436
37.30000 21.321
37.32000 20.463
37.34000 23.371
37.36000 23.663
37.38000 17.857
37.40000 19.858
37.42000 20.945
37.44000 21.451
37.46000 21.514
37.48000 20.239
37.50000 27.826
37.52000 25.989
37.54000 26.475
37.56000 26.368
37.58000 28.075
37.60000 28.380
37.62000 27.142
37.64000 35.695
37.66000 33.659
37.68000 30.717
37.70000 31.783
37.72000 30.932
37.74000 35.881
37.76000 31.205
37.78000 39.411
37.80000 39.569
37.82000 38.351
37.84000 41.858
37.86000 43.467
37.88000 47.255
37.90000 43.593
37.92000 43.180
37.94000 50.780
37.96000 59.016
37.98000 59.615
38.00000 58.539
38.02000 61.059
38.04000 61.678
38.06000 61.689
38.08000 60.169
38.10000 65.698
38.12000 69.058
38.14000 73.839
38.16000 80.623
38.18000 79.502
38.20000 87.575
38.22000 93.686
38.24000 96.610
38.26000 99.856
38.28000 107.097
38.30000 117.061
38.32000 122.906
38.34000 123.669
38.36000 132.562
38.38000 144.916
38.40000 157.402
38.42000 161.144
38.44000 175.797
38.46000 188.350
38.48000 198.738
38.50000 212.605
38.52000 223.107
38.54000 233.404
38.56000 238.444
38.58000 245.030
38.60000 259.164
38.62000 275.524
38.64000 278.157
38.66000 294.916
38.68000 311.223
38.70000 321.695
38.72000 318.314
38.74000 316.363
38.76000 321.604
38.78000 317.224
38.80000 314.824
38.82000 317.104
38.84000 315.266
38.86000 314.414
38.88000 299.275
38.90000 299.009
38.92000 287.068
38.94000 271.125
38.96000 266.343
38.98000 254.935
39.00000 238.120
39.02000 233.734
39.04000 226.246
39.06000 211.172
39.08000 191.966
39.10000 182.400
39.12000 178.706
39.14000 166.889
39.16000 153.985
39.18000 144.442
39.20000 133.741
39.22000 134.608
39.24000 125.008
39.26000 113.079
39.28000 101.243
39.30000 96.487
39.32000 97.171
39.34000 89.597
39.36000 76.741
39.38000 78.051
39.40000 74.455
39.42000 70.418
39.44000 69.069
39.46000 67.990
39.48000 70.998
39.50000 60.992
39.52000 56.669
39.54000 50.682
39.56000 48.999
39.58000 46.463
39.60000 48.381
39.62000 48.093
39.64000 44.795
39.66000 44.029
39.68000 42.358
39.70000 42.066
39.72000 36.183
39.74000 35.904
39.76000 36.203
39.78000 31.353
39.80000 31.011
39.82000 30.249
39.84000 31.042
39.86000 34.702
39.88000 26.308
39.90000 23.164
39.92000 29.449
39.94000 30.769
39.96000 28.723
39.98000 26.109
40.00000 25.239
40.02000 24.530
40.04000 24.380
40.06000 24.857
40.08000 22.118
40.10000 19.756
40.12000 21.642
40.14000 18.654
40.16000 16.256
40.18000 12.983
40.20000 14.946
40.22000 20.417
40.24000 19.294
40.26000 13.445
40.28000 13.901
40.30000 16.383
40.32000 17.978
40.34000 13.379
40.36000 10.073
40.38000 7.592
40.40000 11.863
40.42000 16.134
40.44000 13.431
40.46000 15.724
40.48000 12.013
40.50000 10.435
40.52000 11.539
40.54000 12.496
40.56000 10.412
40.58000 8.945
40.60000 13.751
40.62000 11.691
40.64000 9.589
40.66000 7.680
40.68000 5.127
40.70000 1.907
40.72000 1.852
40.74000 5.464
40.76000 6.926
40.78000 10.043
40.80000 4.745
40.82000 6.700
40.84000 7.181
40.86000 6.438
40.88000 5.009
40.90000 6.677
40.92000 2.144
40.94000 6.629
40.96000 5.010
40.98000 -1.448
41.00000 0.554
41.02000 1.926
41.04000 8.243
41.06000 8.155
41.08000 9.999
41.10000 7.775
41.12000 5.546
41.14000 2.009
41.16000 0.753
41.18000 3.188
41.20000 6.089
41.22000 6.827
41.24000 1.589
41.26000 1.592
41.28000 -0.319
41.30000 -1.330
41.32000 7.140
41.34000 6.468
41.36000 2.644
41.38000 0.221
41.40000 -0.487
41.42000 2.743
41.44000 2.128
41.46000 2.471
41.48000 2.788
41.50000 -0.487
41.52000 2.707
41.54000 -1.088
41.56000 -1.011
41.58000 -1.861
41.60000 1.156
41.62000 6.108
41.64000 1.260
41.66000 -3.485
41.68000 -3.408
41.70000 3.165
41.72000 3.222
41.74000 0.900
41.76000 4.164
41.78000 0.504
41.80000 2.304
41.82000 -0.822
41.84000 -1.267
41.86000 2.629
41.88000 1.113
41.90000 1.189
41.92000 -0.250
41.94000 -2.139
41.96000 -0.346
41.98000 0.428
42.00000 1.600
42.02000 2.251
42.04000 -0.175
42.06000 -3.379
42.08000 0.672
42.10000 -0.130
42.12000 2.447
42.14000 1.393
42.16000 4.510
42.18000 4.698
42.20000 1.551
42.22000 1.057
42.24000 -0.083
42.26000 -0.382
42.28000 -1.843
42.30000 -0.511
42.32000 5.827
42.34000 6.332
42.36000 -0.391
42.38000 -3.353
42.40000 0.397
42.42000 0.501
42.44000 -1.021
42.46000 -0.125
42.48000 0.825
42.50000 0.792
42.52000 3.951
42.54000 0.807
42.56000 -0.714
42.58000 -0.706
42.60000 0.521
42.62000 0.529
42.64000 -3.220
42.66000 -2.077
42.68000 -0.714
42.70000 3.658
42.72000 4.993
42.74000 3.095
42.76000 -3.329
42.78000 1.453
42.80000 4.861
42.82000 5.699
42.84000 -0.003
42.86000 -2.599
42.88000 -1.897
42.90000 2.685
42.92000 2.990
42.94000 1.829
42.96000 0.807
42.98000 1.217
43.00000 2.129
43.02000 2.313
43.04000 2.396
43.06000 3.546
43.08000 2.011
43.10000 3.941
43.12000 2.986
43.14000 2.860
43.16000 3.016
43.18000 2.793
43.20000 3.342
43.22000 1.615
43.24000 -0.683
43.26000 2.787
43.28000 -0.498
43.30000 -3.302
43.32000 -1.566
43.34000 -0.810
43.36000 0.545
43.38000 0.684
43.40000 -0.202
43.42000 1.123
43.44000 -0.829
43.46000 2.166
43.48000 3.031
43.50000 1.978
43.52000 2.606
43.54000 3.001
43.56000 1.848
43.58000 2.879
43.60000 3.061
43.62000 -0.125
43.64000 2.948
43.66000 -0.201
43.68000 1.180
43.70000 6.872
43.72000 4.402
43.74000 5.960
43.76000 7.988
43.78000 4.518
43.80000 5.342
43.82000 6.979
43.84000 6.727
43.86000 5.817
43.88000 2.690
43.90000 4.232
43.92000 8.670
43.94000 9.404
43.96000 8.853
43.98000 7.847
44.00000 6.281
44.02000 3.984
44.04000 11.080
44.06000 8.604
44.08000 7.065
44.10000 11.005
44.12000 13.524
44.14000 10.316
44.16000 7.264
44.18000 8.280
44.20000 11.195
44.22000 12.450
44.24000 16.761
44.26000 12.330
44.28000 14.872
44.30000 15.023
44.32000 18.820
44.34000 20.675
44.36000 24.157
44.38000 22.535
44.40000 17.042
44.42000 23.268
44.44000 28.808
44.46000 26.033
44.48000 28.247
44.50000 34.347
44.52000 36.460
44.54000 36.993
44.56000 36.434
44.58000 40.319
44.60000 45.327
44.62000 43.324
44.64000 42.790
44.66000 40.037
44.68000 46.695
44.70000 53.049
44.72000 54.306
44.74000 57.958
44.76000 58.993
44.78000 65.686
44.80000 74.051
44.82000 73.145
44.84000 74.565
44.86000 80.276
44.88000 78.195
44.90000 84.532
44.92000 92.332
44.94000 90.121
44.96000 91.061
44.98000 89.153
45.00000 94.763
45.02000 101.550
45.04000 100.783
45.06000 100.967
45.08000 98.157
45.10000 99.040
45.12000 104.071
45.14000 104.860
45.16000 101.488
45.18000 103.573
45.20000 105.370
45.22000 104.210
45.24000 101.051
45.26000 95.278
45.28000 87.648
45.30000 84.998
45.32000 83.485
45.34000 77.675
45.36000 78.531
45.38000 78.181
45.40000 73.815
45.42000 70.495
45.44000 66.474
45.46000 62.886
45.48000 59.906
45.50000 56.287
45.52000 55.157
45.54000 53.466
45.56000 53.169
45.58000 48.929
45.60000 45.746
45.62000 43.192
45.64000 40.702
45.66000 36.190
45.68000 33.187
45.70000 34.841
45.72000 35.510
45.74000 26.969
45.76000 27.398
45.78000 26.385
45.80000 21.453
45.82000 21.590
45.84000 15.884
45.86000 20.357
45.88000 14.744
45.90000 14.955
45.92000 16.726
45.94000 16.037
45.96000 17.488
45.98000 15.744
46.00000 16.959
46.02000 17.815
46.04000 15.208
46.06000 7.445
46.08000 6.769
46.10000 4.490
46.12000 5.448
46.14000 5.215
46.16000 4.687
46.18000 8.132
46.20000 6.729
46.22000 12.977
46.24000 9.649
46.26000 5.625
46.28000 3.197
46.30000 5.718
46.32000 4.343
46.34000 4.017
46.36000 3.345
46.38000 -0.508
46.40000 1.897
46.42000 5.139
46.44000 1.604
46.46000 -0.964
46.48000 3.058
46.50000 4.870
46.52000 3.372
46.54000 2.743
46.56000 0.798
46.58000 2.595
46.60000 2.629
46.62000 1.189
46.64000 -0.888
46.66000 2.147
46.68000 2.608
46.70000 1.659
46.72000 2.265
46.74000 -2.942
46.76000 -0.891
46.78000 -0.398
46.80000 4.233
46.82000 4.114
46.84000 1.933
46.86000 0.995
46.88000 3.435
46.90000 2.142
46.92000 3.334
46.94000 4.688
46.96000 5.570
46.98000 6.165
47.00000 4.918
47.02000 6.946
47.04000 4.532
47.06000 2.393
47.08000 2.547
47.10000 2.733
47.12000 6.261
47.14000 0.785
47.16000 2.900
47.18000 4.330
47.20000 5.254
47.22000 2.195
47.24000 -0.044
47.26000 -1.335
47.28000 -2.854
47.30000 2.082
47.32000 4.681
47.34000 -0.840
47.36000 3.207
47.38000 5.729
47.40000 6.512
47.42000 5.287
47.44000 4.617
47.46000 0.806
47.48000 1.599
47.50000 2.658
47.52000 2.899
47.54000 5.270
47.56000 5.546
47.58000 3.119
47.60000 -0.030
47.62000 3.133
47.64000 1.034
47.66000 2.813
47.68000 3.171
47.70000 4.671
47.72000 1.657
47.74000 2.330
47.76000 0.772
47.78000 -0.061
47.80000 2.381
47.82000 4.961
47.84000 1.812
47.86000 2.845
47.88000 5.554
47.90000 7.190
47.92000 8.836
47.94000 6.109
47.96000 7.490
47.98000 8.133
48.00000 5.884
48.02000 2.841
48.04000 6.164
48.06000 0.709
48.08000 -1.213
48.10000 1.822
48.12000 -2.793
48.14000 -0.782
48.16000 5.342
48.18000 5.117
48.20000 -0.278
48.22000 -1.691
48.24000 4.139
48.26000 2.087
48.28000 1.934
48.30000 4.401
48.32000 4.165
48.34000 4.883
48.36000 2.437
48.38000 0.017
48.40000 2.591
48.42000 1.045
48.44000 3.766
48.46000 4.419
48.48000 7.099
48.50000 5.400
48.52000 0.865
48.54000 2.615
48.56000 8.620
48.58000 2.526
48.60000 -0.968
48.62000 1.270
48.64000 4.362
48.66000 6.383
48.68000 5.489
48.70000 4.405
48.72000 3.502
48.74000 -1.204
48.76000 -0.169
48.78000 -0.159
48.80000 2.061
48.82000 0.473
48.84000 2.048
48.86000 1.657
48.88000 -0.458
48.90000 1.820
48.92000 5.083
48.94000 8.056
48.96000 3.163
48.98000 2.364
49.00000 2.371
49.02000 1.260
49.04000 3.626
49.06000 2.024
49.08000 4.216
49.10000 7.131
49.12000 5.165
49.14000 5.123
49.16000 5.420
49.18000 2.061
49.20000 -2.705
49.22000 1.683
49.24000 2.951
49.26000 1.491
49.28000 2.425
49.30000 4.798
49.32000 5.029
49.34000 5.672
49.36000 4.959
49.38000 7.906
49.40000 11.120
49.42000 7.011
49.44000 3.821
49.46000 4.725
49.48000 0.884
49.50000 3.828
49.52000 5.344
49.54000 4.691
49.56000 3.560
49.58000 1.420
49.60000 5.004
49.62000 5.899
49.64000 5.571
49.66000 6.807
49.68000 5.785
49.70000 3.486
49.72000 3.095
49.74000 3.637
49.76000 3.568
49.78000 3.892
49.80000 7.369
49.82000 4.602
49.84000 4.445
49.86000 6.361
49.88000 8.299
49.90000 7.381
49.92000 1.603
49.94000 0.403
49.96000 4.095
49.98000 5.677
50.00000 -0.673
50.02000 -1.066
50.04000 2.367
50.06000 4.407
50.08000 5.235
50.10000 3.529
50.12000 4.504
50.14000 0.357
50.16000 2.108
50.18000 1.012
50.20000 -2.112
50.22000 -0.535
50.24000 4.864
50.26000 2.734
50.28000 1.766
50.30000 1.364
50.32000 -2.671
50.34000 3.192
50.36000 5.921
50.38000 2.906
50.40000 -1.114
50.42000 -1.259
50.44000 1.946
50.46000 5.189
50.48000 9.087
50.50000 7.082
50.52000 2.403
50.54000 5.343
50.56000 7.763
50.58000 4.277
50.60000 3.491
50.62000 6.567
50.64000 6.617
50.66000 6.521
50.68000 2.228
50.70000 6.394
50.72000 5.896
50.74000 9.279
50.76000 4.314
50.78000 0.440
50.80000 1.670
50.82000 0.448
50.84000 2.100
50.86000 3.322
50.88000 6.487
50.90000 6.660
50.92000 3.997
50.94000 3.928
50.96000 4.783
50.98000 0.237
51.00000 -1.308
51.02000 4.469
51.04000 4.121
51.06000 5.019
51.08000 5.907
51.10000 5.756
51.12000 5.942
51.14000 3.728
51.16000 0.459
51.18000 1.312
51.20000 0.861
51.22000 -0.745
51.24000 2.288
51.26000 3.746
51.28000 5.959
51.30000 0.400
51.32000 0.334
51.34000 6.029
51.36000 10.945
51.38000 5.453
51.40000 8.574
51.42000 3.187
51.44000 3.674
51.46000 2.243
51.48000 1.517
51.50000 2.779
51.52000 9.035
51.54000 6.004
51.56000 3.091
51.58000 2.738
51.60000 8.752
51.62000 4.385
51.64000 8.190
51.66000 1.573
51.68000 -2.629
51.70000 -0.522
51.72000 2.889
51.74000 0.600
51.76000 1.488
51.78000 7.004
51.80000 6.907
51.82000 4.618
51.84000 4.448
51.86000 2.938
51.88000 5.327
51.90000 4.901
51.92000 3.829
51.94000 4.158
51.96000 7.201
51.98000 8.520
52.00000 5.076
52.02000 0.859
52.04000 3.934
52.06000 5.324
52.08000 4.585
52.10000 5.105
52.12000 3.371
52.14000 -0.329
52.16000 1.780
52.18000 3.484
52.20000 4.613
52.22000 6.925
52.24000 4.816
52.26000 1.731
52.28000 4.910
52.30000 1.483
52.32000 5.695
52.34000 4.077
52.36000 3.831
52.38000 2.410
52.40000 5.704
52.42000 1.247
52.44000 3.603
52.46000 4.008
52.48000 1.530
52.50000 6.026
52.52000 0.755
52.54000 -0.794
52.56000 -0.534
52.58000 3.131
52.60000 -0.479
52.62000 -1.479
52.64000 -0.763
52.66000 4.104
52.68000 5.181
52.70000 0.828
52.72000 -2.306
52.74000 -1.408
52.76000 1.432
52.78000 1.721
52.80000 2.192
52.82000 1.027
52.84000 0.605
52.86000 3.227
52.88000 4.776
52.90000 5.375
52.92000 5.074
52.94000 6.959
52.96000 5.886
52.98000 2.354
53.00000 3.258
53.02000 2.532
53.04000 4.205
53.06000 3.589
53.08000 1.363
53.10000 -0.970
53.12000 5.031
53.14000 6.818
53.16000 3.369
53.18000 3.646
53.20000 2.058
53.22000 2.432
53.24000 2.492
53.26000 -1.053
53.28000 0.570
53.30000 -1.736
53.32000 -1.578
53.34000 -0.581
53.36000 2.590
53.38000 -1.078
53.40000 -2.219
53.42000 0.004
53.44000 -0.041
53.46000 1.168
53.48000 1.186
53.50000 4.900
53.52000 2.032
53.54000 -1.665
53.56000 -1.729
53.58000 -2.602
53.60000 2.963
53.62000 6.784
53.64000 3.321
53.66000 3.413
53.68000 0.132
53.70000 3.730
53.72000 2.878
53.74000 -0.411
53.76000 -1.011
53.78000 -2.589
53.80000 -1.751
53.82000 -0.060
53.84000 1.220
53.86000 3.919
53.88000 5.384
53.90000 5.298
53.92000 2.109
53.94000 2.925
53.96000 6.211
53.98000 4.248
54.00000 0.671
54.02000 0.078
54.04000 1.665
54.06000 3.237
54.08000 5.232
54.10000 6.901
54.12000 3.503
54.14000 2.556
54.16000 3.997
54.18000 4.678
54.20000 4.470
54.22000 5.908
54.24000 2.917
54.26000 3.531
54.28000 4.953
54.30000 4.243
54.32000 -2.420
54.34000 1.212
54.36000 1.467
54.38000 1.013
54.40000 3.959
54.42000 6.558
54.44000 3.918
54.46000 3.097
54.48000 1.053
54.50000 1.452
54.52000 0.773
54.54000 2.740
54.56000 4.222
54.58000 3.780
54.60000 3.578
54.62000 -2.569
54.64000 1.623
54.66000 4.619
54.68000 3.877
54.70000 5.528
54.72000 2.944
54.74000 0.850
54.76000 1.297
54.78000 4.397
54.80000 4.635
54.82000 6.842
54.84000 3.424
54.86000 1.697
54.88000 0.386
54.90000 3.447
54.92000 7.329
54.94000 2.257
54.96000 1.012
54.98000 0.988
55.00000 1.644
55.02000 2.201
55.04000 0.001
55.06000 -1.941
55.08000 -0.755
55.10000 4.646
55.12000 2.464
55.14000 3.584
55.16000 3.895
55.18000 7.092
55.20000 8.222
55.22000 3.201
55.24000 0.485
55.26000 0.820
55.28000 2.949
55.30000 6.605
55.32000 4.085
55.34000 3.490
55.36000 8.282
55.38000 10.074
55.40000 4.699
55.42000 -0.068
55.44000 -1.735
55.46000 -2.533
55.48000 0.935
55.50000 7.136
55.52000 2.689
55.54000 1.817
55.56000 2.670
55.58000 3.854
55.60000 2.631
55.62000 3.318
55.64000 -0.463
55.66000 -0.526
55.68000 2.080
55.70000 10.335
55.72000 8.469
55.74000 2.320
55.76000 2.665
55.78000 3.315
55.80000 3.123
55.82000 1.471
55.84000 6.056
55.86000 1.399
55.88000 2.131
55.90000 -0.671
55.92000 -2.146
55.94000 3.249
55.96000 3.283
55.98000 5.726
56.00000 4.109
56.02000 2.406
56.04000 4.424
56.06000 5.430
56.08000 3.032
56.10000 1.735
56.12000 7.077
56.14000 3.221
56.16000 5.058
56.18000 5.598
56.20000 5.549
56.22000 2.996
56.24000 1.921
56.26000 3.920
56.28000 0.745
56.30000 3.921
56.32000 4.749
56.34000 -1.476
56.36000 -2.534
56.38000 3.228
56.40000 3.570
56.42000 0.401
56.44000 1.163
56.46000 -0.803
56.48000 0.114
56.50000 1.324
56.52000 3.280
56.54000 2.930
56.56000 -1.570
56.58000 -0.500
56.60000 1.894
56.62000 1.442
56.64000 0.766
56.66000 2.519
56.68000 3.824
56.70000 -1.757
56.72000 1.111
56.74000 -2.522
56.76000 -0.858
56.78000 3.340
56.80000 2.188
56.82000 1.845
56.84000 3.251
56.86000 4.286
56.88000 0.237
56.90000 1.561
56.92000 2.848
56.94000 1.897
56.96000 2.634
56.98000 2.987
57.00000 2.127
57.02000 2.145
57.04000 0.685
57.06000 0.071
57.08000 0.505
57.10000 3.243
57.12000 6.560
57.14000 3.442
57.16000 4.016
57.18000 6.308
57.20000 5.526
57.22000 4.205
57.24000 4.510
57.26000 5.926
57.28000 1.788
57.30000 -2.490
57.32000 -1.729
57.34000 1.523
57.36000 4.025
57.38000 6.477
57.40000 5.737
57.42000 3.599
57.44000 5.374
57.46000 6.243
57.48000 5.258
57.50000 -0.979
57.52000 -1.321
57.54000 -1.397
57.56000 -0.549
57.58000 0.077
57.60000 -1.239
57.62000 0.499
57.64000 4.539
57.66000 1.886
57.68000 1.558
57.70000 7.474
57.72000 5.398
57.74000 1.709
57.76000 1.539
57.78000 4.105
57.80000 4.833
57.82000 6.658
57.84000 1.969
57.86000 0.655
57.88000 0.883
57.90000 -0.410
57.92000 0.480
57.94000 1.415
57.96000 3.678
57.98000 1.553
58.00000 3.472
58.02000 1.739
58.04000 1.688
58.06000 2.644
58.08000 2.690
58.10000 2.332
58.12000 -2.477
58.14000 -2.477
58.16000 2.021
58.18000 6.612
58.20000 4.652
58.22000 -1.336
58.24000 -0.113
58.26000 1.083
58.28000 2.271
58.30000 5.887
58.32000 1.520
58.34000 1.131
58.36000 2.539
58.38000 2.797
58.40000 4.896
58.42000 5.012
58.44000 3.266
58.46000 -0.404
58.48000 1.818
58.50000 3.296
58.52000 4.497
58.54000 3.226
58.56000 0.274
58.58000 -2.465
58.60000 2.416
58.62000 2.612
58.64000 1.516
58.66000 0.959
58.68000 -1.862
58.70000 1.275
58.72000 3.365
58.74000 1.992
58.76000 0.184
58.78000 3.898
58.80000 4.584
58.82000 4.051
58.84000 2.939
58.86000 2.615
58.88000 5.201
58.90000 1.156
58.92000 1.326
58.94000 1.705
58.96000 -2.225
58.98000 -0.555
59.00000 -0.588
59.02000 2.558
59.04000 0.601
59.06000 -0.793
59.08000 2.596
59.10000 5.601
59.12000 6.722
59.14000 2.027
59.16000 1.539
59.18000 -0.425
59.20000 -1.723
59.22000 -1.368
59.24000 0.407
59.26000 2.840
59.28000 3.866
59.30000 9.012
59.32000 3.499
59.34000 3.070
59.36000 2.986
59.38000 3.868
59.40000 1.194
59.42000 2.227
59.44000 5.666
59.46000 4.101
59.48000 1.315
59.50000 1.370
59.52000 4.043
59.54000 4.245
59.56000 5.108
59.58000 1.437
59.60000 0.038
59.62000 -2.415
59.64000 -0.763
59.66000 2.859
59.68000 4.626
59.70000 7.127
59.72000 6.741
59.74000 3.551
59.76000 4.472
59.78000 4.938
59.80000 7.371
59.82000 3.862
59.84000 5.385
59.86000 2.233
59.88000 3.982
59.90000 2.929
59.92000 0.394
59.94000 -0.335
59.96000 -0.288
59.98000 3.714
60.00000 0.883
60.02000 3.427
60.04000 2.736
60.06000 2.076
60.08000 4.022
60.10000 3.790
60.12000 2.081
60.14000 3.490
60.16000 2.235
60.18000 3.426
60.20000 2.478
60.22000 4.525
60.24000 3.848
60.26000 6.341
60.28000 3.260
60.30000 1.039
60.32000 -1.245
60.34000 1.772
60.36000 7.477
60.38000 1.512
60.40000 1.221
60.42000 1.723
60.44000 5.573
60.46000 5.041
60.48000 0.477
60.50000 3.183
60.52000 2.017
60.54000 1.574
60.56000 2.813
60.58000 2.384
60.60000 6.909
60.62000 7.808
60.64000 4.759
60.66000 1.389
60.68000 4.236
60.70000 2.650
60.72000 0.565
60.74000 0.418
60.76000 2.132
60.78000 3.222
60.80000 2.454
60.82000 2.446
60.84000 3.434
60.86000 4.439
60.88000 3.162
60.90000 -0.111
60.92000 3.091
60.94000 5.538
60.96000 6.609
60.98000 6.111
61.00000 7.328
61.02000 4.548
61.04000 3.076
61.06000 3.811
61.08000 2.164
61.10000 2.192
61.12000 3.644
61.14000 4.672
61.16000 7.247
61.18000 7.204
61.20000 3.869
61.22000 -0.591
61.24000 -2.323
61.26000 3.594
61.28000 2.650
61.30000 1.604
61.32000 2.018
61.34000 2.103
61.36000 3.309
61.38000 7.096
61.40000 4.978
61.42000 5.170
61.44000 2.668
61.46000 4.097
61.48000 5.099
61.50000 5.652
61.52000 2.824
61.54000 1.539
61.56000 0.094
61.58000 3.991
61.60000 7.128
61.62000 5.624
61.64000 7.733
61.66000 4.485
61.68000 3.629
61.70000 5.038
61.72000 3.152
61.74000 1.925
61.76000 3.671
61.78000 5.017
61.80000 4.036
61.82000 6.135
61.84000 5.006
61.86000 3.982
61.88000 1.431
61.90000 4.744
61.92000 6.503
61.94000 5.118
61.96000 3.900
61.98000 4.426
62.00000 4.614
62.02000 1.959
62.04000 -0.657
62.06000 -2.320
62.08000 2.198
62.10000 2.899
62.12000 2.183
62.14000 -0.035
62.16000 2.227
62.18000 5.168
62.20000 3.230
62.22000 3.012
62.24000 5.087
62.26000 5.870
62.28000 2.571
62.30000 0.489
62.32000 4.274
62.34000 1.522
62.36000 0.841
62.38000 2.541
62.40000 3.567
62.42000 4.851
62.44000 3.039
62.46000 2.899
62.48000 2.314
62.50000 2.064
62.52000 4.296
62.54000 4.865
62.56000 5.616
62.58000 5.063
62.60000 3.214
62.62000 3.780
62.64000 0.532
62.66000 -2.297
62.68000 2.688
62.70000 2.598
62.72000 1.407
62.74000 0.691
62.76000 0.654
62.78000 5.054
62.80000 5.993
62.82000 3.123
62.84000 0.730
62.86000 1.612
62.88000 2.441
62.90000 1.689
62.92000 2.496
62.94000 6.610
62.96000 5.770
62.98000 6.930
63.00000 4.792
63.02000 1.985
63.04000 0.593
63.06000 3.976
63.08000 5.466
63.10000 3.849
63.12000 4.103
63.14000 2.447
63.16000 0.248
63.18000 1.309
63.20000 -1.537
63.22000 -0.812
63.24000 -2.027
63.26000 1.769
63.28000 3.224
63.30000 1.807
63.32000 2.969
63.34000 1.239
63.36000 3.926
63.38000 7.849
63.40000 5.134
63.42000 -0.133
63.44000 0.337
63.46000 0.610
63.48000 2.615
63.50000 -0.892
63.52000 -1.338
63.54000 -0.439
63.56000 -1.134
63.58000 -2.337
63.60000 1.275
63.62000 -0.962
63.64000 0.234
63.66000 -0.383
63.68000 -0.146
63.70000 2.018
63.72000 1.682
63.74000 2.163
63.76000 -0.153
63.78000 1.180
63.80000 2.430
63.82000 2.594
63.84000 0.769
63.86000 -0.443
63.88000 3.421
63.90000 5.454
63.92000 1.377
63.94000 3.630
63.96000 4.291
63.98000 2.911
64.00000 -1.346
64.02000 -0.242
64.04000 0.543
64.06000 -0.278
64.08000 0.275
64.10000 1.183
64.12000 1.913
64.14000 2.674
64.16000 3.091
64.18000 4.987
64.20000 1.877
64.22000 -0.469
64.24000 -0.669
64.26000 0.469
64.28000 2.921
64.30000 0.751
64.32000 0.969
64.34000 2.332
64.36000 2.426
64.38000 3.415
64.40000 -0.350
64.42000 -1.682
64.44000 -0.748
64.46000 3.172
64.48000 0.473
64.50000 -0.635
64.52000 2.184
64.54000 3.736
64.56000 -1.511
64.58000 -1.054
64.60000 3.396
64.62000 0.864
64.64000 -2.315
64.66000 -1.418
64.68000 1.638
64.70000 1.974
64.72000 -0.541
64.74000 0.457
64.76000 7.421
64.78000 5.037
64.80000 2.963
64.82000 3.787
64.84000 2.021
64.86000 1.909
64.88000 -0.122
64.90000 -2.331
64.92000 0.246
64.94000 0.027
64.96000 1.177
64.98000 2.358
65.00000 2.582
65.02000 1.997
65.04000 2.745
65.06000 5.497
65.08000 7.171
65.10000 8.900
65.12000 5.161
65.14000 3.538
65.16000 3.010
65.18000 2.614
65.20000 2.710
65.22000 2.965
65.24000 5.521
65.26000 3.527
65.28000 2.826
65.30000 5.358
65.32000 4.732
65.34000 4.710
65.36000 6.020
65.38000 8.245
65.40000 8.740
65.42000 6.725
65.44000 2.770
65.46000 2.680
65.48000 3.608
65.50000 6.331
65.52000 3.922
65.54000 2.473
65.56000 2.449
65.58000 5.398
65.60000 7.207
65.62000 7.646
65.64000 7.647
65.66000 6.150
65.68000 3.824
65.70000 6.593
65.72000 4.291
65.74000 3.841
65.76000 4.496
65.78000 5.834
65.80000 5.161
65.82000 3.171
65.84000 3.990
65.86000 6.051
65.88000 4.343
65.90000 5.065
65.92000 7.007
65.94000 7.408
65.96000 4.726
65.98000 3.258
66.00000 3.861
66.02000 4.467
66.04000 4.537
66.06000 2.487
66.08000 4.254
66.10000 1.522
66.12000 2.899
66.14000 4.332
66.16000 7.314
66.18000 1.460
66.20000 2.407
66.22000 3.485
66.24000 0.256
66.26000 0.138
66.28000 -0.769
66.30000 -2.315
66.32000 1.423
66.34000 4.604
66.36000 1.722
66.38000 1.339
66.40000 -0.230
66.42000 -1.464
66.44000 -1.237
66.46000 0.460
66.48000 1.366
66.50000 -0.127
66.52000 0.548
66.54000 0.805
66.56000 0.804
66.58000 0.480
66.60000 -1.431
66.62000 0.788
66.64000 -0.364
66.66000 2.154
66.68000 0.826
66.70000 -0.178
66.72000 -2.092
66.74000 -1.456
66.76000 0.965
66.78000 0.536
66.80000 -2.078
66.82000 0.235
66.84000 -1.749
66.86000 -1.316
66.88000 0.282
66.90000 0.404
66.92000 0.589
66.94000 0.746
66.96000 1.664
66.98000 1.663
67.00000 -0.170
67.02000 1.343
67.04000 2.807
67.06000 -0.803
67.08000 -2.280
67.10000 2.596
67.12000 1.458
67.14000 1.553
67.16000 2.154
67.18000 1.831
67.20000 1.042
67.22000 2.564
67.24000 -0.072
67.26000 1.366
67.28000 3.983
67.30000 0.955
67.32000 -1.272
67.34000 1.248
67.36000 2.857
67.38000 2.409
67.40000 -0.927
67.42000 0.609
67.44000 0.203
67.46000 0.757
67.48000 1.222
67.50000 -0.943
67.52000 -0.509
67.54000 -0.851
67.56000 0.056
67.58000 0.595
67.60000 -0.740
67.62000 -0.832
67.64000 0.682
67.66000 2.125
67.68000 -0.204
67.70000 -1.155
67.72000 0.427
67.74000 1.072
67.76000 3.275
67.78000 3.794
67.80000 4.866
67.82000 2.059
67.84000 -1.970
67.86000 -0.155
67.88000 3.358
67.90000 2.094
67.92000 1.467
67.94000 0.023
67.96000 1.531
67.98000 2.047
68.00000 2.006
68.02000 0.976
68.04000 -1.294
68.06000 0.979
68.08000 2.968
68.10000 3.545
68.12000 4.092
68.14000 4.170
68.16000 1.819
68.18000 0.620
68.20000 2.710
68.22000 2.553
68.24000 2.230
68.26000 4.325
68.28000 3.744
68.30000 3.550
68.32000 2.400
68.34000 0.609
68.36000 0.164
68.38000 -2.182
68.40000 -0.669
68.42000 -0.714
68.44000 -0.066
68.46000 1.598
68.48000 1.392
68.50000 0.448
68.52000 2.268
68.54000 1.237
68.56000 1.761
68.58000 -0.936
68.60000 -0.048
68.62000 0.159
68.64000 0.529
68.66000 -0.295
68.68000 1.239
68.70000 2.298
68.72000 1.048
68.74000 0.876
68.76000 -0.687
68.78000 -1.062
68.80000 0.250
68.82000 3.622
68.84000 3.153
68.86000 0.904
68.88000 1.448
68.90000 0.660
68.92000 3.631
68.94000 4.413
68.96000 0.297
68.98000 -1.372
69.00000 3.506
69.02000 3.200
69.04000 4.099
69.06000 3.929
69.08000 4.547
69.10000 2.178
69.12000 0.011
69.14000 2.085
69.16000 2.091
69.18000 0.947
69.20000 -1.328
69.22000 -1.844
69.24000 0.851
69.26000 0.532
69.28000 0.905
69.30000 1.829
69.32000 1.198
69.34000 -1.338
69.36000 1.739
69.38000 2.661
69.40000 2.396
69.42000 1.949
69.44000 0.323
69.46000 2.945
69.48000 2.890
69.50000 1.301
69.52000 -0.993
69.54000 1.438
69.56000 1.481
69.58000 4.107
69.60000 4.383
69.62000 2.433
69.64000 4.018
69.66000 4.247
69.68000 2.756
69.70000 3.048
69.72000 5.283
69.74000 3.136
69.76000 0.946
69.78000 -0.583
69.80000 -0.190
69.82000 2.731
69.84000 1.233
69.86000 1.988
69.88000 0.315
69.90000 -0.771
69.92000 2.572
69.94000 3.137
69.96000 3.760
69.98000 5.266
70.00000 -0.549
70.02000 -0.488
70.04000 -1.600
70.06000 -2.138
70.08000 1.680
70.10000 6.336
70.12000 5.747
70.14000 1.067
70.16000 1.041
70.18000 0.596
70.20000 -0.437
70.22000 -1.850
70.24000 -0.620
70.26000 0.496
70.28000 -0.405
70.30000 -2.125
70.32000 -0.284
70.34000 -0.870
70.36000 -0.744
70.38000 2.582
70.40000 2.612
70.42000 1.169
70.44000 0.317
70.46000 3.593
70.48000 4.584
70.50000 3.070
70.52000 0.505
70.54000 -1.228
70.56000 1.745
70.58000 2.513
70.60000 0.625
70.62000 1.719
70.64000 1.970
70.66000 1.436
70.68000 -0.201
70.70000 2.048
70.72000 2.279
70.74000 2.131
70.76000 3.406
70.78000 0.262
70.80000 0.116
70.82000 0.866
70.84000 2.063
70.86000 1.155
70.88000 2.838
70.90000 2.026
70.92000 5.817
70.94000 4.608
70.96000 1.269
70.98000 -0.726
71.00000 -0.179
71.02000 -0.852
71.04000 -0.874
71.06000 1.432
71.08000 -1.820
71.10000 2.396
71.12000 1.262
71.14000 -1.094
71.16000 -2.081
71.18000 -0.705
71.20000 -0.229
71.22000 0.068
71.24000 0.815
71.26000 2.551
71.28000 1.956
71.30000 1.098
71.32000 1.285
71.34000 2.324
71.36000 1.823
71.38000 -0.088
71.40000 -1.617
71.42000 -2.099
71.44000 -0.066
71.46000 0.960
71.48000 1.386
71.50000 1.123
71.52000 1.334
71.54000 0.759
71.56000 -0.350
71.58000 1.127
71.60000 2.058
71.62000 0.543
71.64000 2.386
71.66000 2.046
71.68000 1.671
71.70000 1.151
71.72000 1.222
71.74000 -1.335
71.76000 0.675
71.78000 3.268
71.80000 1.871
71.82000 -2.080
71.84000 -0.903
71.86000 1.952
71.88000 1.843
71.90000 4.485
71.92000 3.075
71.94000 0.180
71.96000 2.203
71.98000 0.914
72.00000 2.557
72.02000 2.943
72.04000 1.559
72.06000 1.672
72.08000 1.438
72.10000 0.753
72.12000 -0.416
72.14000 1.825
72.16000 2.868
72.18000 1.520
72.20000 1.567
72.22000 1.607
72.24000 2.001
72.26000 1.954
72.28000 1.517
72.30000 -1.017
72.32000 -1.519
72.34000 0.761
72.36000 1.258
72.38000 2.077
72.40000 2.902
72.42000 3.980
72.44000 0.492
72.46000 -1.757
72.48000 0.341
72.50000 2.020
72.52000 1.251
72.54000 -1.235
72.56000 -2.065
72.58000 1.316
72.60000 0.333
72.62000 -1.908
72.64000 -0.672
72.66000 3.394
72.68000 3.163
72.70000 3.606
72.72000 3.964
72.74000 3.773
72.76000 1.029
72.78000 1.847
72.80000 0.377
72.82000 5.233
72.84000 6.292
72.86000 3.531
72.88000 0.283
72.90000 1.219
72.92000 1.299
72.94000 1.096
72.96000 0.317
72.98000 0.584
73.00000 2.386
73.02000 2.695
73.04000 1.458
73.06000 0.139
73.08000 4.284
73.10000 3.728
73.12000 2.313
73.14000 2.105
73.16000 2.917
73.18000 -1.578
73.20000 -0.887
73.22000 1.314
73.24000 -2.048
73.26000 3.318
73.28000 6.454
73.30000 2.273
73.32000 2.612
73.34000 -0.047
73.36000 0.491
73.38000 3.926
73.40000 -0.618
73.42000 -0.390
73.44000 -0.410
73.46000 -0.700
73.48000 0.540
73.50000 0.283
73.52000 1.660
73.54000 2.249
73.56000 2.287
73.58000 3.417
73.60000 -0.068
73.62000 0.035
73.64000 0.322
73.66000 0.497
73.68000 2.533
73.70000 2.123
73.72000 1.239
73.74000 0.021
73.76000 1.155
73.78000 4.640
73.80000 2.664
73.82000 1.815
73.84000 2.512
73.86000 -0.187
73.88000 0.374
73.90000 2.982
73.92000 0.843
73.94000 -0.117
73.96000 1.481
73.98000 2.250
74.00000 1.132
74.02000 0.057
74.04000 1.034
74.06000 2.383
74.08000 4.848
74.10000 6.064
74.12000 4.418
74.14000 3.364
74.16000 2.532
74.18000 -0.316
74.20000 -0.743
74.22000 0.763
74.24000 -0.750
74.26000 1.987
74.28000 2.466
74.30000 0.309
74.32000 -0.945
74.34000 -0.189
74.36000 0.982
74.38000 0.594
74.40000 -1.745
74.42000 0.592
74.44000 2.951
74.46000 1.343
74.48000 2.375
74.50000 6.583
74.52000 4.507
74.54000 0.804
74.56000 -1.398
74.58000 0.007
74.60000 0.331
74.62000 2.394
74.64000 1.165
74.66000 4.247
74.68000 3.117
74.70000 0.399
74.72000 4.554
74.74000 4.746
74.76000 4.074
74.78000 3.003
74.80000 3.090
74.82000 4.675
74.84000 5.125
74.86000 3.557
74.88000 5.274
74.90000 5.215
74.92000 3.964
74.94000 5.287
74.96000 8.375
74.98000 4.008
75.00000 1.316
75.02000 4.697
75.04000 6.321
75.06000 2.283
75.08000 1.293
75.10000 -1.992
75.12000 2.736
75.14000 5.116
75.16000 3.328
75.18000 5.307
75.20000 4.128
75.22000 3.446
75.24000 3.501
75.26000 5.030
75.28000 4.972
75.30000 5.594
75.32000 2.769
75.34000 -1.490
75.36000 1.163
75.38000 4.607
75.40000 3.239
75.42000 1.221
75.44000 0.738
75.46000 3.181
75.48000 1.625
75.50000 1.501
75.52000 2.584
75.54000 1.961
75.56000 2.060
75.58000 1.809
75.60000 7.233
75.62000 7.414
75.64000 5.922
75.66000 3.457
75.68000 3.322
75.70000 2.657
75.72000 1.577
75.74000 4.632
75.76000 3.937
75.78000 0.768
75.80000 2.318
75.82000 4.969
75.84000 1.954
75.86000 0.966
75.88000 3.359
75.90000 2.681
75.92000 1.976
75.94000 3.914
75.96000 1.272
75.98000 3.119
76.00000 0.075
76.02000 1.165
76.04000 2.547
76.06000 3.452
76.08000 4.772
76.10000 0.286
76.12000 -0.187
76.14000 0.571
76.16000 -0.183
76.18000 -2.073
76.20000 -1.076
76.22000 4.295
76.24000 6.628
76.26000 5.367
76.28000 6.119
76.30000 5.932
76.32000 4.218
76.34000 1.390
76.36000 3.588
76.38000 1.208
76.40000 1.998
76.42000 2.266
76.44000 4.735
76.46000 5.491
76.48000 3.681
76.50000 5.065
76.52000 2.775
76.54000 2.599
76.56000 2.168
76.58000 2.992
76.60000 5.281
76.62000 7.785
76.64000 6.569
76.66000 4.091
76.68000 4.044
76.70000 4.050
76.72000 1.767
76.74000 3.763
76.76000 5.115
76.78000 3.653
76.80000 3.192
76.82000 4.079
76.84000 5.072
76.86000 2.347
76.88000 -1.215
76.90000 -2.085
76.92000 1.360
76.94000 1.001
76.96000 3.430
76.98000 5.253
77.00000 4.918
77.02000 6.756
77.04000 7.894
77.06000 5.921
77.08000 1.423
77.10000 0.120
77.12000 5.611
77.14000 6.230
77.16000 1.783
77.18000 3.453
77.20000 4.185
77.22000 4.090
77.24000 2.848
77.26000 2.294
77.28000 1.496
77.30000 3.021
77.32000 2.094
77.34000 1.027
77.36000 2.317
77.38000 1.529
77.40000 -2.093
77.42000 -2.162
77.44000 2.300
77.46000 -0.916
77.48000 -1.585
77.50000 0.112
77.52000 -0.747
77.54000 0.341
77.56000 0.416
77.58000 2.073
77.60000 0.764
77.62000 2.264
77.64000 2.179
77.66000 -0.697
77.68000 1.062
77.70000 2.833
77.72000 2.808
77.74000 2.989
77.76000 0.456
77.78000 1.548
77.80000 4.314
77.82000 1.505
77.84000 1.128
77.86000 -0.119
77.88000 2.132
77.90000 4.523
77.92000 6.023
77.94000 7.029
77.96000 5.398
77.98000 4.610
78.00000 6.340
78.02000 7.108
78.04000 8.023
78.06000 9.111
78.08000 3.235
78.10000 4.229
78.12000 5.837
78.14000 1.706
78.16000 0.676
78.18000 3.697
78.20000 7.554
78.22000 8.271
78.24000 5.927
78.26000 8.272
78.28000 6.430
78.30000 6.573
78.32000 6.393
78.34000 10.171
78.36000 14.407
78.38000 10.852
78.40000 9.741
78.42000 12.387
78.44000 13.474
78.46000 10.701
78.48000 14.891
78.50000 14.802
78.52000 15.834
78.54000 14.904
78.56000 19.549
78.58000 23.483
78.60000 22.694
78.62000 22.172
78.64000 17.300
78.66000 20.629
78.68000 24.204
78.70000 29.119
78.72000 28.660
78.74000 28.314
78.76000 25.069
78.78000 26.360
78.80000 24.347
78.82000 25.236
78.84000 26.653
78.86000 24.990
78.88000 25.818
78.90000 24.672
78.92000 24.936
78.94000 32.349
78.96000 29.121
78.98000 26.035
79.00000 27.432
79.02000 27.172
79.04000 23.961
79.06000 20.703
79.08000 19.787
79.10000 22.615
79.12000 23.308
79.14000 21.082
79.16000 23.986
79.18000 16.268
79.20000 18.452
79.22000 22.509
79.24000 20.815
79.26000 19.229
79.28000 21.302
79.30000 16.470
79.32000 12.602
79.34000 17.815
79.36000 20.086
79.38000 16.324
79.40000 16.309
79.42000 13.386
79.44000 7.417
79.46000 8.882
79.48000 13.790
79.50000 7.908
79.52000 9.321
79.54000 11.173
79.56000 11.179
79.58000 8.717
79.60000 6.237
79.62000 13.305
79.64000 10.838
79.66000 6.584
79.68000 7.801
79.70000 6.123
79.72000 4.600
79.74000 3.819
79.76000 5.655
79.78000 3.902
79.80000 4.730
79.82000 1.691
79.84000 2.965
79.86000 3.591
79.88000 2.869
79.90000 2.079
79.92000 -0.874
79.94000 3.335
79.96000 3.689
79.98000 0.234
80.00000 1.354
80.02000 0.426
80.04000 -0.727
80.06000 -1.127
80.08000 -1.796
80.10000 -2.362
80.12000 0.562
80.14000 1.570
80.16000 -1.613
80.18000 0.249
80.20000 0.552
80.22000 0.502
80.24000 2.518
80.26000 2.766
80.28000 3.106
80.30000 1.505
80.32000 2.158
80.34000 1.428
80.36000 3.408
80.38000 1.406
80.40000 2.373
80.42000 1.378
80.44000 2.705
80.46000 4.238
80.48000 -1.364
80.50000 -0.310
80.52000 2.297
80.54000 0.747
80.56000 1.479
80.58000 1.828
80.60000 -2.178
80.62000 -1.207
80.64000 3.911
80.66000 0.214
80.68000 0.658
80.70000 1.047
80.72000 6.467
80.74000 7.684
80.76000 3.343
80.78000 -1.232
80.80000 -1.863
80.82000 2.767
80.84000 4.463
80.86000 2.658
80.88000 1.241
80.90000 3.016
80.92000 3.862
80.94000 3.600
80.96000 2.047
80.98000 0.355
81.00000 2.275
81.02000 5.319
81.04000 4.671
81.06000 2.637
81.08000 1.186
81.10000 -2.339
81.12000 4.063
81.14000 3.611
81.16000 2.292
81.18000 3.682
81.20000 0.578
81.22000 1.999
81.24000 3.804
81.26000 4.937
81.28000 4.015
81.30000 3.225
81.32000 4.309
81.34000 3.587
81.36000 4.872
81.38000 3.247
81.40000 6.113
81.42000 1.878
81.44000 4.497
81.46000 7.053
81.48000 3.086
81.50000 6.797
81.52000 5.510
81.54000 9.268
81.56000 12.143
81.58000 11.944
81.60000 12.532
81.62000 11.334
81.64000 9.915
81.66000 9.028
81.68000 5.879
81.70000 7.033
81.72000 11.601
81.74000 9.594
81.76000 10.133
81.78000 9.474
81.80000 11.658
81.82000 9.505
81.84000 8.743
81.86000 9.173
81.88000 12.634
81.90000 12.639
81.92000 11.133
81.94000 10.333
81.96000 10.648
81.98000 12.879
82.00000 15.260
82.02000 13.772
82.04000 15.450
82.06000 19.877
82.08000 18.410
82.10000 20.135
82.12000 20.417
82.14000 18.188
82.16000 14.065
82.18000 15.919
82.20000 21.437
82.22000 23.948
82.24000 22.701
82.26000 22.157
82.28000 25.656
82.30000 27.004
82.32000 25.290
82.34000 26.749
82.36000 28.135
82.38000 28.140
82.40000 32.598
82.42000 31.211
82.44000 35.489
82.46000 38.443
82.48000 34.337
82.50000 34.183
82.52000 39.068
82.54000 41.417
82.56000 43.247
82.58000 47.253
82.60000 52.905
82.62000 50.306
82.64000 54.108
82.66000 54.224
82.68000 55.474
82.70000 62.602
82.72000 69.465
82.74000 69.652
82.76000 68.517
82.78000 72.047
82.80000 73.169
82.82000 71.402
82.84000 77.605
82.86000 81.734
82.88000 81.864
82.90000 83.903
82.92000 82.755
82.94000 82.082
82.96000 87.204
82.98000 89.948
83.00000 94.248
83.02000 94.540
83.04000 89.907
83.06000 91.993
83.08000 92.816
83.10000 94.901
83.12000 95.903
83.14000 94.804
83.16000 86.930
83.18000 85.835
83.20000 92.976
83.22000 95.293
83.24000 90.757
83.26000 85.710
83.28000 79.156
83.30000 75.565
83.32000 72.576
83.34000 73.885
83.36000 73.520
83.38000 73.622
83.40000 69.908
83.42000 67.034
83.44000 64.475
83.46000 61.359
83.48000 62.580
83.50000 55.668
83.52000 55.343
83.54000 51.742
83.56000 47.680
83.58000 49.079
83.60000 45.941
83.62000 39.940
83.64000 40.830
83.66000 39.749
83.68000 42.561
83.70000 38.929
83.72000 34.601
83.74000 33.748
83.76000 31.262
83.78000 28.531
83.80000 32.516
83.82000 28.162
83.84000 26.011
83.86000 24.121
83.88000 25.292
83.90000 26.630
83.92000 21.168
83.94000 17.922
83.96000 13.664
83.98000 18.372
84.00000 16.657
84.02000 15.969
84.04000 13.246
84.06000 13.477
84.08000 12.477
84.10000 11.469
84.12000 8.187
84.14000 7.055
84.16000 5.750
84.18000 8.300
84.20000 13.047
84.22000 12.080
84.24000 10.847
84.26000 11.580
84.28000 6.942
84.30000 3.160
84.32000 8.492
84.34000 6.357
84.36000 3.011
84.38000 9.802
84.40000 11.654
84.42000 10.646
84.44000 4.944
84.46000 7.148
84.48000 9.333
84.50000 7.731
84.52000 3.575
84.54000 2.164
84.56000 6.880
84.58000 6.633
84.60000 0.642
84.62000 -0.038
84.64000 3.095
84.66000 0.849
84.68000 4.747
84.70000 2.218
84.72000 4.109
84.74000 1.980
84.76000 -0.395
84.78000 0.589
84.80000 1.168
84.82000 0.618
84.84000 4.866
84.86000 4.151
84.88000 0.923
84.90000 -2.097
84.92000 -0.198
84.94000 3.430
84.96000 3.141
84.98000 0.849
85.00000 2.939
85.02000 3.531
85.04000 2.242
85.06000 3.381
85.08000 2.523
85.10000 2.775
85.12000 -0.216
85.14000 1.546
85.16000 0.325
85.18000 0.302
85.20000 4.363
85.22000 2.686
85.24000 1.395
85.26000 1.430
85.28000 4.715
85.30000 4.955
85.32000 5.919
85.34000 4.404
85.36000 4.563
85.38000 1.378
85.40000 3.531
85.42000 3.241
85.44000 3.365
85.46000 3.987
85.48000 3.402
85.50000 1.455
85.52000 4.753
85.54000 5.103
85.56000 4.940
85.58000 4.951
85.60000 5.019
85.62000 4.758
85.64000 4.286
85.66000 5.583
85.68000 5.753
85.70000 5.297
85.72000 1.862
85.74000 -1.982
85.76000 2.889
85.78000 6.307
85.80000 4.319
85.82000 2.787
85.84000 2.481
85.86000 -0.051
85.88000 0.387
85.90000 1.652
85.92000 2.309
85.94000 2.810
85.96000 2.057
85.98000 3.472
86.00000 -0.192
86.02000 3.332
86.04000 6.423
86.06000 4.062
86.08000 3.159
86.10000 4.209
86.12000 5.005
86.14000 2.861
86.16000 3.302
86.18000 3.217
86.20000 3.234
86.22000 3.708
86.24000 3.210
86.26000 2.689
86.28000 0.404
86.30000 0.416
86.32000 0.010
86.34000 1.745
86.36000 1.857
86.38000 1.976
86.40000 2.422
86.42000 5.058
86.44000 3.071
86.46000 1.289
86.48000 1.782
86.50000 4.267
86.52000 1.795
86.54000 -0.417
86.56000 1.733
86.58000 1.714
86.60000 -0.961
86.62000 1.290
86.64000 2.663
86.66000 3.616
86.68000 3.915
86.70000 0.740
86.72000 0.783
86.74000 1.961
86.76000 -0.097
86.78000 1.868
86.80000 0.872
86.82000 3.946
86.84000 4.634
86.86000 2.507
86.88000 1.823
86.90000 2.790
86.92000 1.963
86.94000 4.629
86.96000 3.618
86.98000 0.975
87.00000 0.557
87.02000 0.827
87.04000 -0.166
87.06000 -1.962
87.08000 0.680
87.10000 0.319
87.12000 1.360
87.14000 3.369
87.16000 1.602
87.18000 -1.592
87.20000 -0.033
87.22000 2.739
87.24000 1.717
87.26000 3.356
87.28000 1.972
87.30000 1.052
87.32000 -0.185
87.34000 0.367
87.36000 -1.371
87.38000 -0.120
87.40000 3.072
87.42000 0.495
87.44000 -1.951
87.46000 -1.547
87.48000 1.356
87.50000 1.946
87.52000 3.476
87.54000 4.816
87.56000 1.272
87.58000 1.977
87.60000 3.257
87.62000 3.486
87.64000 -0.598
87.66000 1.111
87.68000 4.039
87.70000 2.521
87.72000 0.771
87.74000 3.108
87.76000 0.174
87.78000 -0.290
87.80000 2.633
87.82000 4.344
87.84000 1.835
87.86000 0.761
87.88000 2.917
87.90000 3.282
87.92000 1.296
87.94000 -1.928
87.96000 1.173
87.98000 0.918
88.00000 0.557
88.02000 2.197
88.04000 1.902
88.06000 2.207
88.08000 0.427
88.10000 0.919
88.12000 1.691
88.14000 2.110
88.16000 1.461
88.18000 -0.256
88.20000 -0.083
88.22000 -0.556
88.24000 0.636
88.26000 3.234
88.28000 3.671
88.30000 1.323
88.32000 0.864
88.34000 4.405
88.36000 2.661
88.38000 4.658
88.40000 2.398
88.42000 0.067
88.44000 -0.574
88.46000 -1.210
88.48000 1.633
88.50000 3.225
88.52000 2.905
88.54000 1.696
88.56000 1.187
88.58000 2.633
88.60000 1.058
88.62000 -0.429
88.64000 -1.682
88.66000 1.071
88.68000 -1.551
88.70000 3.041
88.72000 2.829
88.74000 -0.676
88.76000 -1.908
88.78000 -0.801
88.80000 1.793
88.82000 4.453
88.84000 7.519
88.86000 5.284
88.88000 -0.569
88.90000 3.788
88.92000 7.587
88.94000 3.769
88.96000 -0.001
88.98000 -1.318
89.00000 3.480
89.02000 5.735
89.04000 2.092
89.06000 -0.056
89.08000 -1.909
89.10000 0.244
89.12000 -0.972
89.14000 -1.259
89.16000 2.811
89.18000 4.989
89.20000 1.048
89.22000 0.878
89.24000 2.919
89.26000 3.168
89.28000 -0.120
89.30000 -0.823
89.32000 -1.913
89.34000 -0.103
89.36000 1.160
89.38000 3.144
89.40000 3.325
89.42000 1.991
89.44000 0.744
89.46000 0.814
89.48000 1.989
89.50000 1.059
89.52000 2.146
89.54000 2.167
89.56000 6.614
89.58000 6.394
89.60000 4.048
89.62000 -0.430
89.64000 0.587
89.66000 1.946
89.68000 3.164
89.70000 1.081
89.72000 1.542
89.74000 4.990
89.76000 3.170
89.78000 2.201
89.80000 3.799
89.82000 1.228
89.84000 2.272
89.86000 1.100
89.88000 -1.022
89.90000 2.816
89.92000 -0.187
89.94000 -1.133
89.96000 0.411
89.98000 2.310
90.00000 2.741
90.02000 0.720
90.04000 -0.271
90.06000 2.394
90.08000 1.457
90.10000 1.934
90.12000 2.953
90.14000 2.891
90.16000 2.066
90.18000 -0.237
90.20000 0.460
90.22000 2.292
90.24000 0.530
90.26000 -0.950
90.28000 -1.066
90.30000 0.216
90.32000 2.244
90.34000 1.125
90.36000 0.520
90.38000 0.581
90.40000 -0.974
90.42000 3.301
90.44000 0.730
90.46000 -1.901
90.48000 0.092
90.50000 0.540
90.52000 0.514
90.54000 1.853
90.56000 2.805
90.58000 3.082
90.60000 1.734
90.62000 1.196
90.64000 5.264
90.66000 4.227
90.68000 3.207
90.70000 0.818
90.72000 2.063
90.74000 -0.146
90.76000 2.349
90.78000 -1.835
90.80000 -1.448
90.82000 1.039
90.84000 2.061
90.86000 2.999
90.88000 2.750
90.90000 -0.621
90.92000 4.292
90.94000 5.690
90.96000 3.123
90.98000 5.312
91.00000 2.040
91.02000 1.094
91.04000 3.660
91.06000 2.997
91.08000 6.561
91.10000 3.333
91.12000 3.875
91.14000 1.763
91.16000 1.337
91.18000 1.612
91.20000 0.938
91.22000 1.182
91.24000 1.226
91.26000 3.169
91.28000 2.179
91.30000 2.169
91.32000 2.313
91.34000 1.660
91.36000 0.743
91.38000 1.080
91.40000 2.078
91.42000 3.822
91.44000 2.046
91.46000 4.658
91.48000 4.860
91.50000 3.133
91.52000 2.558
91.54000 0.595
91.56000 1.602
91.58000 -1.907
91.60000 -1.731
91.62000 -0.410
91.64000 2.255
91.66000 1.054
91.68000 0.605
91.70000 3.306
91.72000 2.860
91.74000 3.025
91.76000 5.701
91.78000 7.522
91.80000 2.181
91.82000 0.347
91.84000 0.742
91.86000 3.100
91.88000 3.782
91.90000 6.049
91.92000 4.200
91.94000 -0.110
91.96000 -1.481
91.98000 1.311
92.00000 0.752
92.02000 -0.165
92.04000 2.620
92.06000 5.028
92.08000 -0.576
92.10000 2.125
92.12000 0.728
92.14000 2.528
92.16000 1.936
92.18000 0.082
92.20000 1.673
92.22000 4.352
92.24000 2.739
92.26000 2.017
92.28000 1.422
92.30000 1.172
92.32000 3.334
92.34000 4.763
92.36000 -1.916
92.38000 0.314
92.40000 3.394
92.42000 5.164
92.44000 1.682
92.46000 1.725
92.48000 0.723
92.50000 3.137
92.52000 5.026
92.54000 2.764
92.56000 5.168
92.58000 1.330
92.60000 2.340
92.62000 6.093
92.64000 5.742
92.66000 1.805
92.68000 2.261
92.70000 3.028
92.72000 6.385
92.74000 5.821
92.76000 5.336
92.78000 2.902
92.80000 0.341
92.82000 2.376
92.84000 1.176
92.86000 2.035
92.88000 2.161
92.90000 1.042
92.92000 2.357
92.94000 3.130
92.96000 5.977
92.98000 2.537
93.00000 -0.031
93.02000 2.781
93.04000 3.794
93.06000 2.701
93.08000 -0.292
93.10000 4.956
93.12000 5.068
93.14000 4.382
93.16000 -0.268
93.18000 0.315
93.20000 1.202
93.22000 0.570
93.24000 4.352
93.26000 6.487
93.28000 6.114
93.30000 3.687
93.32000 1.463
93.34000 0.184
93.36000 4.542
93.38000 4.728
93.40000 3.341
93.42000 4.281
93.44000 6.035
93.46000 7.646
93.48000 4.021
93.50000 0.844
93.52000 3.264
93.54000 1.658
93.56000 0.423
93.58000 -0.841
93.60000 -1.909
93.62000 1.197
93.64000 3.139
93.66000 2.837
93.68000 1.698
93.70000 3.006
93.72000 1.629
93.74000 -0.914
93.76000 1.374
93.78000 2.489
93.80000 1.114
93.82000 1.907
93.84000 2.071
93.86000 4.399
93.88000 1.812
93.90000 -1.902
93.92000 -1.586
93.94000 0.790
93.96000 4.522
93.98000 7.470
94.00000 7.442
94.02000 5.301
94.04000 2.732
94.06000 2.090
94.08000 2.596
94.10000 4.068
94.12000 5.051
94.14000 1.242
94.16000 1.005
94.18000 1.406
94.20000 2.498
94.22000 2.450
94.24000 2.870
94.26000 3.785
94.28000 -0.295
94.30000 1.046
94.32000 1.755
94.34000 0.925
94.36000 0.627
94.38000 3.488
94.40000 0.771
94.42000 -0.498
94.44000 1.541
94.46000 0.610
94.48000 3.639
94.50000 2.247
94.52000 -1.124
94.54000 -1.509
94.56000 -0.722
94.58000 -0.496
94.60000 4.364
94.62000 3.841
94.64000 2.542
94.66000 2.944
94.68000 3.037
94.70000 2.926
94.72000 5.896
94.74000 3.918
94.76000 -0.850
94.78000 -0.206
94.80000 -1.947
94.82000 1.801
94.84000 4.999
94.86000 2.467
94.88000 0.950
94.90000 2.998
94.92000 4.543
94.94000 2.319
94.96000 3.932
94.98000 0.715
95.00000 0.494
95.02000 -0.843
95.04000 5.352
95.06000 2.458
95.08000 2.708
95.10000 1.263
95.12000 1.536
95.14000 -1.535
95.16000 2.380
95.18000 6.346
95.20000 4.042
95.22000 3.471
95.24000 3.151
95.26000 3.141
95.28000 0.191
95.30000 3.539
95.32000 1.996
95.34000 0.686
95.36000 6.273
95.38000 9.994
95.40000 3.659
95.42000 1.071
95.44000 3.391
95.46000 -0.065
95.48000 -1.951
95.50000 -1.195
95.52000 0.582
95.54000 3.417
95.56000 6.136
95.58000 4.366
95.60000 0.182
95.62000 3.633
95.64000 1.047
95.66000 3.097
95.68000 3.671
95.70000 3.723
95.72000 1.547
95.74000 1.774
95.76000 0.403
95.78000 1.393
95.80000 0.969
95.82000 3.366
95.84000 3.090
95.86000 1.765
95.88000 1.759
95.90000 2.013
95.92000 1.110
95.94000 3.073
95.96000 4.927
95.98000 1.767
96.00000 2.024
96.02000 -1.715
96.04000 4.542
96.06000 4.765
96.08000 -1.428
96.10000 0.929
96.12000 1.876
96.14000 2.204
96.16000 0.810
96.18000 2.675
96.20000 4.381
96.22000 1.312
96.24000 2.757
96.26000 4.708
96.28000 2.396
96.30000 4.001
96.32000 6.532
96.34000 0.384
96.36000 5.026
96.38000 4.333
96.40000 3.386
96.42000 3.913
96.44000 3.244
96.46000 1.336
96.48000 2.679
96.50000 1.388
96.52000 0.410
96.54000 3.678
96.56000 0.361
96.58000 3.141
96.60000 3.553
96.62000 2.501
96.64000 0.043
96.66000 4.468
96.68000 2.174
96.70000 -0.696
96.72000 0.346
96.74000 5.327
96.76000 8.152
96.78000 5.841
96.80000 1.250
96.82000 -1.254
96.84000 1.258
96.86000 1.703
96.88000 -0.201
96.90000 -1.917
96.92000 3.345
96.94000 1.024
96.96000 3.420
96.98000 3.081
97.00000 3.935
97.02000 5.241
97.04000 5.183
97.06000 4.092
97.08000 0.715
97.10000 -0.070
97.12000 1.533
97.14000 3.603
97.16000 -0.790
97.18000 -0.799
97.20000 3.336
97.22000 6.916
97.24000 9.378
97.26000 5.483
97.28000 5.846
97.30000 9.103
97.32000 7.127
97.34000 2.441
97.36000 3.927
97.38000 4.509
97.40000 5.934
97.42000 6.463
97.44000 4.504
97.46000 2.916
97.48000 1.146
97.50000 2.199
97.52000 5.981
97.54000 7.346
97.56000 4.111
97.58000 4.577
97.60000 1.472
97.62000 2.984
97.64000 4.912
97.66000 4.255
97.68000 3.696
97.70000 2.536
97.72000 3.331
97.74000 1.798
97.76000 5.181
97.78000 7.305
97.80000 4.773
97.82000 2.474
97.84000 1.059
97.86000 1.550
97.88000 3.558
97.90000 0.714
97.92000 -1.914
97.94000 0.346
97.96000 4.940
97.98000 8.175
98.00000 4.916
98.02000 3.923
98.04000 2.025
98.06000 1.850
98.08000 -0.701
98.10000 -1.212
98.12000 0.050
98.14000 1.702
98.16000 2.320
98.18000 2.296
98.20000 4.215
98.22000 0.725
98.24000 1.269
98.26000 4.007
98.28000 7.037
98.30000 7.088
98.32000 3.032
98.34000 4.689
98.36000 2.061
98.38000 1.224
98.40000 4.799
98.42000 1.073
98.44000 -1.575
98.46000 1.555
98.48000 4.001
98.50000 6.365
98.52000 3.943
98.54000 1.790
98.56000 3.650
98.58000 1.249
98.60000 -1.578
98.62000 3.819
98.64000 7.796
98.66000 7.436
98.68000 9.473
98.70000 6.620
98.72000 0.389
98.74000 -1.890
98.76000 3.923
98.78000 13.063
98.80000 10.034
98.82000 5.094
98.84000 8.973
98.86000 4.798
98.88000 6.072
98.90000 5.799
98.92000 4.085
98.94000 4.953
98.96000 8.886
98.98000 8.371
99.00000 10.056
99.02000 2.548
99.04000 3.262
99.06000 3.724
99.08000 -0.606
99.10000 2.583
99.12000 7.008
99.14000 8.537
99.16000 2.686
99.18000 -0.547
99.20000 1.992
99.22000 0.033
99.24000 0.014
99.26000 2.977
99.28000 -0.088
99.30000 2.214
99.32000 8.567
99.34000 11.637
99.36000 8.766
99.38000 1.882
99.40000 0.569
99.42000 2.274
99.44000 0.026
99.46000 -1.119
99.48000 10.478
99.50000 9.837
99.52000 -0.153
99.54000 4.992
99.56000 5.673
99.58000 1.361
99.60000 5.603
99.62000 2.365
99.64000 1.364
99.66000 0.844
99.68000 9.587
99.70000 9.220
99.72000 6.291
99.74000 4.670
99.76000 7.968
99.78000 4.386
99.80000 -2.132
99.82000 4.998
99.84000 1.358
99.86000 0.951
99.88000 -1.090
99.90000 1.034
99.92000 -2.010
99.94000 -2.034
99.96000 -0.788
99.98000 0.000
