'Id: "0011387" Comment: "Integrate frame 0011387_Au-Ir-Rh_Rh-rich_XRD-Mapping-022-0000.gfrmwith cursor Wedge Cursor #5" Operator: "B?rgel" Anode: "Cu" Wavelength: "1.5406" Scantype: "2Theta (TwoTheta)" TimePerStep: "1" X: "22.5" Y: "-36" Z: "5.95" 
10.00000 0.000
10.02000 3.486
10.04000 -4.056
10.06000 2.381
10.08000 -3.083
10.10000 9.772
10.12000 -1.114
10.14000 0.795
10.16000 -4.018
10.18000 -1.955
10.20000 2.087
10.22000 2.153
10.24000 2.409
10.26000 -1.742
10.28000 0.277
10.30000 0.760
10.32000 1.018
10.34000 -4.031
10.36000 12.236
10.38000 15.526
10.40000 14.361
10.42000 23.136
10.44000 13.732
10.46000 2.402
10.48000 21.466
10.50000 15.935
10.52000 2.569
10.54000 6.989
10.56000 2.252
10.58000 3.525
10.60000 6.082
10.62000 7.636
10.64000 14.125
10.66000 15.187
10.68000 24.329
10.70000 15.593
10.72000 15.729
10.74000 21.707
10.76000 18.123
10.78000 -0.900
10.80000 6.378
10.82000 1.552
10.84000 4.098
10.86000 13.251
10.88000 9.460
10.90000 12.815
10.92000 17.393
10.94000 10.124
10.96000 -4.103
10.98000 6.469
11.00000 8.552
11.02000 0.568
11.04000 5.291
11.06000 7.860
11.08000 10.342
11.10000 4.526
11.12000 9.147
11.14000 10.261
11.16000 11.737
11.18000 9.962
11.20000 15.226
11.22000 19.054
11.24000 20.222
11.26000 26.484
11.28000 12.237
11.30000 8.683
11.32000 14.341
11.34000 10.712
11.36000 12.516
11.38000 16.125
11.40000 8.911
11.42000 17.629
11.44000 12.600
11.46000 16.404
11.48000 14.405
11.50000 6.495
11.52000 12.161
11.54000 15.919
11.56000 20.649
11.58000 22.327
11.60000 19.485
11.62000 14.942
11.64000 22.895
11.66000 20.080
11.68000 28.407
11.70000 24.853
11.72000 20.116
11.74000 13.653
11.76000 13.869
11.78000 12.695
11.80000 17.061
11.82000 9.594
11.84000 11.104
11.86000 15.667
11.88000 11.404
11.90000 20.557
11.92000 20.721
11.94000 22.139
11.96000 25.006
11.98000 20.202
12.00000 17.403
12.02000 17.115
12.04000 24.427
12.06000 14.677
12.08000 15.081
12.10000 12.168
12.12000 13.838
12.14000 12.378
12.16000 12.912
12.18000 21.634
12.20000 11.877
12.22000 22.395
12.24000 19.120
12.26000 10.493
12.28000 17.633
12.30000 12.141
12.32000 15.467
12.34000 13.551
12.36000 7.594
12.38000 12.738
12.40000 13.351
12.42000 16.013
12.44000 25.634
12.46000 19.252
12.48000 17.979
12.50000 26.952
12.52000 18.395
12.54000 14.450
12.56000 11.551
12.58000 17.822
12.60000 19.521
12.62000 21.552
12.64000 24.271
12.66000 18.066
12.68000 9.471
12.70000 6.985
12.72000 20.456
12.74000 18.926
12.76000 14.451
12.78000 16.299
12.80000 25.692
12.82000 17.632
12.84000 14.806
12.86000 19.392
12.88000 33.138
12.90000 24.347
12.92000 18.903
12.94000 23.488
12.96000 15.118
12.98000 6.426
13.00000 13.223
13.02000 20.759
13.04000 9.724
13.06000 1.712
13.08000 7.012
13.10000 12.141
13.12000 16.653
13.14000 11.617
13.16000 6.936
13.18000 8.514
13.20000 11.013
13.22000 11.703
13.24000 11.598
13.26000 10.467
13.28000 8.242
13.30000 19.975
13.32000 24.817
13.34000 15.223
13.36000 7.813
13.38000 11.650
13.40000 18.039
13.42000 21.045
13.44000 19.822
13.46000 18.014
13.48000 13.916
13.50000 21.192
13.52000 11.045
13.54000 12.379
13.56000 5.537
13.58000 5.925
13.60000 11.547
13.62000 9.553
13.64000 2.301
13.66000 7.915
13.68000 8.407
13.70000 -4.412
13.72000 4.808
13.74000 10.033
13.76000 9.884
13.78000 17.224
13.80000 15.106
13.82000 15.584
13.84000 19.753
13.86000 14.436
13.88000 8.849
13.90000 1.901
13.92000 6.291
13.94000 12.876
13.96000 23.096
13.98000 4.620
14.00000 15.244
14.02000 19.900
14.04000 8.577
14.06000 10.791
14.08000 9.041
14.10000 9.246
14.12000 17.571
14.14000 11.438
14.16000 8.403
14.18000 12.273
14.20000 7.659
14.22000 10.984
14.24000 7.604
14.26000 -2.659
14.28000 2.135
14.30000 14.048
14.32000 13.669
14.34000 11.186
14.36000 12.484
14.38000 12.592
14.40000 11.242
14.42000 6.555
14.44000 6.283
14.46000 5.343
14.48000 11.181
14.50000 24.270
14.52000 17.491
14.54000 13.624
14.56000 9.814
14.58000 9.013
14.60000 13.486
14.62000 2.099
14.64000 13.533
14.66000 16.668
14.68000 11.897
14.70000 13.870
14.72000 6.630
14.74000 6.030
14.76000 8.449
14.78000 12.972
14.80000 8.182
14.82000 13.928
14.84000 15.218
14.86000 10.043
14.88000 11.815
14.90000 11.442
14.92000 11.104
14.94000 8.749
14.96000 11.862
14.98000 7.740
15.00000 4.713
15.02000 -4.449
15.04000 1.216
15.06000 6.621
15.08000 8.923
15.10000 13.426
15.12000 14.034
15.14000 13.576
15.16000 20.374
15.18000 9.277
15.20000 7.452
15.22000 0.968
15.24000 8.591
15.26000 11.314
15.28000 8.199
15.30000 4.839
15.32000 2.757
15.34000 4.271
15.36000 5.822
15.38000 -1.711
15.40000 -2.781
15.42000 -0.138
15.44000 3.889
15.46000 7.689
15.48000 17.707
15.50000 8.308
15.52000 8.483
15.54000 -0.229
15.56000 -2.556
15.58000 9.679
15.60000 14.819
15.62000 12.722
15.64000 9.157
15.66000 3.979
15.68000 2.364
15.70000 8.722
15.72000 10.498
15.74000 8.696
15.76000 9.724
15.78000 8.897
15.80000 7.429
15.82000 7.470
15.84000 9.014
15.86000 7.193
15.88000 5.273
15.90000 6.962
15.92000 -0.290
15.94000 11.319
15.96000 3.004
15.98000 -1.062
16.00000 1.939
16.02000 8.430
16.04000 6.948
16.06000 9.144
16.08000 1.602
16.10000 -0.745
16.12000 2.801
16.14000 3.978
16.16000 -0.889
16.18000 3.498
16.20000 4.828
16.22000 -1.885
16.24000 4.597
16.26000 12.562
16.28000 12.331
16.30000 -1.989
16.32000 2.199
16.34000 5.730
16.36000 7.429
16.38000 -1.781
16.40000 -3.767
16.42000 1.861
16.44000 3.297
16.46000 2.467
16.48000 3.977
16.50000 10.064
16.52000 9.848
16.54000 13.916
16.56000 8.085
16.58000 5.711
16.60000 6.987
16.62000 6.773
16.64000 6.810
16.66000 -1.075
16.68000 1.781
16.70000 7.616
16.72000 3.467
16.74000 9.133
16.76000 8.089
16.78000 13.077
16.80000 6.019
16.82000 7.413
16.84000 10.838
16.86000 14.327
16.88000 13.977
16.90000 4.679
16.92000 7.230
16.94000 5.422
16.96000 6.611
16.98000 1.222
17.00000 -4.356
17.02000 -3.873
17.04000 4.358
17.06000 2.679
17.08000 -2.247
17.10000 0.934
17.12000 2.113
17.14000 -3.107
17.16000 3.238
17.18000 11.204
17.20000 8.774
17.22000 10.539
17.24000 8.861
17.26000 9.953
17.28000 12.729
17.30000 10.935
17.32000 9.463
17.34000 9.136
17.36000 5.814
17.38000 17.495
17.40000 14.243
17.42000 7.666
17.44000 5.705
17.46000 9.169
17.48000 8.047
17.50000 8.041
17.52000 11.005
17.54000 11.532
17.56000 14.849
17.58000 9.737
17.60000 10.047
17.62000 10.144
17.64000 1.524
17.66000 -1.515
17.68000 5.383
17.70000 10.539
17.72000 15.083
17.74000 3.803
17.76000 -3.093
17.78000 2.476
17.80000 3.937
17.82000 5.226
17.84000 1.415
17.86000 6.780
17.88000 11.862
17.90000 12.186
17.92000 16.025
17.94000 13.499
17.96000 13.679
17.98000 11.414
18.00000 8.454
18.02000 10.307
18.04000 4.677
18.06000 1.269
18.08000 1.867
18.10000 8.631
18.12000 10.280
18.14000 10.819
18.16000 8.159
18.18000 1.240
18.20000 7.176
18.22000 10.448
18.24000 4.438
18.26000 3.090
18.28000 0.325
18.30000 5.056
18.32000 7.708
18.34000 8.884
18.36000 8.622
18.38000 7.213
18.40000 5.863
18.42000 6.027
18.44000 6.965
18.46000 4.369
18.48000 -0.604
18.50000 0.938
18.52000 9.894
18.54000 10.674
18.56000 9.434
18.58000 11.245
18.60000 8.797
18.62000 5.220
18.64000 14.918
18.66000 9.123
18.68000 2.787
18.70000 6.287
18.72000 4.389
18.74000 -0.569
18.76000 -2.444
18.78000 4.649
18.80000 8.222
18.82000 12.011
18.84000 10.046
18.86000 6.927
18.88000 7.779
18.90000 1.995
18.92000 7.581
18.94000 12.205
18.96000 12.343
18.98000 11.797
19.00000 4.537
19.02000 3.302
19.04000 8.467
19.06000 10.827
19.08000 14.459
19.10000 11.716
19.12000 6.755
19.14000 -4.198
19.16000 3.432
19.18000 12.891
19.20000 11.304
19.22000 12.200
19.24000 11.093
19.26000 10.494
19.28000 10.930
19.30000 5.803
19.32000 5.992
19.34000 4.219
19.36000 -1.154
19.38000 3.002
19.40000 2.126
19.42000 4.276
19.44000 4.323
19.46000 12.152
19.48000 9.902
19.50000 12.982
19.52000 17.341
19.54000 8.512
19.56000 3.739
19.58000 6.874
19.60000 1.902
19.62000 4.635
19.64000 0.239
19.66000 -2.179
19.68000 -3.322
19.70000 -3.545
19.72000 1.600
19.74000 1.799
19.76000 -4.015
19.78000 -1.174
19.80000 0.705
19.82000 2.110
19.84000 2.760
19.86000 3.623
19.88000 3.041
19.90000 7.624
19.92000 6.262
19.94000 4.216
19.96000 -1.207
19.98000 -3.329
20.00000 -0.667
20.02000 7.004
20.04000 5.555
20.06000 7.170
20.08000 4.468
20.10000 7.490
20.12000 1.494
20.14000 7.027
20.16000 6.798
20.18000 0.095
20.20000 8.233
20.22000 4.745
20.24000 -0.682
20.26000 4.465
20.28000 2.683
20.30000 0.547
20.32000 5.713
20.34000 4.486
20.36000 6.009
20.38000 -4.081
20.40000 5.842
20.42000 2.826
20.44000 -0.546
20.46000 -0.770
20.48000 6.062
20.50000 7.534
20.52000 8.118
20.54000 1.300
20.56000 6.292
20.58000 9.534
20.60000 8.970
20.62000 6.735
20.64000 0.717
20.66000 -2.711
20.68000 2.986
20.70000 2.647
20.72000 7.368
20.74000 4.547
20.76000 4.425
20.78000 10.889
20.80000 4.822
20.82000 4.121
20.84000 2.807
20.86000 6.517
20.88000 8.652
20.90000 7.363
20.92000 6.778
20.94000 0.725
20.96000 -3.310
20.98000 0.222
21.00000 3.638
21.02000 6.075
21.04000 7.480
21.06000 5.769
21.08000 2.253
21.10000 -0.866
21.12000 2.581
21.14000 1.442
21.16000 -1.649
21.18000 -0.495
21.20000 -2.131
21.22000 -1.929
21.24000 1.408
21.26000 -3.716
21.28000 -0.233
21.30000 3.362
21.32000 0.736
21.34000 1.124
21.36000 -0.372
21.38000 -0.684
21.40000 5.389
21.42000 5.600
21.44000 2.714
21.46000 -3.726
21.48000 -4.109
21.50000 1.396
21.52000 5.626
21.54000 1.948
21.56000 -0.444
21.58000 -0.306
21.60000 3.575
21.62000 8.096
21.64000 4.711
21.66000 3.531
21.68000 2.170
21.70000 0.552
21.72000 -4.095
21.74000 5.161
21.76000 6.339
21.78000 4.889
21.80000 9.069
21.82000 3.801
21.84000 -0.054
21.86000 2.128
21.88000 5.066
21.90000 7.153
21.92000 6.549
21.94000 6.728
21.96000 7.885
21.98000 2.683
22.00000 5.109
22.02000 7.017
22.04000 4.316
22.06000 4.545
22.08000 1.993
22.10000 1.044
22.12000 6.154
22.14000 10.399
22.16000 3.255
22.18000 -0.061
22.20000 0.970
22.22000 -3.979
22.24000 -2.503
22.26000 2.193
22.28000 7.023
22.30000 7.908
22.32000 4.722
22.34000 7.893
22.36000 0.062
22.38000 2.735
22.40000 9.809
22.42000 9.060
22.44000 0.669
22.46000 7.901
22.48000 13.963
22.50000 10.243
22.52000 6.599
22.54000 7.793
22.56000 6.135
22.58000 7.247
22.60000 2.736
22.62000 11.625
22.64000 5.374
22.66000 4.502
22.68000 7.873
22.70000 8.187
22.72000 9.987
22.74000 11.625
22.76000 7.501
22.78000 1.085
22.80000 4.841
22.82000 9.264
22.84000 7.451
22.86000 9.362
22.88000 7.215
22.90000 8.133
22.92000 4.842
22.94000 1.833
22.96000 5.103
22.98000 5.757
23.00000 -0.846
23.02000 4.421
23.04000 6.861
23.06000 9.189
23.08000 6.831
23.10000 4.674
23.12000 1.273
23.14000 -3.978
23.16000 0.085
23.18000 6.161
23.20000 6.101
23.22000 1.099
23.24000 2.132
23.26000 9.002
23.28000 6.100
23.30000 3.128
23.32000 4.655
23.34000 5.396
23.36000 11.552
23.38000 10.139
23.40000 5.681
23.42000 7.663
23.44000 7.836
23.46000 9.420
23.48000 9.897
23.50000 9.056
23.52000 6.552
23.54000 6.954
23.56000 5.165
23.58000 3.646
23.60000 6.949
23.62000 5.920
23.64000 8.079
23.66000 10.174
23.68000 3.423
23.70000 4.421
23.72000 7.673
23.74000 8.417
23.76000 5.267
23.78000 -3.963
23.80000 -0.294
23.82000 11.180
23.84000 9.163
23.86000 7.033
23.88000 13.833
23.90000 9.150
23.92000 11.200
23.94000 9.486
23.96000 1.409
23.98000 3.288
24.00000 6.751
24.02000 5.208
24.04000 0.876
24.06000 2.883
24.08000 4.278
24.10000 5.861
24.12000 6.879
24.14000 3.920
24.16000 5.174
24.18000 1.049
24.20000 -3.373
24.22000 -0.661
24.24000 2.106
24.26000 -0.696
24.28000 2.813
24.30000 1.556
24.32000 1.707
24.34000 2.376
24.36000 2.324
24.38000 2.885
24.40000 -2.523
24.42000 1.384
24.44000 -3.171
24.46000 0.404
24.48000 4.836
24.50000 -0.014
24.52000 -1.157
24.54000 2.226
24.56000 6.454
24.58000 8.499
24.60000 3.556
24.62000 0.197
24.64000 -0.030
24.66000 4.776
24.68000 5.924
24.70000 -0.377
24.72000 -0.646
24.74000 -0.987
24.76000 1.505
24.78000 4.199
24.80000 7.005
24.82000 3.608
24.84000 2.346
24.86000 -0.743
24.88000 -1.580
24.90000 -1.903
24.92000 -1.061
24.94000 -1.260
24.96000 -0.563
24.98000 -1.730
25.00000 -3.470
25.02000 -3.931
25.04000 1.893
25.06000 4.274
25.08000 2.684
25.10000 -1.730
25.12000 -3.090
25.14000 2.030
25.16000 2.168
25.18000 2.552
25.20000 3.101
25.22000 5.306
25.24000 3.462
25.26000 0.059
25.28000 1.260
25.30000 7.097
25.32000 1.414
25.34000 -0.869
25.36000 -1.096
25.38000 6.062
25.40000 7.463
25.42000 5.971
25.44000 3.787
25.46000 4.403
25.48000 1.988
25.50000 -0.534
25.52000 3.291
25.54000 -0.289
25.56000 3.988
25.58000 2.972
25.60000 5.619
25.62000 6.490
25.64000 4.522
25.66000 4.003
25.68000 3.367
25.70000 2.389
25.72000 0.580
25.74000 2.774
25.76000 2.238
25.78000 2.406
25.80000 4.849
25.82000 4.536
25.84000 2.613
25.86000 4.914
25.88000 3.394
25.90000 6.871
25.92000 4.601
25.94000 5.445
25.96000 0.663
25.98000 -2.384
26.00000 -1.953
26.02000 3.170
26.04000 7.132
26.06000 0.106
26.08000 2.620
26.10000 7.483
26.12000 6.098
26.14000 1.840
26.16000 -3.846
26.18000 -3.168
26.20000 2.027
26.22000 -0.778
26.24000 -0.029
26.26000 0.228
26.28000 1.765
26.30000 -0.326
26.32000 -3.835
26.34000 2.859
26.36000 5.014
26.38000 6.772
26.40000 3.875
26.42000 0.605
26.44000 1.421
26.46000 3.606
26.48000 4.817
26.50000 8.932
26.52000 6.619
26.54000 1.110
26.56000 3.916
26.58000 2.512
26.60000 -1.940
26.62000 -1.648
26.64000 1.881
26.66000 4.713
26.68000 5.230
26.70000 -1.120
26.72000 1.178
26.74000 2.341
26.76000 -2.692
26.78000 -0.013
26.80000 0.973
26.82000 2.463
26.84000 2.362
26.86000 2.746
26.88000 3.452
26.90000 4.866
26.92000 6.368
26.94000 7.175
26.96000 2.931
26.98000 1.031
27.00000 2.566
27.02000 -1.551
27.04000 -1.207
27.06000 1.335
27.08000 -0.220
27.10000 2.114
27.12000 1.690
27.14000 0.830
27.16000 6.405
27.18000 3.428
27.20000 4.126
27.22000 0.384
27.24000 -2.490
27.26000 1.632
27.28000 5.894
27.30000 4.683
27.32000 5.402
27.34000 7.817
27.36000 6.628
27.38000 11.072
27.40000 9.638
27.42000 7.401
27.44000 5.737
27.46000 2.961
27.48000 4.677
27.50000 1.318
27.52000 1.529
27.54000 4.423
27.56000 5.435
27.58000 7.154
27.60000 6.213
27.62000 1.855
27.64000 1.738
27.66000 1.810
27.68000 4.093
27.70000 5.048
27.72000 7.605
27.74000 7.081
27.76000 7.952
27.78000 5.843
27.80000 4.841
27.82000 6.102
27.84000 0.845
27.86000 7.233
27.88000 6.081
27.90000 5.274
27.92000 4.858
27.94000 1.412
27.96000 2.742
27.98000 9.957
28.00000 6.127
28.02000 3.342
28.04000 4.872
28.06000 4.055
28.08000 0.390
28.10000 2.088
28.12000 4.782
28.14000 4.171
28.16000 0.383
28.18000 -3.726
28.20000 -3.725
28.22000 1.173
28.24000 3.103
28.26000 2.889
28.28000 3.866
28.30000 4.154
28.32000 10.011
28.34000 10.297
28.36000 3.769
28.38000 8.604
28.40000 3.081
28.42000 1.068
28.44000 4.257
28.46000 2.722
28.48000 1.579
28.50000 4.413
28.52000 5.809
28.54000 4.563
28.56000 7.488
28.58000 7.159
28.60000 2.074
28.62000 6.136
28.64000 3.413
28.66000 4.440
28.68000 10.843
28.70000 7.822
28.72000 4.553
28.74000 -3.694
28.76000 -0.934
28.78000 4.483
28.80000 1.939
28.82000 4.037
28.84000 5.796
28.86000 7.422
28.88000 4.816
28.90000 0.897
28.92000 0.877
28.94000 2.907
28.96000 5.640
28.98000 4.618
29.00000 8.728
29.02000 4.513
29.04000 -0.916
29.06000 5.721
29.08000 4.383
29.10000 0.004
29.12000 3.403
29.14000 7.488
29.16000 9.514
29.18000 4.425
29.20000 7.277
29.22000 7.439
29.24000 7.687
29.26000 2.389
29.28000 6.199
29.30000 6.924
29.32000 7.209
29.34000 8.408
29.36000 6.526
29.38000 6.399
29.40000 6.273
29.42000 3.510
29.44000 -2.309
29.46000 1.237
29.48000 1.772
29.50000 6.639
29.52000 5.411
29.54000 0.652
29.56000 4.125
29.58000 -0.507
29.60000 0.483
29.62000 2.626
29.64000 4.553
29.66000 -0.408
29.68000 -2.061
29.70000 0.050
29.72000 2.559
29.74000 -0.745
29.76000 2.199
29.78000 7.236
29.80000 2.793
29.82000 0.350
29.84000 2.011
29.86000 1.313
29.88000 0.090
29.90000 0.940
29.92000 4.775
29.94000 3.920
29.96000 2.918
29.98000 1.772
30.00000 5.782
30.02000 9.695
30.04000 2.208
30.06000 4.285
30.08000 4.895
30.10000 2.664
30.12000 1.520
30.14000 8.463
30.16000 6.090
30.18000 7.107
30.20000 6.053
30.22000 6.380
30.24000 4.639
30.26000 2.053
30.28000 2.279
30.30000 9.807
30.32000 10.269
30.34000 4.551
30.36000 1.915
30.38000 5.762
30.40000 7.179
30.42000 3.770
30.44000 4.495
30.46000 5.403
30.48000 1.740
30.50000 4.397
30.52000 2.497
30.54000 7.677
30.56000 2.667
30.58000 1.336
30.60000 -1.588
30.62000 2.743
30.64000 4.662
30.66000 5.278
30.68000 3.112
30.70000 0.039
30.72000 -2.886
30.74000 -1.533
30.76000 2.777
30.78000 4.094
30.80000 6.938
30.82000 9.055
30.84000 0.796
30.86000 1.958
30.88000 7.196
30.90000 8.452
30.92000 5.602
30.94000 -3.580
30.96000 3.818
30.98000 3.782
31.00000 2.339
31.02000 6.548
31.04000 3.372
31.06000 0.004
31.08000 3.235
31.10000 7.862
31.12000 11.281
31.14000 10.871
31.16000 4.138
31.18000 4.728
31.20000 7.652
31.22000 2.906
31.24000 4.029
31.26000 9.177
31.28000 4.677
31.30000 -1.604
31.32000 -0.546
31.34000 -3.585
31.36000 -0.263
31.38000 2.772
31.40000 4.068
31.42000 4.729
31.44000 5.367
31.46000 -0.975
31.48000 0.652
31.50000 7.072
31.52000 4.205
31.54000 -0.135
31.56000 -1.536
31.58000 -0.286
31.60000 0.737
31.62000 1.964
31.64000 0.371
31.66000 -1.302
31.68000 0.843
31.70000 1.914
31.72000 0.249
31.74000 4.188
31.76000 6.727
31.78000 5.119
31.80000 3.033
31.82000 3.516
31.84000 0.907
31.86000 1.521
31.88000 2.355
31.90000 4.093
31.92000 1.594
31.94000 0.061
31.96000 1.161
31.98000 7.387
32.00000 8.516
32.02000 3.003
32.04000 -0.149
32.06000 1.309
32.08000 1.466
32.10000 8.642
32.12000 7.607
32.14000 1.410
32.16000 2.040
32.18000 -3.569
32.20000 2.385
32.22000 1.733
32.24000 3.685
32.26000 4.499
32.28000 2.524
32.30000 3.602
32.32000 5.944
32.34000 2.012
32.36000 -2.967
32.38000 0.091
32.40000 0.717
32.42000 2.292
32.44000 0.848
32.46000 -0.976
32.48000 -1.423
32.50000 -0.211
32.52000 1.782
32.54000 0.486
32.56000 2.382
32.58000 1.609
32.60000 2.237
32.62000 -0.064
32.64000 0.444
32.66000 -1.144
32.68000 -3.550
32.70000 -1.424
32.72000 2.077
32.74000 0.423
32.76000 -3.223
32.78000 1.918
32.80000 3.671
32.82000 1.799
32.84000 4.455
32.86000 3.756
32.88000 2.125
32.90000 2.491
32.92000 3.429
32.94000 5.647
32.96000 1.781
32.98000 4.147
33.00000 12.087
33.02000 9.097
33.04000 -0.419
33.06000 -0.706
33.08000 -0.894
33.10000 2.147
33.12000 3.936
33.14000 3.441
33.16000 -2.254
33.18000 -1.867
33.20000 2.653
33.22000 -3.544
33.24000 -0.960
33.26000 4.396
33.28000 5.328
33.30000 0.787
33.32000 0.374
33.34000 1.828
33.36000 0.142
33.38000 2.991
33.40000 2.620
33.42000 -2.394
33.44000 5.020
33.46000 8.183
33.48000 5.962
33.50000 5.116
33.52000 1.829
33.54000 4.876
33.56000 1.095
33.58000 0.512
33.60000 2.026
33.62000 3.492
33.64000 0.216
33.66000 -3.534
33.68000 -0.755
33.70000 2.252
33.72000 0.984
33.74000 2.032
33.76000 -0.423
33.78000 -0.916
33.80000 -0.150
33.82000 3.059
33.84000 4.904
33.86000 6.054
33.88000 4.969
33.90000 6.168
33.92000 7.122
33.94000 3.415
33.96000 2.728
33.98000 1.360
34.00000 -0.165
34.02000 -0.119
34.04000 0.878
34.06000 -0.159
34.08000 -1.475
34.10000 -1.194
34.12000 -1.731
34.14000 3.794
34.16000 5.026
34.18000 2.145
34.20000 1.787
34.22000 3.438
34.24000 3.482
34.26000 -0.172
34.28000 3.517
34.30000 6.903
34.32000 0.378
34.34000 1.562
34.36000 6.040
34.38000 1.629
34.40000 1.835
34.42000 4.432
34.44000 0.615
34.46000 0.537
34.48000 1.819
34.50000 4.542
34.52000 5.578
34.54000 4.799
34.56000 2.892
34.58000 0.342
34.60000 3.594
34.62000 3.563
34.64000 1.430
34.66000 -1.174
34.68000 0.020
34.70000 2.400
34.72000 5.412
34.74000 2.416
34.76000 -1.685
34.78000 -0.639
34.80000 2.382
34.82000 3.802
34.84000 4.316
34.86000 4.927
34.88000 5.788
34.90000 5.198
34.92000 -3.482
34.94000 -0.677
34.96000 2.328
34.98000 4.512
35.00000 3.861
35.02000 4.270
35.04000 0.448
35.06000 -0.161
35.08000 2.334
35.10000 2.739
35.12000 1.170
35.14000 3.168
35.16000 -0.810
35.18000 5.150
35.20000 1.532
35.22000 0.733
35.24000 4.221
35.26000 6.559
35.28000 4.423
35.30000 0.284
35.32000 -0.758
35.34000 -2.332
35.36000 -3.450
35.38000 0.197
35.40000 4.003
35.42000 -0.637
35.44000 -0.549
35.46000 1.617
35.48000 2.628
35.50000 1.685
35.52000 1.224
35.54000 5.498
35.56000 4.271
35.58000 0.097
35.60000 3.794
35.62000 0.542
35.64000 2.395
35.66000 4.327
35.68000 0.651
35.70000 5.452
35.72000 2.220
35.74000 0.623
35.76000 -1.147
35.78000 2.322
35.80000 2.904
35.82000 -0.060
35.84000 -0.837
35.86000 0.703
35.88000 -0.629
35.90000 2.965
35.92000 0.932
35.94000 -2.893
35.96000 -1.980
35.98000 -0.803
36.00000 -0.017
36.02000 4.296
36.04000 2.700
36.06000 0.910
36.08000 -3.459
36.10000 -2.124
36.12000 0.545
36.14000 0.372
36.16000 0.758
36.18000 -0.166
36.20000 1.249
36.22000 0.439
36.24000 0.026
36.26000 -2.415
36.28000 -3.459
36.30000 -0.954
36.32000 1.607
36.34000 2.650
36.36000 -1.935
36.38000 -3.009
36.40000 2.392
36.42000 3.037
36.44000 6.211
36.46000 1.998
36.48000 1.035
36.50000 3.083
36.52000 3.716
36.54000 2.642
36.56000 1.391
36.58000 1.871
36.60000 5.289
36.62000 2.370
36.64000 4.887
36.66000 3.668
36.68000 -0.777
36.70000 0.841
36.72000 6.138
36.74000 1.251
36.76000 2.239
36.78000 0.425
36.80000 4.524
36.82000 2.927
36.84000 1.231
36.86000 -1.949
36.88000 -3.451
36.90000 -0.941
36.92000 -1.015
36.94000 -0.189
36.96000 4.291
36.98000 7.880
37.00000 5.513
37.02000 6.609
37.04000 2.216
37.06000 0.065
37.08000 2.810
37.10000 5.104
37.12000 0.496
37.14000 -2.518
37.16000 -1.968
37.18000 1.280
37.20000 1.356
37.22000 -0.489
37.24000 -2.283
37.26000 4.269
37.28000 9.493
37.30000 2.977
37.32000 2.962
37.34000 6.251
37.36000 -0.018
37.38000 5.196
37.40000 8.299
37.42000 4.019
37.44000 3.194
37.46000 -1.205
37.48000 -0.269
37.50000 2.479
37.52000 2.155
37.54000 2.536
37.56000 6.103
37.58000 7.086
37.60000 2.800
37.62000 2.004
37.64000 2.619
37.66000 -1.059
37.68000 -3.476
37.70000 2.580
37.72000 3.553
37.74000 3.714
37.76000 1.695
37.78000 -0.937
37.80000 0.965
37.82000 1.993
37.84000 1.781
37.86000 1.965
37.88000 4.809
37.90000 6.056
37.92000 9.675
37.94000 8.220
37.96000 9.523
37.98000 6.614
38.00000 5.033
38.02000 1.922
38.04000 3.521
38.06000 7.249
38.08000 8.199
38.10000 5.127
38.12000 8.061
38.14000 9.800
38.16000 7.913
38.18000 5.789
38.20000 6.732
38.22000 7.777
38.24000 9.629
38.26000 11.729
38.28000 14.023
38.30000 15.256
38.32000 10.015
38.34000 10.515
38.36000 12.005
38.38000 13.582
38.40000 13.804
38.42000 14.315
38.44000 11.889
38.46000 13.183
38.48000 17.144
38.50000 18.676
38.52000 21.812
38.54000 18.567
38.56000 18.182
38.58000 17.110
38.60000 20.069
38.62000 14.654
38.64000 16.306
38.66000 16.260
38.68000 14.682
38.70000 20.518
38.72000 17.870
38.74000 17.006
38.76000 16.638
38.78000 18.076
38.80000 21.422
38.82000 21.537
38.84000 20.072
38.86000 16.289
38.88000 19.500
38.90000 19.464
38.92000 18.583
38.94000 22.708
38.96000 26.022
38.98000 26.627
39.00000 27.212
39.02000 25.670
39.04000 27.639
39.06000 28.854
39.08000 22.420
39.10000 24.392
39.12000 28.210
39.14000 32.747
39.16000 28.248
39.18000 28.571
39.20000 32.031
39.22000 39.449
39.24000 39.169
39.26000 39.649
39.28000 38.480
39.30000 41.129
39.32000 43.601
39.34000 42.325
39.36000 45.287
39.38000 48.164
39.40000 47.204
39.42000 48.905
39.44000 47.283
39.46000 57.058
39.48000 60.189
39.50000 55.855
39.52000 63.801
39.54000 64.761
39.56000 67.889
39.58000 71.419
39.60000 74.542
39.62000 79.302
39.64000 82.029
39.66000 88.137
39.68000 91.689
39.70000 98.452
39.72000 107.453
39.74000 112.835
39.76000 118.863
39.78000 126.421
39.80000 136.776
39.82000 139.391
39.84000 144.646
39.86000 155.244
39.88000 167.998
39.90000 178.602
39.92000 196.063
39.94000 207.227
39.96000 220.470
39.98000 235.892
40.00000 246.895
40.02000 266.109
40.04000 284.625
40.06000 304.834
40.08000 324.875
40.10000 349.444
40.12000 373.773
40.14000 403.338
40.16000 420.747
40.18000 449.739
40.20000 476.956
40.22000 515.625
40.24000 548.752
40.26000 585.325
40.28000 615.774
40.30000 647.603
40.32000 688.440
40.34000 722.679
40.36000 761.419
40.38000 785.558
40.40000 815.872
40.42000 849.766
40.44000 874.107
40.46000 901.420
40.48000 921.607
40.50000 931.544
40.52000 946.774
40.54000 949.465
40.56000 959.556
40.58000 965.262
40.60000 970.083
40.62000 948.793
40.64000 937.177
40.66000 925.988
40.68000 889.046
40.70000 856.760
40.72000 827.418
40.74000 807.660
40.76000 784.980
40.78000 769.554
40.80000 742.931
40.82000 709.778
40.84000 682.809
40.86000 649.441
40.88000 615.572
40.90000 596.043
40.92000 570.118
40.94000 541.596
40.96000 516.944
40.98000 494.930
41.00000 471.916
41.02000 445.190
41.04000 416.678
41.06000 402.411
41.08000 378.056
41.10000 355.321
41.12000 332.072
41.14000 314.537
41.16000 301.757
41.18000 282.562
41.20000 266.379
41.22000 254.402
41.24000 235.548
41.26000 221.714
41.28000 219.863
41.30000 211.850
41.32000 193.728
41.34000 185.543
41.36000 172.427
41.38000 167.341
41.40000 156.433
41.42000 150.494
41.44000 141.331
41.46000 131.120
41.48000 118.735
41.50000 116.202
41.52000 114.692
41.54000 110.750
41.56000 100.340
41.58000 97.409
41.60000 88.650
41.62000 85.671
41.64000 86.126
41.66000 83.758
41.68000 80.931
41.70000 74.804
41.72000 74.976
41.74000 70.610
41.76000 65.966
41.78000 65.737
41.80000 57.675
41.82000 56.396
41.84000 57.859
41.86000 55.061
41.88000 52.349
41.90000 52.658
41.92000 50.088
41.94000 45.369
41.96000 39.010
41.98000 37.778
42.00000 36.966
42.02000 33.006
42.04000 33.859
42.06000 31.541
42.08000 29.403
42.10000 28.268
42.12000 28.745
42.14000 31.809
42.16000 27.525
42.18000 26.457
42.20000 27.725
42.22000 29.029
42.24000 25.677
42.26000 26.199
42.28000 26.302
42.30000 21.060
42.32000 19.704
42.34000 19.018
42.36000 17.260
42.38000 18.698
42.40000 18.902
42.42000 15.427
42.44000 13.920
42.46000 15.138
42.48000 13.631
42.50000 13.111
42.52000 13.584
42.54000 9.770
42.56000 15.341
42.58000 15.009
42.60000 13.793
42.62000 11.275
42.64000 7.779
42.66000 7.214
42.68000 7.981
42.70000 4.630
42.72000 10.839
42.74000 12.451
42.76000 7.758
42.78000 10.421
42.80000 5.681
42.82000 3.535
42.84000 3.045
42.86000 3.309
42.88000 8.019
42.90000 7.190
42.92000 3.765
42.94000 2.773
42.96000 2.282
42.98000 3.612
43.00000 3.197
43.02000 0.204
43.04000 1.422
43.06000 4.360
43.08000 2.730
43.10000 3.448
43.12000 4.720
43.14000 5.174
43.16000 3.131
43.18000 2.857
43.20000 1.276
43.22000 2.740
43.24000 -2.735
43.26000 -2.206
43.28000 0.051
43.30000 -0.795
43.32000 0.328
43.34000 2.583
43.36000 2.446
43.38000 0.575
43.40000 -0.153
43.42000 -1.399
43.44000 3.590
43.46000 4.175
43.48000 2.538
43.50000 1.899
43.52000 1.699
43.54000 -0.370
43.56000 -3.327
43.58000 -0.459
43.60000 5.372
43.62000 3.783
43.64000 0.538
43.66000 0.485
43.68000 -0.501
43.70000 0.666
43.72000 4.023
43.74000 0.023
43.76000 0.655
43.78000 0.791
43.80000 0.332
43.82000 1.019
43.84000 -2.057
43.86000 -1.825
43.88000 1.061
43.90000 2.014
43.92000 1.749
43.94000 0.219
43.96000 3.015
43.98000 2.201
44.00000 0.402
44.02000 -0.515
44.04000 4.262
44.06000 -0.059
44.08000 -2.454
44.10000 -3.223
44.12000 -0.982
44.14000 2.953
44.16000 2.036
44.18000 1.086
44.20000 1.269
44.22000 3.073
44.24000 1.671
44.26000 -0.110
44.28000 1.795
44.30000 -1.247
44.32000 -0.781
44.34000 -2.188
44.36000 -2.838
44.38000 -0.045
44.40000 -1.829
44.42000 1.107
44.44000 1.636
44.46000 -0.424
44.48000 -2.606
44.50000 0.533
44.52000 -0.518
44.54000 2.003
44.56000 1.435
44.58000 -0.687
44.60000 0.006
44.62000 -0.542
44.64000 1.228
44.66000 2.055
44.68000 -1.364
44.70000 -1.304
44.72000 0.384
44.74000 0.738
44.76000 1.479
44.78000 3.066
44.80000 3.142
44.82000 0.681
44.84000 1.308
44.86000 -0.492
44.88000 0.029
44.90000 0.511
44.92000 -1.748
44.94000 -3.179
44.96000 -0.293
44.98000 -1.440
45.00000 -0.388
45.02000 -1.586
45.04000 -2.350
45.06000 -2.769
45.08000 -3.002
45.10000 0.984
45.12000 0.063
45.14000 -0.963
45.16000 1.042
45.18000 -1.784
45.20000 0.041
45.22000 -0.616
45.24000 0.173
45.26000 0.457
45.28000 0.427
45.30000 -0.557
45.32000 1.087
45.34000 -0.246
45.36000 -3.155
45.38000 0.637
45.40000 0.740
45.42000 0.897
45.44000 0.826
45.46000 -0.547
45.48000 -1.181
45.50000 -0.040
45.52000 1.757
45.54000 2.983
45.56000 -0.832
45.58000 -1.043
45.60000 -1.602
45.62000 3.957
45.64000 2.976
45.66000 -1.533
45.68000 -1.944
45.70000 3.183
45.72000 1.616
45.74000 4.712
45.76000 5.047
45.78000 8.459
45.80000 7.828
45.82000 1.807
45.84000 0.271
45.86000 3.071
45.88000 4.490
45.90000 10.411
45.92000 11.255
45.94000 5.688
45.96000 5.104
45.98000 8.755
46.00000 9.976
46.02000 10.994
46.04000 13.907
46.06000 16.443
46.08000 15.618
46.10000 10.961
46.12000 11.234
46.14000 12.768
46.16000 12.463
46.18000 18.392
46.20000 17.269
46.22000 18.865
46.24000 13.017
46.26000 13.529
46.28000 14.864
46.30000 16.766
46.32000 14.692
46.34000 17.412
46.36000 23.543
46.38000 20.566
46.40000 27.490
46.42000 29.253
46.44000 28.102
46.46000 29.031
46.48000 30.998
46.50000 30.623
46.52000 33.246
46.54000 37.364
46.56000 38.691
46.58000 38.423
46.60000 37.269
46.62000 40.505
46.64000 45.581
46.66000 47.743
46.68000 47.585
46.70000 47.944
46.72000 52.426
46.74000 52.070
46.76000 55.098
46.78000 57.532
46.80000 58.966
46.82000 64.187
46.84000 70.953
46.86000 67.040
46.88000 70.005
46.90000 75.684
46.92000 77.047
46.94000 83.963
46.96000 83.811
46.98000 81.748
47.00000 81.957
47.02000 87.808
47.04000 94.465
47.06000 95.415
47.08000 100.063
47.10000 98.871
47.12000 94.835
47.14000 95.951
47.16000 98.578
47.18000 97.377
47.20000 99.716
47.22000 104.348
47.24000 96.557
47.26000 92.915
47.28000 94.751
47.30000 93.254
47.32000 92.526
47.34000 89.699
47.36000 87.148
47.38000 86.990
47.40000 88.429
47.42000 87.212
47.44000 88.760
47.46000 83.866
47.48000 76.848
47.50000 83.501
47.52000 81.560
47.54000 73.553
47.56000 71.583
47.58000 70.282
47.60000 63.656
47.62000 60.832
47.64000 59.983
47.66000 57.346
47.68000 52.446
47.70000 44.387
47.72000 47.285
47.74000 48.055
47.76000 44.384
47.78000 42.334
47.80000 40.598
47.82000 39.027
47.84000 38.451
47.86000 39.449
47.88000 36.679
47.90000 30.762
47.92000 31.220
47.94000 30.319
47.96000 28.465
47.98000 26.050
48.00000 25.766
48.02000 21.094
48.04000 16.970
48.06000 14.104
48.08000 14.234
48.10000 18.435
48.12000 20.589
48.14000 16.210
48.16000 12.502
48.18000 11.279
48.20000 9.177
48.22000 8.478
48.24000 9.026
48.26000 9.943
48.28000 8.509
48.30000 8.283
48.32000 6.823
48.34000 3.259
48.36000 2.412
48.38000 1.790
48.40000 1.144
48.42000 4.451
48.44000 3.380
48.46000 1.292
48.48000 -0.745
48.50000 0.678
48.52000 2.432
48.54000 1.623
48.56000 4.010
48.58000 1.253
48.60000 -1.407
48.62000 -1.572
48.64000 -0.892
48.66000 1.343
48.68000 1.946
48.70000 2.546
48.72000 3.205
48.74000 -1.369
48.76000 -2.759
48.78000 -2.412
48.80000 -1.272
48.82000 1.148
48.84000 0.959
48.86000 2.218
48.88000 0.670
48.90000 -1.708
48.92000 -1.644
48.94000 -1.614
48.96000 0.075
48.98000 1.048
49.00000 -1.440
49.02000 -1.019
49.04000 -0.885
49.06000 0.605
49.08000 -0.448
49.10000 0.045
49.12000 0.325
49.14000 0.324
49.16000 0.942
49.18000 0.242
49.20000 -1.124
49.22000 1.325
49.24000 3.614
49.26000 0.347
49.28000 -1.127
49.30000 1.124
49.32000 0.148
49.34000 -0.962
49.36000 -2.597
49.38000 0.711
49.40000 -0.114
49.42000 1.190
49.44000 3.814
49.46000 1.924
49.48000 1.986
49.50000 3.043
49.52000 4.478
49.54000 -0.187
49.56000 3.040
49.58000 5.637
49.60000 3.279
49.62000 1.873
49.64000 1.175
49.66000 4.488
49.68000 3.400
49.70000 2.903
49.72000 -0.571
49.74000 1.899
49.76000 2.703
49.78000 2.172
49.80000 1.102
49.82000 2.502
49.84000 1.293
49.86000 -2.525
49.88000 -0.585
49.90000 6.842
49.92000 6.335
49.94000 4.824
49.96000 0.855
49.98000 3.210
50.00000 4.025
50.02000 3.177
50.04000 1.811
50.06000 3.522
50.08000 3.292
50.10000 0.133
50.12000 2.792
50.14000 1.331
50.16000 2.688
50.18000 1.076
50.20000 0.620
50.22000 1.222
50.24000 -0.966
50.26000 -1.467
50.28000 2.233
50.30000 6.835
50.32000 3.774
50.34000 -0.248
50.36000 1.458
50.38000 4.228
50.40000 3.670
50.42000 4.076
50.44000 1.896
50.46000 -1.725
50.48000 -1.919
50.50000 -2.488
50.52000 0.560
50.54000 4.219
50.56000 5.754
50.58000 2.808
50.60000 1.681
50.62000 4.910
50.64000 2.441
50.66000 1.083
50.68000 -0.572
50.70000 -2.479
50.72000 -1.676
50.74000 2.708
50.76000 -2.044
50.78000 1.583
50.80000 2.525
50.82000 0.467
50.84000 0.834
50.86000 1.364
50.88000 0.021
50.90000 4.152
50.92000 4.999
50.94000 2.673
50.96000 1.015
50.98000 0.195
51.00000 0.101
51.02000 -2.463
51.04000 -2.462
51.06000 -2.092
51.08000 2.182
51.10000 1.493
51.12000 -0.344
51.14000 0.328
51.16000 1.440
51.18000 2.918
51.20000 1.383
51.22000 0.211
51.24000 0.292
51.26000 1.806
51.28000 2.269
51.30000 -0.907
51.32000 3.324
51.34000 3.453
51.36000 4.457
51.38000 2.886
51.40000 0.101
51.42000 2.854
51.44000 4.391
51.46000 4.174
51.48000 5.786
51.50000 5.604
51.52000 1.020
51.54000 0.648
51.56000 1.584
51.58000 1.370
51.60000 1.811
51.62000 3.684
51.64000 4.381
51.66000 1.542
51.68000 2.808
51.70000 -0.971
51.72000 -1.599
51.74000 -1.939
51.76000 1.601
51.78000 1.313
51.80000 -0.475
51.82000 -1.071
51.84000 -1.230
51.86000 1.808
51.88000 1.429
51.90000 -0.224
51.92000 1.749
51.94000 4.067
51.96000 3.145
51.98000 0.065
52.00000 -0.016
52.02000 -2.442
52.04000 -0.759
52.06000 1.768
52.08000 0.764
52.10000 0.079
52.12000 -0.662
52.14000 0.521
52.16000 0.684
52.18000 0.139
52.20000 0.358
52.22000 4.761
52.24000 -0.145
52.26000 -0.269
52.28000 -0.245
52.30000 -2.141
52.32000 2.567
52.34000 4.214
52.36000 -0.237
52.38000 -1.431
52.40000 -1.964
52.42000 0.642
52.44000 -0.606
52.46000 -0.477
52.48000 -0.260
52.50000 -0.983
52.52000 -2.431
52.54000 0.165
52.56000 -0.691
52.58000 -0.774
52.60000 -1.738
52.62000 -0.327
52.64000 1.694
52.66000 1.458
52.68000 -0.710
52.70000 -1.987
52.72000 2.442
52.74000 0.402
52.76000 2.426
52.78000 1.175
52.80000 0.406
52.82000 1.777
52.84000 -0.546
52.86000 -1.759
52.88000 0.663
52.90000 2.496
52.92000 -0.553
52.94000 1.409
52.96000 0.774
52.98000 -0.115
53.00000 3.432
53.02000 2.074
53.04000 -1.589
53.06000 0.155
53.08000 2.411
53.10000 -0.755
53.12000 2.596
53.14000 1.438
53.16000 -1.023
53.18000 2.414
53.20000 2.392
53.22000 3.635
53.24000 3.551
53.26000 1.040
53.28000 1.039
53.30000 2.476
53.32000 5.161
53.34000 1.261
53.36000 1.382
53.38000 4.073
53.40000 4.515
53.42000 1.218
53.44000 -0.423
53.46000 2.537
53.48000 5.932
53.50000 5.347
53.52000 4.212
53.54000 2.602
53.56000 1.417
53.58000 2.488
53.60000 7.957
53.62000 4.164
53.64000 3.239
53.66000 2.889
53.68000 -0.464
53.70000 -2.358
53.72000 1.328
53.74000 2.282
53.76000 0.864
53.78000 0.669
53.80000 -1.105
53.82000 2.044
53.84000 7.802
53.86000 3.244
53.88000 2.269
53.90000 -0.187
53.92000 1.657
53.94000 1.324
53.96000 2.472
53.98000 1.514
54.00000 -0.172
54.02000 0.457
54.04000 -0.177
54.06000 -1.908
54.08000 2.278
54.10000 3.747
54.12000 6.919
54.14000 4.896
54.16000 0.295
54.18000 2.029
54.20000 1.861
54.22000 5.072
54.24000 5.359
54.26000 2.263
54.28000 -1.069
54.30000 0.259
54.32000 0.824
54.34000 1.591
54.36000 0.817
54.38000 -1.441
54.40000 0.242
54.42000 0.114
54.44000 0.723
54.46000 2.436
54.48000 -1.245
54.50000 1.671
54.52000 3.356
54.54000 -0.021
54.56000 -0.348
54.58000 -0.059
54.60000 0.677
54.62000 1.465
54.64000 1.032
54.66000 0.010
54.68000 0.493
54.70000 -0.135
54.72000 0.909
54.74000 1.782
54.76000 0.849
54.78000 0.325
54.80000 0.389
54.82000 1.172
54.84000 -0.146
54.86000 -2.370
54.88000 0.891
54.90000 0.292
54.92000 0.707
54.94000 -0.572
54.96000 1.171
54.98000 1.785
55.00000 -0.439
55.02000 0.733
55.04000 2.266
55.06000 -1.637
55.08000 1.410
55.10000 -0.334
55.12000 -0.359
55.14000 0.547
55.16000 -0.109
55.18000 -2.013
55.20000 2.964
55.22000 5.733
55.24000 -1.106
55.26000 -1.327
55.28000 1.726
55.30000 3.387
55.32000 -0.649
55.34000 -2.361
55.36000 1.860
55.38000 3.012
55.40000 1.936
55.42000 3.683
55.44000 -0.484
55.46000 -0.345
55.48000 1.085
55.50000 2.206
55.52000 2.442
55.54000 2.986
55.56000 0.015
55.58000 1.980
55.60000 3.095
55.62000 7.073
55.64000 8.491
55.66000 3.551
55.68000 1.469
55.70000 1.652
55.72000 0.268
55.74000 -1.506
55.76000 -2.343
55.78000 -1.626
55.80000 -0.101
55.82000 2.876
55.84000 0.142
55.86000 0.328
55.88000 -1.704
55.90000 1.607
55.92000 1.067
55.94000 -1.360
55.96000 -2.332
55.98000 0.073
56.00000 6.093
56.02000 2.859
56.04000 1.225
56.06000 2.245
56.08000 3.648
56.10000 3.761
56.12000 -2.068
56.14000 -1.397
56.16000 -0.672
56.18000 -0.323
56.20000 1.061
56.22000 4.272
56.24000 3.326
56.26000 2.267
56.28000 -0.304
56.30000 -1.939
56.32000 0.501
56.34000 0.649
56.36000 -1.992
56.38000 -1.076
56.40000 -2.013
56.42000 -0.022
56.44000 -0.402
56.46000 -0.020
56.48000 -2.204
56.50000 -2.115
56.52000 -1.198
56.54000 -1.526
56.56000 -1.292
56.58000 -1.563
56.60000 -2.329
56.62000 -0.044
56.64000 -1.047
56.66000 1.676
56.68000 0.373
56.70000 -0.044
56.72000 -0.098
56.74000 0.502
56.76000 1.951
56.78000 1.761
56.80000 -1.178
56.82000 -0.557
56.84000 0.026
56.86000 0.574
56.88000 2.341
56.90000 -1.205
56.92000 -0.431
56.94000 -0.226
56.96000 -2.105
56.98000 -1.856
57.00000 -1.561
57.02000 -2.313
57.04000 -0.050
57.06000 1.299
57.08000 2.513
57.10000 0.884
57.12000 -0.458
57.14000 1.130
57.16000 2.295
57.18000 -0.597
57.20000 1.072
57.22000 0.384
57.24000 3.263
57.26000 2.724
57.28000 1.593
57.30000 1.713
57.32000 0.230
57.34000 0.397
57.36000 2.333
57.38000 -0.803
57.40000 -2.208
57.42000 -1.178
57.44000 -1.460
57.46000 -0.959
57.48000 -0.343
57.50000 0.114
57.52000 2.895
57.54000 0.846
57.56000 0.345
57.58000 2.644
57.60000 2.465
57.62000 2.853
57.64000 2.548
57.66000 4.058
57.68000 2.689
57.70000 1.791
57.72000 3.703
57.74000 3.442
57.76000 0.007
57.78000 0.754
57.80000 4.138
57.82000 1.601
57.84000 2.378
57.86000 4.849
57.88000 2.058
57.90000 1.788
57.92000 -1.660
57.94000 -2.240
57.96000 4.933
57.98000 3.968
58.00000 1.774
58.02000 4.336
58.04000 7.305
58.06000 4.700
58.08000 3.041
58.10000 -0.349
58.12000 2.188
58.14000 -0.509
58.16000 -0.694
58.18000 1.718
58.20000 0.799
58.22000 0.462
58.24000 1.071
58.26000 2.631
58.28000 3.021
58.30000 2.617
58.32000 2.853
58.34000 2.207
58.36000 -0.472
58.38000 1.070
58.40000 0.634
58.42000 2.195
58.44000 1.696
58.46000 -2.066
58.48000 2.452
58.50000 3.143
58.52000 1.156
58.54000 1.313
58.56000 3.155
58.58000 1.292
58.60000 3.195
58.62000 3.048
58.64000 3.984
58.66000 1.586
58.68000 -0.357
58.70000 -1.755
58.72000 3.528
58.74000 5.458
58.76000 4.552
58.78000 2.068
58.80000 2.067
58.82000 4.433
58.84000 1.852
58.86000 1.280
58.88000 -2.230
58.90000 0.739
58.92000 0.560
58.94000 0.250
58.96000 -0.260
58.98000 2.834
59.00000 4.034
59.02000 5.736
59.04000 2.371
59.06000 2.228
59.08000 3.517
59.10000 6.014
59.12000 3.249
59.14000 5.223
59.16000 2.556
59.18000 1.783
59.20000 1.430
59.22000 4.047
59.24000 5.217
59.26000 1.920
59.28000 1.058
59.30000 2.039
59.32000 -1.652
59.34000 1.369
59.36000 3.943
59.38000 0.508
59.40000 1.662
59.42000 3.360
59.44000 5.473
59.46000 0.216
59.48000 -0.848
59.50000 -0.092
59.52000 3.010
59.54000 3.198
59.56000 -2.201
59.58000 -0.587
59.60000 3.379
59.62000 1.404
59.64000 3.426
59.66000 5.100
59.68000 2.966
59.70000 0.892
59.72000 2.056
59.74000 2.296
59.76000 0.215
59.78000 -0.281
59.80000 2.053
59.82000 2.013
59.84000 2.405
59.86000 3.200
59.88000 3.239
59.90000 0.869
59.92000 -1.817
59.94000 1.452
59.96000 1.440
59.98000 4.525
60.00000 5.090
60.02000 2.793
60.04000 0.339
60.06000 -0.003
60.08000 0.044
60.10000 1.189
60.12000 2.288
60.14000 1.886
60.16000 4.010
60.18000 3.043
60.20000 1.348
60.22000 0.283
60.24000 1.109
60.26000 0.987
60.28000 0.160
60.30000 1.774
60.32000 2.528
60.34000 1.398
60.36000 -0.882
60.38000 -1.496
60.40000 -0.733
60.42000 2.315
60.44000 1.099
60.46000 -2.198
60.48000 -1.512
60.50000 0.554
60.52000 0.861
60.54000 1.444
60.56000 -0.395
60.58000 2.054
60.60000 1.719
60.62000 2.609
60.64000 1.052
60.66000 1.629
60.68000 1.296
60.70000 0.959
60.72000 1.139
60.74000 1.639
60.76000 2.520
60.78000 2.677
60.80000 0.017
60.82000 0.926
60.84000 0.968
60.86000 3.286
60.88000 1.320
60.90000 0.814
60.92000 1.118
60.94000 -0.209
60.96000 3.386
60.98000 3.046
61.00000 0.747
61.02000 1.250
61.04000 4.842
61.06000 1.601
61.08000 1.535
61.10000 1.081
61.12000 2.412
61.14000 1.298
61.16000 1.025
61.18000 0.974
61.20000 -2.145
61.22000 -0.781
61.24000 2.282
61.26000 4.152
61.28000 6.626
61.30000 4.190
61.32000 1.176
61.34000 2.204
61.36000 1.190
61.38000 4.252
61.40000 3.717
61.42000 4.727
61.44000 3.397
61.46000 -1.007
61.48000 2.905
61.50000 3.759
61.52000 4.071
61.54000 2.047
61.56000 -1.347
61.58000 -2.158
61.60000 0.614
61.62000 2.986
61.64000 1.501
61.66000 2.176
61.68000 -1.809
61.70000 -0.060
61.72000 2.673
61.74000 0.452
61.76000 -0.462
61.78000 -0.910
61.80000 2.356
61.82000 0.401
61.84000 0.542
61.86000 1.013
61.88000 0.791
61.90000 0.773
61.92000 -1.479
61.94000 -1.749
61.96000 -0.237
61.98000 1.290
62.00000 -1.406
62.02000 -0.189
62.04000 0.138
62.06000 -0.377
62.08000 1.731
62.10000 2.997
62.12000 2.057
62.14000 -0.143
62.16000 -0.166
62.18000 -0.534
62.20000 -0.498
62.22000 3.027
62.24000 0.826
62.26000 0.859
62.28000 -0.582
62.30000 -1.533
62.32000 -0.240
62.34000 -0.459
62.36000 1.114
62.38000 -2.016
62.40000 -2.157
62.42000 -0.654
62.44000 -0.304
62.46000 0.901
62.48000 3.855
62.50000 2.731
62.52000 -0.625
62.54000 -1.070
62.56000 0.039
62.58000 0.715
62.60000 0.352
62.62000 -0.133
62.64000 -1.029
62.66000 -0.221
62.68000 0.204
62.70000 0.006
62.72000 -2.165
62.74000 0.444
62.76000 -0.146
62.78000 0.553
62.80000 2.611
62.82000 0.518
62.84000 2.462
62.86000 3.189
62.88000 -0.683
62.90000 -1.935
62.92000 -0.443
62.94000 -1.853
62.96000 -1.154
62.98000 -1.004
63.00000 -0.107
63.02000 -0.239
63.04000 0.777
63.06000 1.327
63.08000 1.998
63.10000 3.163
63.12000 3.568
63.14000 1.369
63.16000 2.211
63.18000 3.436
63.20000 2.160
63.22000 1.624
63.24000 0.951
63.26000 0.218
63.28000 -2.163
63.30000 -1.507
63.32000 0.412
63.34000 1.552
63.36000 -0.308
63.38000 -0.513
63.40000 1.779
63.42000 3.267
63.44000 1.399
63.46000 1.732
63.48000 1.976
63.50000 -2.158
63.52000 -1.279
63.54000 -1.978
63.56000 0.889
63.58000 1.747
63.60000 3.958
63.62000 -0.253
63.64000 0.309
63.66000 -2.039
63.68000 -0.707
63.70000 -1.972
63.72000 -0.843
63.74000 -0.115
63.76000 -1.043
63.78000 -0.149
63.80000 1.690
63.82000 0.341
63.84000 -0.629
63.86000 0.031
63.88000 -0.745
63.90000 1.948
63.92000 1.006
63.94000 3.498
63.96000 0.345
63.98000 -1.439
64.00000 0.764
64.02000 -0.163
64.04000 1.252
64.06000 1.310
64.08000 -1.464
64.10000 1.512
64.12000 1.606
64.14000 -1.496
64.16000 -1.405
64.18000 1.142
64.20000 1.911
64.22000 2.504
64.24000 3.900
64.26000 0.460
64.28000 -0.888
64.30000 0.459
64.32000 -1.372
64.34000 -0.722
64.36000 -2.155
64.38000 -0.199
64.40000 1.758
64.42000 0.804
64.44000 -1.432
64.46000 0.310
64.48000 1.248
64.50000 3.439
64.52000 2.317
64.54000 1.513
64.56000 1.652
64.58000 3.864
64.60000 2.582
64.62000 0.092
64.64000 0.496
64.66000 1.977
64.68000 1.325
64.70000 0.274
64.72000 -2.144
64.74000 -0.826
64.76000 -1.079
64.78000 -0.278
64.80000 0.717
64.82000 0.529
64.84000 3.524
64.86000 0.641
64.88000 -2.027
64.90000 -0.674
64.92000 2.613
64.94000 1.317
64.96000 0.721
64.98000 0.817
65.00000 0.119
65.02000 -0.356
65.04000 1.562
65.06000 3.981
65.08000 1.912
65.10000 0.675
65.12000 2.864
65.14000 2.771
65.16000 -0.435
65.18000 0.023
65.20000 -0.981
65.22000 -2.146
65.24000 -0.115
65.26000 1.054
65.28000 1.614
65.30000 2.572
65.32000 0.671
65.34000 0.346
65.36000 0.838
65.38000 -0.685
65.40000 2.515
65.42000 3.750
65.44000 0.558
65.46000 2.691
65.48000 1.000
65.50000 -0.732
65.52000 -0.624
65.54000 -0.526
65.56000 -2.149
65.58000 -1.053
65.60000 0.552
65.62000 2.514
65.64000 3.007
65.66000 0.508
65.68000 -1.498
65.70000 0.852
65.72000 2.040
65.74000 0.503
65.76000 -1.299
65.78000 -1.708
65.80000 2.716
65.82000 2.376
65.84000 -0.312
65.86000 -1.027
65.88000 0.185
65.90000 0.657
65.92000 0.150
65.94000 -0.682
65.96000 -0.541
65.98000 1.505
66.00000 2.904
66.02000 1.594
66.04000 1.409
66.06000 0.165
66.08000 0.521
66.10000 1.947
66.12000 1.147
66.14000 1.619
66.16000 1.144
66.18000 1.814
66.20000 1.428
66.22000 3.454
66.24000 1.029
66.26000 0.182
66.28000 1.175
66.30000 0.486
66.32000 3.152
66.34000 0.407
66.36000 -0.526
66.38000 -0.786
66.40000 -0.796
66.42000 0.564
66.44000 -0.933
66.46000 0.280
66.48000 0.460
66.50000 0.254
66.52000 -2.149
66.54000 -2.134
66.56000 -0.642
66.58000 -0.904
66.60000 0.164
66.62000 2.426
66.64000 -0.131
66.66000 3.141
66.68000 4.437
66.70000 0.579
66.72000 -2.150
66.74000 -0.158
66.76000 -1.750
66.78000 -1.093
66.80000 1.302
66.82000 5.049
66.84000 2.375
66.86000 -0.185
66.88000 -0.020
66.90000 -0.944
66.92000 -0.253
66.94000 -0.187
66.96000 -0.590
66.98000 -1.009
67.00000 -0.660
67.02000 0.710
67.04000 0.489
67.06000 0.411
67.08000 -1.095
67.10000 2.354
67.12000 3.933
67.14000 3.609
67.16000 1.434
67.18000 2.419
67.20000 2.290
67.22000 0.856
67.24000 -0.374
67.26000 -0.468
67.28000 -0.229
67.30000 -0.093
67.32000 1.991
67.34000 0.377
67.36000 0.157
67.38000 2.594
67.40000 1.339
67.42000 0.696
67.44000 0.117
67.46000 -0.458
67.48000 -2.155
67.50000 -2.049
67.52000 -0.020
67.54000 -2.114
67.56000 -2.164
67.58000 1.841
67.60000 1.994
67.62000 3.114
67.64000 1.961
67.66000 0.850
67.68000 0.444
67.70000 -0.023
67.72000 -1.530
67.74000 1.280
67.76000 -0.012
67.78000 -0.313
67.80000 -0.374
67.82000 -0.319
67.84000 -0.281
67.86000 -0.050
67.88000 2.999
67.90000 -0.727
67.92000 -0.937
67.94000 -1.045
67.96000 0.823
67.98000 1.049
68.00000 -1.848
68.02000 0.570
68.04000 1.970
68.06000 1.532
68.08000 2.632
68.10000 2.622
68.12000 3.753
68.14000 2.351
68.16000 4.325
68.18000 2.651
68.20000 2.499
68.22000 -0.224
68.24000 1.376
68.26000 3.582
68.28000 3.240
68.30000 5.023
68.32000 3.218
68.34000 3.701
68.36000 2.440
68.38000 6.248
68.40000 7.543
68.42000 6.992
68.44000 6.908
68.46000 9.930
68.48000 8.807
68.50000 8.224
68.52000 7.291
68.54000 9.824
68.56000 9.858
68.58000 8.271
68.60000 9.713
68.62000 11.339
68.64000 11.318
68.66000 12.591
68.68000 14.785
68.70000 15.986
68.72000 12.605
68.74000 10.067
68.76000 15.441
68.78000 15.420
68.80000 15.563
68.82000 17.864
68.84000 15.174
68.86000 17.449
68.88000 21.717
68.90000 22.478
68.92000 22.100
68.94000 19.951
68.96000 19.993
68.98000 21.844
69.00000 22.016
69.02000 21.282
69.04000 21.799
69.06000 23.623
69.08000 27.026
69.10000 26.042
69.12000 22.403
69.14000 22.055
69.16000 17.699
69.18000 15.309
69.20000 16.901
69.22000 19.202
69.24000 21.427
69.26000 20.373
69.28000 17.964
69.30000 19.005
69.32000 17.432
69.34000 16.764
69.36000 19.161
69.38000 19.085
69.40000 15.812
69.42000 14.506
69.44000 12.997
69.46000 11.318
69.48000 14.468
69.50000 12.442
69.52000 14.635
69.54000 12.621
69.56000 11.889
69.58000 8.555
69.60000 2.997
69.62000 7.045
69.64000 7.498
69.66000 5.655
69.68000 6.759
69.70000 8.911
69.72000 7.016
69.74000 5.404
69.76000 4.737
69.78000 4.353
69.80000 3.211
69.82000 4.455
69.84000 1.712
69.86000 2.813
69.88000 3.564
69.90000 4.123
69.92000 5.134
69.94000 3.050
69.96000 4.619
69.98000 5.004
70.00000 3.359
70.02000 2.469
70.04000 2.878
70.06000 -0.130
70.08000 -0.510
70.10000 2.708
70.12000 1.744
70.14000 -1.160
70.16000 0.611
70.18000 0.532
70.20000 -0.904
70.22000 -0.823
70.24000 1.270
70.26000 3.282
70.28000 0.686
70.30000 1.114
70.32000 -0.187
70.34000 -0.905
70.36000 -2.123
70.38000 -0.790
70.40000 2.167
70.42000 4.934
70.44000 1.674
70.46000 -0.166
70.48000 -0.496
70.50000 0.683
70.52000 -1.688
70.54000 0.073
70.56000 1.888
70.58000 -0.868
70.60000 -1.208
70.62000 1.126
70.64000 -2.098
70.66000 -0.836
70.68000 2.137
70.70000 3.562
70.72000 1.161
70.74000 -1.249
70.76000 -0.169
70.78000 2.102
70.80000 2.162
70.82000 1.009
70.84000 3.158
70.86000 1.016
70.88000 0.376
70.90000 -0.429
70.92000 -0.672
70.94000 -0.428
70.96000 0.606
70.98000 4.328
71.00000 4.413
71.02000 1.891
71.04000 1.121
71.06000 -2.074
71.08000 -0.533
71.10000 1.457
71.12000 1.903
71.14000 2.602
71.16000 1.992
71.18000 2.624
71.20000 3.140
71.22000 2.433
71.24000 4.130
71.26000 4.457
71.28000 2.876
71.30000 2.106
71.32000 0.950
71.34000 1.275
71.36000 2.203
71.38000 1.737
71.40000 0.148
71.42000 2.029
71.44000 3.435
71.46000 3.506
71.48000 0.889
71.50000 0.717
71.52000 1.650
71.54000 -1.942
71.56000 -2.033
71.58000 2.400
71.60000 4.773
71.62000 1.565
71.64000 0.115
71.66000 2.185
71.68000 1.071
71.70000 1.256
71.72000 1.000
71.74000 0.822
71.76000 0.851
71.78000 -1.084
71.80000 0.967
71.82000 0.801
71.84000 1.931
71.86000 -0.073
71.88000 0.911
71.90000 -0.800
71.92000 -1.832
71.94000 0.805
71.96000 1.892
71.98000 3.147
72.00000 1.271
72.02000 -0.992
72.04000 -1.275
72.06000 -1.020
72.08000 -1.122
72.10000 0.173
72.12000 1.359
72.14000 0.493
72.16000 0.216
72.18000 0.151
72.20000 -0.490
72.22000 0.038
72.24000 1.123
72.26000 3.273
72.28000 -0.294
72.30000 0.839
72.32000 -0.790
72.34000 -1.914
72.36000 -2.010
72.38000 1.631
72.40000 1.146
72.42000 -0.373
72.44000 3.199
72.46000 2.168
72.48000 1.075
72.50000 2.610
72.52000 3.320
72.54000 0.850
72.56000 2.357
72.58000 1.701
72.60000 2.144
72.62000 3.670
72.64000 4.441
72.66000 2.795
72.68000 0.381
72.70000 1.461
72.72000 2.625
72.74000 0.706
72.76000 1.651
72.78000 1.524
72.80000 1.739
72.82000 3.747
72.84000 4.959
72.86000 2.948
72.88000 2.271
72.90000 2.815
72.92000 1.421
72.94000 3.661
72.96000 4.018
72.98000 2.553
73.00000 4.568
73.02000 5.761
73.04000 2.899
73.06000 5.435
73.08000 3.918
73.10000 5.495
73.12000 1.482
73.14000 1.573
73.16000 1.834
73.18000 2.837
73.20000 0.915
73.22000 0.901
73.24000 2.995
73.26000 4.787
73.28000 1.485
73.30000 2.050
73.32000 1.441
73.34000 1.662
73.36000 1.751
73.38000 -1.934
73.40000 0.936
73.42000 0.923
73.44000 4.977
73.46000 4.145
73.48000 1.523
73.50000 0.920
73.52000 1.240
73.54000 3.078
73.56000 1.799
73.58000 1.818
73.60000 2.420
73.62000 1.513
73.64000 2.844
73.66000 3.684
73.68000 0.914
73.70000 3.279
73.72000 4.257
73.74000 4.926
73.76000 6.285
73.78000 4.350
73.80000 2.126
73.82000 4.021
73.84000 2.805
73.86000 3.990
73.88000 3.586
73.90000 5.270
73.92000 2.524
73.94000 -0.331
73.96000 -1.944
73.98000 1.324
74.00000 1.692
74.02000 0.957
74.04000 1.155
74.06000 2.045
74.08000 3.317
74.10000 3.330
74.12000 0.534
74.14000 2.110
74.16000 3.490
74.18000 2.006
74.20000 2.590
74.22000 1.564
74.24000 0.487
74.26000 3.277
74.28000 3.294
74.30000 5.047
74.32000 2.778
74.34000 1.361
74.36000 2.291
74.38000 0.159
74.40000 -0.606
74.42000 -1.950
74.44000 -0.946
74.46000 0.944
74.48000 2.940
74.50000 5.046
74.52000 3.131
74.54000 2.001
74.56000 1.853
74.58000 2.283
74.60000 4.748
74.62000 2.861
74.64000 2.657
74.66000 0.392
74.68000 3.346
74.70000 2.420
74.72000 0.264
74.74000 0.993
74.76000 4.422
74.78000 4.642
74.80000 1.273
74.82000 -1.971
74.84000 -1.793
74.86000 2.269
74.88000 1.414
74.90000 -1.938
74.92000 -1.664
74.94000 -0.679
74.96000 0.750
74.98000 1.174
75.00000 -1.084
75.02000 -0.924
75.04000 2.237
75.06000 4.320
75.08000 5.120
75.10000 1.267
75.12000 -0.779
75.14000 0.069
75.16000 2.362
75.18000 1.435
75.20000 2.088
75.22000 4.241
75.24000 1.826
75.26000 -1.147
75.28000 0.815
75.30000 4.611
75.32000 2.597
75.34000 0.516
75.36000 -0.643
75.38000 2.686
75.40000 4.044
75.42000 0.582
75.44000 -1.278
75.46000 -1.968
75.48000 0.371
75.50000 1.961
75.52000 0.084
75.54000 2.845
75.56000 1.449
75.58000 0.206
75.60000 1.373
75.62000 1.160
75.64000 3.482
75.66000 3.109
75.68000 0.040
75.70000 0.027
75.72000 2.500
75.74000 1.543
75.76000 1.479
75.78000 0.373
75.80000 2.937
75.82000 4.790
75.84000 0.518
75.86000 2.022
75.88000 2.704
75.90000 1.567
75.92000 0.363
75.94000 3.923
75.96000 4.743
75.98000 4.658
76.00000 -0.700
76.02000 -1.688
76.04000 -1.947
76.06000 -1.397
76.08000 2.180
76.10000 3.780
76.12000 1.757
76.14000 0.815
76.16000 0.146
76.18000 -0.217
76.20000 -0.867
76.22000 1.859
76.24000 3.054
76.26000 2.387
76.28000 3.923
76.30000 0.942
76.32000 0.517
76.34000 2.584
76.36000 0.992
76.38000 6.046
76.40000 1.975
76.42000 -0.687
76.44000 2.172
76.46000 3.235
76.48000 5.876
76.50000 3.043
76.52000 3.301
76.54000 0.989
76.56000 0.468
76.58000 0.625
76.60000 2.953
76.62000 5.762
76.64000 1.499
76.66000 4.164
76.68000 4.427
76.70000 4.598
76.72000 5.870
76.74000 5.265
76.76000 4.406
76.78000 6.232
76.80000 2.424
76.82000 4.245
76.84000 3.052
76.86000 2.919
76.88000 4.597
76.90000 3.384
76.92000 7.771
76.94000 5.458
76.96000 3.255
76.98000 5.397
77.00000 6.344
77.02000 1.031
77.04000 -1.927
77.06000 -0.071
77.08000 5.285
77.10000 4.114
77.12000 4.343
77.14000 3.811
77.16000 2.006
77.18000 3.813
77.20000 2.014
77.22000 1.736
77.24000 1.283
77.26000 2.238
77.28000 5.061
77.30000 0.785
77.32000 1.877
77.34000 1.036
77.36000 1.750
77.38000 0.949
77.40000 0.638
77.42000 3.731
77.44000 4.960
77.46000 4.399
77.48000 1.049
77.50000 1.308
77.52000 -0.294
77.54000 0.608
77.56000 7.178
77.58000 6.467
77.60000 5.880
77.62000 4.874
77.64000 3.957
77.66000 1.516
77.68000 1.438
77.70000 0.903
77.72000 0.858
77.74000 2.378
77.76000 2.335
77.78000 4.548
77.80000 5.271
77.82000 2.523
77.84000 3.176
77.86000 3.686
77.88000 5.433
77.90000 6.322
77.92000 5.077
77.94000 2.197
77.96000 -0.042
77.98000 -0.240
78.00000 3.935
78.02000 3.533
78.04000 1.677
78.06000 2.244
78.08000 3.737
78.10000 3.214
78.12000 0.042
78.14000 0.381
78.16000 0.662
78.18000 4.444
78.20000 1.333
78.22000 2.148
78.24000 -0.008
78.26000 3.721
78.28000 -0.239
78.30000 -1.071
78.32000 -0.103
78.34000 0.856
78.36000 1.356
78.38000 1.756
78.40000 0.423
78.42000 -1.027
78.44000 0.799
78.46000 0.839
78.48000 -1.547
78.50000 -2.006
78.52000 1.253
78.54000 5.106
78.56000 3.513
78.58000 -1.960
78.60000 -0.309
78.62000 2.137
78.64000 2.497
78.66000 -0.827
78.68000 1.259
78.70000 -0.099
78.72000 1.101
78.74000 -1.495
78.76000 -0.526
78.78000 1.420
78.80000 3.291
78.82000 1.563
78.84000 1.582
78.86000 2.484
78.88000 3.035
78.90000 4.470
78.92000 1.733
78.94000 -0.080
78.96000 0.586
78.98000 1.635
79.00000 4.222
79.02000 2.408
79.04000 2.966
79.06000 5.606
79.08000 2.478
79.10000 0.543
79.12000 1.612
79.14000 3.340
79.16000 0.162
79.18000 2.029
79.20000 1.753
79.22000 2.384
79.24000 3.164
79.26000 0.127
79.28000 -0.748
79.30000 -2.003
79.32000 0.786
79.34000 1.264
79.36000 1.869
79.38000 5.759
79.40000 2.951
79.42000 1.886
79.44000 2.861
79.46000 0.128
79.48000 4.953
79.50000 5.145
79.52000 1.320
79.54000 3.239
79.56000 2.640
79.58000 1.543
79.60000 1.971
79.62000 2.731
79.64000 2.293
79.66000 4.038
79.68000 2.383
79.70000 1.259
79.72000 -0.470
79.74000 1.979
79.76000 3.276
79.78000 2.393
79.80000 0.713
79.82000 -1.168
79.84000 -0.512
79.86000 3.196
79.88000 1.232
79.90000 -0.622
79.92000 2.282
79.94000 1.619
79.96000 1.271
79.98000 1.501
80.00000 0.861
80.02000 2.857
80.04000 1.319
80.06000 -0.379
80.08000 -0.475
80.10000 -0.634
80.12000 0.041
80.14000 -1.511
80.16000 1.441
80.18000 1.832
80.20000 0.672
80.22000 -0.080
80.24000 2.084
80.26000 2.958
80.28000 1.406
80.30000 0.817
80.32000 -0.917
80.34000 -0.141
80.36000 0.903
80.38000 -1.359
80.40000 0.702
80.42000 3.418
80.44000 2.636
80.46000 4.829
80.48000 5.159
80.50000 2.494
80.52000 1.852
80.54000 0.724
80.56000 3.093
80.58000 4.573
80.60000 3.786
80.62000 1.804
80.64000 5.158
80.66000 4.955
80.68000 3.558
80.70000 6.554
80.72000 1.582
80.74000 -0.027
80.76000 0.975
80.78000 1.644
80.80000 2.903
80.82000 2.666
80.84000 4.982
80.86000 5.226
80.88000 5.113
80.90000 -0.017
80.92000 -2.003
80.94000 1.163
80.96000 2.122
80.98000 1.878
81.00000 2.002
81.02000 4.649
81.04000 4.563
81.06000 2.810
81.08000 2.792
81.10000 2.962
81.12000 1.734
81.14000 2.626
81.16000 3.168
81.18000 1.554
81.20000 0.246
81.22000 -1.391
81.24000 2.833
81.26000 3.222
81.28000 6.271
81.30000 4.673
81.32000 2.235
81.34000 0.433
81.36000 4.556
81.38000 2.731
81.40000 2.491
81.42000 3.026
81.44000 2.269
81.46000 0.021
81.48000 -0.173
81.50000 4.180
81.52000 2.596
81.54000 2.308
81.56000 0.448
81.58000 2.027
81.60000 -0.334
81.62000 1.393
81.64000 2.109
81.66000 -1.050
81.68000 0.886
81.70000 0.945
81.72000 -2.128
81.74000 0.103
81.76000 3.681
81.78000 3.228
81.80000 0.290
81.82000 0.213
81.84000 2.805
81.86000 3.596
81.88000 4.032
81.90000 1.559
81.92000 0.211
81.94000 2.270
81.96000 2.718
81.98000 1.472
82.00000 2.185
82.02000 0.407
82.04000 -1.369
82.06000 -1.327
82.08000 0.282
82.10000 5.939
82.12000 1.695
82.14000 0.512
82.16000 1.687
82.18000 4.351
82.20000 5.367
82.22000 5.286
82.24000 3.385
82.26000 4.189
82.28000 7.416
82.30000 7.505
82.32000 7.454
82.34000 8.510
82.36000 7.464
82.38000 10.117
82.40000 13.910
82.42000 10.531
82.44000 7.158
82.46000 7.511
82.48000 11.118
82.50000 14.670
82.52000 11.299
82.54000 8.850
82.56000 8.267
82.58000 8.705
82.60000 14.263
82.62000 19.452
82.64000 14.912
82.66000 15.435
82.68000 14.782
82.70000 15.999
82.72000 14.903
82.74000 15.074
82.76000 18.218
82.78000 21.790
82.80000 21.317
82.82000 20.824
82.84000 25.416
82.86000 25.171
82.88000 22.289
82.90000 22.150
82.92000 28.087
82.94000 29.037
82.96000 31.990
82.98000 30.808
83.00000 33.624
83.02000 33.126
83.04000 32.323
83.06000 36.671
83.08000 34.738
83.10000 32.089
83.12000 33.371
83.14000 41.095
83.16000 46.360
83.18000 44.727
83.20000 45.374
83.22000 39.861
83.24000 42.195
83.26000 42.040
83.28000 42.026
83.30000 46.295
83.32000 44.434
83.34000 46.154
83.36000 47.226
83.38000 47.088
83.40000 45.870
83.42000 39.053
83.44000 37.115
83.46000 43.051
83.48000 43.320
83.50000 39.887
83.52000 37.769
83.54000 39.070
83.56000 39.706
83.58000 39.023
83.60000 33.594
83.62000 35.333
83.64000 36.506
83.66000 32.981
83.68000 28.348
83.70000 23.674
83.72000 30.068
83.74000 30.116
83.76000 28.435
83.78000 30.612
83.80000 32.106
83.82000 27.839
83.84000 23.693
83.86000 21.918
83.88000 18.234
83.90000 21.205
83.92000 28.624
83.94000 24.085
83.96000 22.233
83.98000 23.224
84.00000 21.045
84.02000 15.812
84.04000 18.202
84.06000 17.161
84.08000 18.642
84.10000 16.196
84.12000 13.040
84.14000 12.770
84.16000 13.669
84.18000 13.981
84.20000 7.822
84.22000 9.652
84.24000 13.443
84.26000 10.124
84.28000 6.045
84.30000 5.047
84.32000 6.015
84.34000 6.129
84.36000 6.934
84.38000 7.277
84.40000 6.958
84.42000 3.838
84.44000 11.140
84.46000 11.016
84.48000 8.581
84.50000 4.876
84.52000 2.148
84.54000 5.594
84.56000 5.044
84.58000 3.238
84.60000 5.941
84.62000 6.879
84.64000 2.258
84.66000 3.603
84.68000 5.908
84.70000 2.518
84.72000 5.953
84.74000 7.111
84.76000 4.141
84.78000 5.496
84.80000 6.138
84.82000 3.563
84.84000 2.463
84.86000 4.373
84.88000 5.294
84.90000 7.602
84.92000 6.313
84.94000 7.440
84.96000 5.705
84.98000 6.194
85.00000 6.496
85.02000 0.547
85.04000 -1.290
85.06000 -2.049
85.08000 0.672
85.10000 5.241
85.12000 1.015
85.14000 -0.116
85.16000 1.111
85.18000 0.088
85.20000 0.792
85.22000 3.087
85.24000 1.719
85.26000 -0.376
85.28000 -1.698
85.30000 -1.863
85.32000 -0.187
85.34000 2.725
85.36000 -0.652
85.38000 -1.185
85.40000 2.257
85.42000 2.061
85.44000 -1.168
85.46000 0.102
85.48000 5.044
85.50000 5.087
85.52000 1.054
85.54000 0.734
85.56000 -0.411
85.58000 1.256
85.60000 0.685
85.62000 2.337
85.64000 2.519
85.66000 1.715
85.68000 -0.386
85.70000 0.198
85.72000 2.185
85.74000 3.763
85.76000 0.551
85.78000 1.328
85.80000 3.529
85.82000 6.532
85.84000 6.742
85.86000 1.769
85.88000 2.098
85.90000 1.651
85.92000 0.400
85.94000 -2.013
85.96000 2.337
85.98000 1.270
86.00000 0.277
86.02000 0.139
86.04000 3.058
86.06000 5.474
86.08000 2.039
86.10000 0.131
86.12000 1.466
86.14000 3.558
86.16000 1.527
86.18000 1.873
86.20000 2.497
86.22000 -1.180
86.24000 0.038
86.26000 2.192
86.28000 1.954
86.30000 2.208
86.32000 1.004
86.34000 -2.042
86.36000 -0.472
86.38000 4.211
86.40000 1.667
86.42000 -0.077
86.44000 -1.280
86.46000 1.760
86.48000 1.816
86.50000 -1.993
86.52000 1.754
86.54000 2.432
86.56000 0.292
86.58000 1.365
86.60000 3.571
86.62000 1.074
86.64000 1.244
86.66000 0.359
86.68000 0.277
86.70000 0.961
86.72000 2.324
86.74000 -0.229
86.76000 2.456
86.78000 5.728
86.80000 5.099
86.82000 1.832
86.84000 5.412
86.86000 3.964
86.88000 0.754
86.90000 0.959
86.92000 2.697
86.94000 3.427
86.96000 2.898
86.98000 1.984
87.00000 5.698
87.02000 5.748
87.04000 8.595
87.06000 9.335
87.08000 5.385
87.10000 5.474
87.12000 5.085
87.14000 6.646
87.16000 7.251
87.18000 11.311
87.20000 9.418
87.22000 10.873
87.24000 10.903
87.26000 9.898
87.28000 13.708
87.30000 13.227
87.32000 16.829
87.34000 13.420
87.36000 14.754
87.38000 12.587
87.40000 14.389
87.42000 11.473
87.44000 13.287
87.46000 14.397
87.48000 12.991
87.50000 16.099
87.52000 17.851
87.54000 18.612
87.56000 20.365
87.58000 20.243
87.60000 20.287
87.62000 27.462
87.64000 25.085
87.66000 23.275
87.68000 21.275
87.70000 18.981
87.72000 15.382
87.74000 20.405
87.76000 22.915
87.78000 19.349
87.80000 19.525
87.82000 23.153
87.84000 24.289
87.86000 26.069
87.88000 24.464
87.90000 20.155
87.92000 21.672
87.94000 23.174
87.96000 22.796
87.98000 22.118
88.00000 21.542
88.02000 19.420
88.04000 17.976
88.06000 22.665
88.08000 20.402
88.10000 17.932
88.12000 18.647
88.14000 17.461
88.16000 20.542
88.18000 18.895
88.20000 19.524
88.22000 16.652
88.24000 15.692
88.26000 14.998
88.28000 16.570
88.30000 17.591
88.32000 17.561
88.34000 15.926
88.36000 11.676
88.38000 13.169
88.40000 11.297
88.42000 13.356
88.44000 13.566
88.46000 10.312
88.48000 10.988
88.50000 8.953
88.52000 13.198
88.54000 10.422
88.56000 6.647
88.58000 10.390
88.60000 8.131
88.62000 6.580
88.64000 7.571
88.66000 6.458
88.68000 6.278
88.70000 6.551
88.72000 8.003
88.74000 5.568
88.76000 2.725
88.78000 5.819
88.80000 5.713
88.82000 3.749
88.84000 0.923
88.86000 5.311
88.88000 1.243
88.90000 3.344
88.92000 5.081
88.94000 3.091
88.96000 1.705
88.98000 1.937
89.00000 3.798
89.02000 4.235
89.04000 1.373
89.06000 2.833
89.08000 2.775
89.10000 2.104
89.12000 0.091
89.14000 0.055
89.16000 0.174
89.18000 1.031
89.20000 0.030
89.22000 -0.141
89.24000 -0.765
89.26000 1.101
89.28000 1.807
89.30000 3.418
89.32000 0.469
89.34000 -1.955
89.36000 -0.256
89.38000 1.904
89.40000 3.200
89.42000 3.829
89.44000 6.176
89.46000 3.129
89.48000 -0.980
89.50000 -0.934
89.52000 0.050
89.54000 0.386
89.56000 0.159
89.58000 1.254
89.60000 2.646
89.62000 2.038
89.64000 0.591
89.66000 -1.741
89.68000 -1.872
89.70000 1.929
89.72000 4.447
89.74000 4.018
89.76000 3.402
89.78000 -0.950
89.80000 0.119
89.82000 -0.591
89.84000 -0.397
89.86000 2.041
89.88000 -0.734
89.90000 0.828
89.92000 2.679
89.94000 2.634
89.96000 4.268
89.98000 5.051
90.00000 2.909
90.02000 1.915
90.04000 3.005
90.06000 2.334
90.08000 -1.403
90.10000 -1.016
90.12000 3.485
90.14000 -1.904
90.16000 3.628
90.18000 2.033
90.20000 2.776
90.22000 1.646
90.24000 -0.287
90.26000 2.942
90.28000 1.981
90.30000 0.630
90.32000 2.177
90.34000 0.757
90.36000 -0.443
90.38000 0.635
90.40000 -1.620
90.42000 -1.579
90.44000 -1.884
90.46000 0.970
90.48000 2.653
90.50000 1.173
90.52000 1.488
90.54000 0.359
90.56000 -1.085
90.58000 -0.388
90.60000 0.250
90.62000 3.459
90.64000 0.762
90.66000 0.672
90.68000 1.335
90.70000 4.627
90.72000 3.544
90.74000 3.121
90.76000 3.632
90.78000 2.585
90.80000 0.146
90.82000 0.543
90.84000 1.788
90.86000 1.739
90.88000 2.584
90.90000 1.946
90.92000 -1.203
90.94000 -0.908
90.96000 2.829
90.98000 -1.293
91.00000 0.673
91.02000 3.824
91.04000 1.504
91.06000 -1.895
91.08000 -1.628
91.10000 0.730
91.12000 0.851
91.14000 4.054
91.16000 4.652
91.18000 6.350
91.20000 1.833
91.22000 1.008
91.24000 0.377
91.26000 2.578
91.28000 1.640
91.30000 4.198
91.32000 4.413
91.34000 0.030
91.36000 1.360
91.38000 2.691
91.40000 1.730
91.42000 2.819
91.44000 2.723
91.46000 2.905
91.48000 2.476
91.50000 2.147
91.52000 1.456
91.54000 2.828
91.56000 0.734
91.58000 3.121
91.60000 2.969
91.62000 2.484
91.64000 1.740
91.66000 5.135
91.68000 4.218
91.70000 1.843
91.72000 2.441
91.74000 4.961
91.76000 -1.857
91.78000 -1.590
91.80000 3.860
91.82000 6.418
91.84000 5.752
91.86000 4.581
91.88000 1.911
91.90000 1.805
91.92000 1.949
91.94000 2.339
91.96000 1.463
91.98000 1.584
92.00000 0.920
92.02000 2.518
92.04000 -0.280
92.06000 1.251
92.08000 2.144
92.10000 1.650
92.12000 -0.027
92.14000 2.452
92.16000 1.267
92.18000 6.824
92.20000 4.121
92.22000 4.246
92.24000 5.955
92.26000 1.308
92.28000 -1.872
92.30000 1.323
92.32000 1.913
92.34000 0.951
92.36000 -1.366
92.38000 0.476
92.40000 1.083
92.42000 3.939
92.44000 1.184
92.46000 5.627
92.48000 1.295
92.50000 2.630
92.52000 4.322
92.54000 4.988
92.56000 3.911
92.58000 2.770
92.60000 3.837
92.62000 1.141
92.64000 1.058
92.66000 2.529
92.68000 1.773
92.70000 2.995
92.72000 3.127
92.74000 3.387
92.76000 5.229
92.78000 5.960
92.80000 6.514
92.82000 3.219
92.84000 3.044
92.86000 3.299
92.88000 2.579
92.90000 -0.834
92.92000 -0.281
92.94000 0.589
92.96000 0.791
92.98000 -1.224
93.00000 -1.314
93.02000 2.701
93.04000 3.537
93.06000 4.700
93.08000 2.801
93.10000 1.282
93.12000 1.594
93.14000 2.421
93.16000 0.351
93.18000 -1.886
93.20000 0.689
93.22000 2.417
93.24000 2.186
93.26000 1.527
93.28000 0.413
93.30000 1.347
93.32000 -1.243
93.34000 3.203
93.36000 3.232
93.38000 4.268
93.40000 4.429
93.42000 0.450
93.44000 -0.196
93.46000 3.122
93.48000 4.717
93.50000 1.253
93.52000 -1.881
93.54000 1.668
93.56000 0.739
93.58000 0.960
93.60000 4.986
93.62000 6.401
93.64000 4.555
93.66000 2.281
93.68000 1.107
93.70000 0.853
93.72000 -0.973
93.74000 -0.154
93.76000 1.363
93.78000 -0.967
93.80000 1.235
93.82000 2.381
93.84000 0.282
93.86000 1.324
93.88000 2.108
93.90000 -0.188
93.92000 3.983
93.94000 4.627
93.96000 3.404
93.98000 1.234
94.00000 1.691
94.02000 2.104
94.04000 4.548
94.06000 3.060
94.08000 2.422
94.10000 6.609
94.12000 2.062
94.14000 0.599
94.16000 2.172
94.18000 1.801
94.20000 0.326
94.22000 3.864
94.24000 -0.106
94.26000 1.112
94.28000 0.617
94.30000 -1.881
94.32000 1.393
94.34000 2.845
94.36000 6.196
94.38000 4.072
94.40000 2.191
94.42000 0.335
94.44000 2.817
94.46000 6.776
94.48000 5.359
94.50000 4.553
94.52000 5.215
94.54000 2.874
94.56000 3.495
94.58000 8.038
94.60000 3.059
94.62000 1.209
94.64000 4.131
94.66000 2.680
94.68000 2.916
94.70000 1.424
94.72000 2.997
94.74000 2.767
94.76000 0.314
94.78000 -1.907
94.80000 3.574
94.82000 4.734
94.84000 2.448
94.86000 1.480
94.88000 2.793
94.90000 5.310
94.92000 4.391
94.94000 0.587
94.96000 3.771
94.98000 1.827
95.00000 1.691
95.02000 4.329
95.04000 3.139
95.06000 2.411
95.08000 0.077
95.10000 -0.230
95.12000 0.508
95.14000 2.492
95.16000 2.263
95.18000 3.478
95.20000 2.777
95.22000 3.415
95.24000 2.723
95.26000 2.784
95.28000 4.069
95.30000 2.470
95.32000 -1.927
95.34000 -1.234
95.36000 0.863
95.38000 -0.178
95.40000 2.323
95.42000 4.174
95.44000 1.353
95.46000 0.713
95.48000 3.009
95.50000 0.548
95.52000 1.830
95.54000 1.930
95.56000 1.765
95.58000 -1.176
95.60000 -0.341
95.62000 -0.748
95.64000 -1.563
95.66000 -1.464
95.68000 -0.491
95.70000 0.452
95.72000 4.229
95.74000 4.321
95.76000 4.138
95.78000 4.739
95.80000 6.461
95.82000 3.096
95.84000 2.151
95.86000 4.127
95.88000 6.470
95.90000 3.582
95.92000 2.072
95.94000 1.274
95.96000 0.571
95.98000 -0.793
96.00000 -1.910
96.02000 2.526
96.04000 3.031
96.06000 -0.330
96.08000 0.094
96.10000 2.122
96.12000 0.891
96.14000 4.662
96.16000 2.208
96.18000 3.770
96.20000 3.827
96.22000 6.878
96.24000 3.683
96.26000 1.498
96.28000 3.052
96.30000 1.092
96.32000 3.898
96.34000 4.783
96.36000 3.825
96.38000 2.733
96.40000 5.083
96.42000 6.235
96.44000 6.175
96.46000 2.378
96.48000 0.766
96.50000 -1.226
96.52000 -0.768
96.54000 1.167
96.56000 0.567
96.58000 4.329
96.60000 7.245
96.62000 5.678
96.64000 0.215
96.66000 0.586
96.68000 1.747
96.70000 3.580
96.72000 5.110
96.74000 1.461
96.76000 -0.656
96.78000 1.975
96.80000 4.868
96.82000 2.401
96.84000 6.250
96.86000 1.967
96.88000 -1.838
96.90000 1.239
96.92000 3.941
96.94000 -1.632
96.96000 -1.909
96.98000 1.823
97.00000 1.077
97.02000 -0.598
97.04000 5.433
97.06000 3.702
97.08000 -0.503
97.10000 2.164
97.12000 7.633
97.14000 5.052
97.16000 3.748
97.18000 5.896
97.20000 1.968
97.22000 4.229
97.24000 4.035
97.26000 5.872
97.28000 6.131
97.30000 2.369
97.32000 1.465
97.34000 4.666
97.36000 5.575
97.38000 3.722
97.40000 3.312
97.42000 1.080
97.44000 1.005
97.46000 4.576
97.48000 2.118
97.50000 3.975
97.52000 5.989
97.54000 7.922
97.56000 2.135
97.58000 -1.568
97.60000 3.585
97.62000 -0.297
97.64000 -0.486
97.66000 -1.853
97.68000 1.018
97.70000 6.652
97.72000 5.832
97.74000 3.169
97.76000 1.664
97.78000 3.639
97.80000 0.802
97.82000 2.707
97.84000 1.942
97.86000 5.987
97.88000 8.636
97.90000 7.708
97.92000 3.065
97.94000 -1.839
97.96000 2.166
97.98000 5.257
98.00000 6.740
98.02000 5.107
98.04000 7.773
98.06000 5.870
98.08000 7.485
98.10000 7.758
98.12000 4.579
98.14000 1.827
98.16000 3.719
98.18000 7.093
98.20000 8.061
98.22000 2.803
98.24000 0.557
98.26000 3.880
98.28000 3.713
98.30000 8.906
98.32000 6.737
98.34000 3.632
98.36000 10.331
98.38000 8.315
98.40000 3.480
98.42000 3.422
98.44000 7.526
98.46000 4.289
98.48000 2.921
98.50000 4.109
98.52000 7.013
98.54000 3.099
98.56000 3.018
98.58000 1.855
98.60000 6.974
98.62000 4.205
98.64000 6.700
98.66000 9.229
98.68000 3.787
98.70000 1.949
98.72000 1.596
98.74000 -1.002
98.76000 -0.757
98.78000 6.708
98.80000 18.883
98.82000 7.902
98.84000 3.978
98.86000 3.244
98.88000 1.288
98.90000 0.834
98.92000 6.044
98.94000 6.401
98.96000 2.837
98.98000 3.116
99.00000 8.393
99.02000 4.887
99.04000 5.699
99.06000 3.805
99.08000 3.997
99.10000 9.078
99.12000 9.004
99.14000 9.184
99.16000 8.548
99.18000 6.467
99.20000 9.163
99.22000 10.173
99.24000 12.211
99.26000 3.506
99.28000 -1.071
99.30000 4.151
99.32000 6.919
99.34000 7.700
99.36000 7.177
99.38000 3.284
99.40000 4.273
99.42000 1.720
99.44000 5.050
99.46000 6.067
99.48000 5.300
99.50000 6.634
99.52000 7.844
99.54000 4.308
99.56000 -1.783
99.58000 -0.642
99.60000 3.441
99.62000 8.740
99.64000 12.397
99.66000 6.957
99.68000 3.516
99.70000 -1.812
99.72000 2.454
99.74000 1.798
99.76000 1.845
99.78000 1.309
99.80000 5.832
99.82000 7.809
99.84000 -1.603
99.86000 2.565
99.88000 9.222
99.90000 2.115
99.92000 5.416
99.94000 5.935
99.96000 -1.885
99.98000 0.000
