'Id: "0011389" Comment: "Integrate frame 0011389_Au-Ir-Rh_Au-Rich_XRD_Mapping-221-0000.gfrmwith cursor Wedge Cursor #5" Operator: "B?rgel" Anode: "Cu" Wavelength: "1.5406" Scantype: "2Theta (TwoTheta)" TimePerStep: "1" X: "-40.5" Y: "13.5" Z: "5.95" 
10.00000 0.000
10.02000 13.008
10.04000 -0.506
10.06000 21.439
10.08000 19.194
10.10000 18.785
10.12000 25.635
10.14000 23.485
10.16000 27.600
10.18000 17.887
10.20000 13.227
10.22000 26.682
10.24000 18.725
10.26000 16.980
10.28000 31.064
10.30000 27.214
10.32000 18.360
10.34000 39.755
10.36000 33.647
10.38000 24.677
10.40000 12.281
10.42000 13.088
10.44000 10.974
10.46000 -4.525
10.48000 -0.824
10.50000 21.201
10.52000 29.584
10.54000 26.524
10.56000 24.989
10.58000 17.192
10.60000 12.277
10.62000 12.222
10.64000 11.241
10.66000 19.985
10.68000 28.598
10.70000 18.393
10.72000 18.186
10.74000 9.537
10.76000 30.393
10.78000 34.784
10.80000 20.410
10.82000 22.404
10.84000 19.269
10.86000 12.349
10.88000 25.437
10.90000 31.287
10.92000 38.388
10.94000 32.206
10.96000 22.587
10.98000 23.420
11.00000 8.409
11.02000 14.140
11.04000 15.955
11.06000 15.996
11.08000 21.083
11.10000 27.019
11.12000 23.254
11.14000 21.589
11.16000 17.412
11.18000 12.350
11.20000 12.714
11.22000 18.945
11.24000 23.544
11.26000 21.016
11.28000 22.816
11.30000 16.455
11.32000 9.732
11.34000 -4.512
11.36000 10.039
11.38000 20.404
11.40000 29.606
11.42000 42.097
11.44000 21.733
11.46000 20.321
11.48000 12.611
11.50000 7.642
11.52000 5.178
11.54000 1.090
11.56000 7.183
11.58000 22.886
11.60000 19.820
11.62000 14.132
11.64000 19.306
11.66000 21.273
11.68000 22.165
11.70000 27.361
11.72000 20.514
11.74000 12.910
11.76000 19.385
11.78000 21.326
11.80000 20.035
11.82000 7.499
11.84000 16.634
11.86000 21.240
11.88000 9.131
11.90000 14.820
11.92000 23.769
11.94000 17.638
11.96000 16.137
11.98000 7.019
12.00000 2.833
12.02000 2.319
12.04000 9.231
12.06000 10.979
12.08000 13.842
12.10000 12.067
12.12000 11.734
12.14000 14.772
12.16000 17.742
12.18000 12.278
12.20000 16.162
12.22000 17.764
12.24000 10.772
12.26000 8.043
12.28000 17.766
12.30000 14.517
12.32000 20.645
12.34000 9.609
12.36000 11.690
12.38000 12.789
12.40000 24.049
12.42000 14.668
12.44000 12.844
12.46000 11.181
12.48000 14.723
12.50000 13.506
12.52000 17.802
12.54000 24.148
12.56000 18.795
12.58000 10.962
12.60000 15.127
12.62000 0.217
12.64000 0.651
12.66000 9.017
12.68000 9.709
12.70000 12.586
12.72000 14.434
12.74000 3.264
12.76000 4.597
12.78000 20.293
12.80000 6.694
12.82000 -0.603
12.84000 1.038
12.86000 19.598
12.88000 12.077
12.90000 13.506
12.92000 14.080
12.94000 3.738
12.96000 7.141
12.98000 18.773
13.00000 12.940
13.02000 3.656
13.04000 13.541
13.06000 11.454
13.08000 18.423
13.10000 12.074
13.12000 12.133
13.14000 4.363
13.16000 6.376
13.18000 1.842
13.20000 10.822
13.22000 13.268
13.24000 11.872
13.26000 11.358
13.28000 13.977
13.30000 11.612
13.32000 0.811
13.34000 -1.301
13.36000 10.053
13.38000 10.097
13.40000 18.581
13.42000 17.576
13.44000 0.388
13.46000 8.834
13.48000 11.211
13.50000 14.828
13.52000 6.051
13.54000 5.561
13.56000 20.419
13.58000 24.540
13.60000 15.771
13.62000 5.852
13.64000 11.659
13.66000 11.432
13.68000 6.183
13.70000 6.976
13.72000 -0.173
13.74000 9.383
13.76000 3.787
13.78000 5.557
13.80000 11.374
13.82000 10.436
13.84000 4.160
13.86000 10.020
13.88000 15.366
13.90000 11.016
13.92000 19.783
13.94000 15.447
13.96000 9.618
13.98000 0.737
14.00000 2.289
14.02000 7.420
14.04000 13.923
14.06000 16.200
14.08000 12.621
14.10000 14.130
14.12000 19.364
14.14000 16.605
14.16000 6.714
14.18000 5.703
14.20000 12.682
14.22000 12.653
14.24000 12.108
14.26000 10.195
14.28000 17.029
14.30000 10.881
14.32000 5.406
14.34000 12.034
14.36000 3.267
14.38000 -0.981
14.40000 -0.166
14.42000 1.986
14.44000 6.936
14.46000 3.765
14.48000 4.830
14.50000 13.994
14.52000 22.981
14.54000 24.544
14.56000 21.571
14.58000 14.603
14.60000 10.464
14.62000 13.532
14.64000 10.187
14.66000 3.609
14.68000 11.484
14.70000 8.629
14.72000 6.479
14.74000 -4.486
14.76000 7.159
14.78000 13.503
14.80000 10.133
14.82000 15.270
14.84000 18.108
14.86000 6.983
14.88000 -1.478
14.90000 6.621
14.92000 16.543
14.94000 16.913
14.96000 14.331
14.98000 -0.286
15.00000 4.060
15.02000 11.016
15.04000 14.241
15.06000 3.268
15.08000 0.327
15.10000 4.865
15.12000 18.397
15.14000 9.823
15.16000 6.337
15.18000 8.564
15.20000 11.152
15.22000 13.225
15.24000 8.769
15.26000 9.841
15.28000 10.457
15.30000 11.512
15.32000 12.676
15.34000 8.870
15.36000 12.637
15.38000 15.725
15.40000 10.382
15.42000 12.126
15.44000 6.755
15.46000 10.876
15.48000 7.552
15.50000 6.641
15.52000 7.502
15.54000 7.607
15.56000 5.449
15.58000 1.429
15.60000 5.191
15.62000 2.604
15.64000 6.009
15.66000 14.525
15.68000 7.925
15.70000 -0.996
15.72000 -4.449
15.74000 6.763
15.76000 9.907
15.78000 -1.214
15.80000 2.113
15.82000 -0.439
15.84000 8.252
15.86000 3.414
15.88000 -1.470
15.90000 5.656
15.92000 4.905
15.94000 7.052
15.96000 17.064
15.98000 14.550
16.00000 16.880
16.02000 8.790
16.04000 5.215
16.06000 -1.322
16.08000 4.095
16.10000 9.685
16.12000 6.883
16.14000 7.276
16.16000 1.458
16.18000 -0.075
16.20000 3.645
16.22000 1.955
16.24000 6.411
16.26000 -0.094
16.28000 3.498
16.30000 2.734
16.32000 5.930
16.34000 5.454
16.36000 8.928
16.38000 9.101
16.40000 11.896
16.42000 16.405
16.44000 7.182
16.46000 0.348
16.48000 3.019
16.50000 5.931
16.52000 7.070
16.54000 2.471
16.56000 9.324
16.58000 13.102
16.60000 1.872
16.62000 -3.329
16.64000 4.649
16.66000 2.992
16.68000 4.517
16.70000 9.334
16.72000 11.156
16.74000 6.633
16.76000 -2.919
16.78000 5.610
16.80000 4.018
16.82000 6.831
16.84000 3.752
16.86000 11.709
16.88000 15.108
16.90000 9.820
16.92000 3.964
16.94000 9.996
16.96000 10.117
16.98000 3.675
17.00000 5.342
17.02000 8.706
17.04000 16.037
17.06000 3.313
17.08000 9.635
17.10000 7.561
17.12000 7.876
17.14000 4.911
17.16000 4.634
17.18000 1.818
17.20000 0.292
17.22000 7.710
17.24000 8.777
17.26000 2.808
17.28000 0.905
17.30000 3.847
17.32000 12.536
17.34000 18.665
17.36000 13.255
17.38000 -1.416
17.40000 3.645
17.42000 6.990
17.44000 9.444
17.46000 3.064
17.48000 9.320
17.50000 6.760
17.52000 4.122
17.54000 10.084
17.56000 6.348
17.58000 3.882
17.60000 0.417
17.62000 -1.257
17.64000 1.698
17.66000 1.315
17.68000 -0.139
17.70000 7.399
17.72000 10.947
17.74000 4.780
17.76000 2.598
17.78000 8.115
17.80000 11.921
17.82000 11.419
17.84000 5.717
17.86000 6.275
17.88000 0.680
17.90000 1.947
17.92000 6.934
17.94000 7.087
17.96000 3.861
17.98000 -1.783
18.00000 3.472
18.02000 6.153
18.04000 5.576
18.06000 8.688
18.08000 4.431
18.10000 5.997
18.12000 3.557
18.14000 -0.286
18.16000 7.398
18.18000 8.309
18.20000 2.555
18.22000 5.239
18.24000 0.145
18.26000 -4.350
18.28000 3.641
18.30000 -0.685
18.32000 2.044
18.34000 0.137
18.36000 -1.553
18.38000 4.928
18.40000 5.072
18.42000 2.741
18.44000 6.864
18.46000 8.049
18.48000 19.044
18.50000 11.825
18.52000 4.771
18.54000 7.989
18.56000 1.511
18.58000 1.245
18.60000 5.102
18.62000 4.700
18.64000 5.837
18.66000 3.550
18.68000 6.029
18.70000 1.451
18.72000 5.480
18.74000 10.361
18.76000 9.217
18.78000 9.009
18.80000 11.234
18.82000 19.185
18.84000 12.192
18.86000 4.862
18.88000 6.641
18.90000 4.932
18.92000 -3.001
18.94000 1.219
18.96000 4.174
18.98000 6.542
19.00000 1.825
19.02000 2.332
19.04000 7.646
19.06000 4.393
19.08000 5.510
19.10000 5.473
19.12000 5.370
19.14000 5.641
19.16000 7.577
19.18000 11.312
19.20000 10.064
19.22000 6.984
19.24000 8.840
19.26000 10.351
19.28000 4.254
19.30000 -0.041
19.32000 0.089
19.34000 9.326
19.36000 11.352
19.38000 -4.252
19.40000 -4.251
19.42000 1.858
19.44000 5.928
19.46000 9.421
19.48000 5.861
19.50000 2.516
19.52000 7.233
19.54000 7.974
19.56000 3.917
19.58000 7.439
19.60000 7.219
19.62000 4.281
19.64000 6.613
19.66000 5.005
19.68000 9.289
19.70000 9.115
19.72000 7.553
19.74000 2.802
19.76000 -1.890
19.78000 7.259
19.80000 6.907
19.82000 2.437
19.84000 7.300
19.86000 17.211
19.88000 15.413
19.90000 9.198
19.92000 7.516
19.94000 11.455
19.96000 7.768
19.98000 5.395
20.00000 7.576
20.02000 2.899
20.04000 3.765
20.06000 5.862
20.08000 5.882
20.10000 3.806
20.12000 6.676
20.14000 11.140
20.16000 4.244
20.18000 3.228
20.20000 7.130
20.22000 3.068
20.24000 2.699
20.26000 4.595
20.28000 -0.665
20.30000 -2.032
20.32000 3.932
20.34000 6.109
20.36000 5.736
20.38000 6.684
20.40000 3.853
20.42000 6.868
20.44000 8.366
20.46000 16.380
20.48000 11.543
20.50000 2.080
20.52000 -4.215
20.54000 4.944
20.56000 7.050
20.58000 1.705
20.60000 0.461
20.62000 2.995
20.64000 4.071
20.66000 -1.676
20.68000 -1.450
20.70000 7.518
20.72000 4.404
20.74000 4.477
20.76000 0.702
20.78000 4.360
20.80000 5.620
20.82000 5.946
20.84000 10.720
20.86000 6.187
20.88000 6.621
20.90000 8.878
20.92000 7.629
20.94000 -1.324
20.96000 -2.666
20.98000 -2.834
21.00000 0.726
21.02000 1.717
21.04000 3.962
21.06000 -1.502
21.08000 -0.301
21.10000 3.237
21.12000 6.094
21.14000 2.071
21.16000 -1.351
21.18000 4.200
21.20000 8.950
21.22000 2.007
21.24000 4.213
21.26000 8.025
21.28000 5.955
21.30000 1.652
21.32000 1.204
21.34000 5.686
21.36000 2.674
21.38000 0.507
21.40000 5.934
21.42000 8.953
21.44000 9.027
21.46000 7.479
21.48000 7.407
21.50000 3.511
21.52000 2.588
21.54000 8.279
21.56000 9.133
21.58000 2.621
21.60000 4.203
21.62000 1.625
21.64000 -1.397
21.66000 -0.881
21.68000 4.323
21.70000 7.746
21.72000 4.819
21.74000 0.776
21.76000 2.540
21.78000 0.035
21.80000 -4.131
21.82000 -1.856
21.84000 5.661
21.86000 7.870
21.88000 1.139
21.90000 2.755
21.92000 4.212
21.94000 10.625
21.96000 10.829
21.98000 6.303
22.00000 7.131
22.02000 9.527
22.04000 9.084
22.06000 0.977
22.08000 5.774
22.10000 10.611
22.12000 11.384
22.14000 2.126
22.16000 3.449
22.18000 10.179
22.20000 10.938
22.22000 7.302
22.24000 6.249
22.26000 7.919
22.28000 3.954
22.30000 -4.118
22.32000 -1.344
22.34000 3.318
22.36000 0.458
22.38000 0.319
22.40000 2.235
22.42000 2.762
22.44000 3.609
22.46000 4.990
22.48000 3.476
22.50000 1.371
22.52000 5.321
22.54000 4.981
22.56000 5.615
22.58000 2.616
22.60000 0.761
22.62000 3.629
22.64000 1.901
22.66000 2.067
22.68000 5.381
22.70000 5.003
22.72000 4.132
22.74000 -3.124
22.76000 -2.960
22.78000 2.263
22.80000 6.176
22.82000 2.963
22.84000 6.957
22.86000 13.133
22.88000 3.066
22.90000 0.227
22.92000 2.063
22.94000 2.863
22.96000 3.455
22.98000 4.927
23.00000 6.731
23.02000 5.084
23.04000 -3.972
23.06000 -0.894
23.08000 6.809
23.10000 6.253
23.12000 4.857
23.14000 -2.617
23.16000 3.708
23.18000 7.314
23.20000 7.376
23.22000 4.212
23.24000 4.432
23.26000 2.155
23.28000 2.741
23.30000 2.708
23.32000 6.298
23.34000 0.181
23.36000 0.023
23.38000 8.223
23.40000 7.594
23.42000 2.827
23.44000 6.221
23.46000 9.381
23.48000 5.837
23.50000 4.628
23.52000 5.715
23.54000 9.126
23.56000 5.528
23.58000 7.712
23.60000 4.982
23.62000 0.979
23.64000 -0.201
23.66000 4.292
23.68000 7.343
23.70000 8.540
23.72000 8.611
23.74000 2.682
23.76000 0.720
23.78000 -0.592
23.80000 8.369
23.82000 2.717
23.84000 2.297
23.86000 -0.137
23.88000 1.345
23.90000 5.805
23.92000 4.299
23.94000 4.056
23.96000 4.166
23.98000 9.893
24.00000 6.948
24.02000 1.749
24.04000 2.195
24.06000 3.217
24.08000 2.884
24.10000 4.318
24.12000 3.803
24.14000 1.649
24.16000 0.198
24.18000 -2.233
24.20000 -3.984
24.22000 5.916
24.24000 -0.210
24.26000 4.214
24.28000 6.169
24.30000 4.201
24.32000 8.632
24.34000 6.741
24.36000 5.458
24.38000 7.815
24.40000 3.161
24.42000 1.233
24.44000 2.713
24.46000 4.765
24.48000 2.809
24.50000 6.956
24.52000 10.983
24.54000 5.829
24.56000 2.712
24.58000 2.150
24.60000 -0.444
24.62000 4.187
24.64000 3.177
24.66000 6.451
24.68000 3.052
24.70000 5.956
24.72000 3.818
24.74000 -0.186
24.76000 3.694
24.78000 5.600
24.80000 1.448
24.82000 6.405
24.84000 8.735
24.86000 6.125
24.88000 -0.626
24.90000 1.015
24.92000 5.195
24.94000 3.467
24.96000 3.488
24.98000 7.798
25.00000 5.459
25.02000 5.513
25.04000 5.091
25.06000 9.150
25.08000 9.769
25.10000 5.676
25.12000 1.614
25.14000 3.497
25.16000 3.910
25.18000 4.983
25.20000 8.515
25.22000 8.491
25.24000 12.154
25.26000 13.481
25.28000 7.305
25.30000 6.970
25.32000 3.291
25.34000 -3.928
25.36000 -0.070
25.38000 3.664
25.40000 2.237
25.42000 6.955
25.44000 10.140
25.46000 4.737
25.48000 7.560
25.50000 5.001
25.52000 5.907
25.54000 7.051
25.56000 2.332
25.58000 2.215
25.60000 -2.436
25.62000 -0.480
25.64000 1.260
25.66000 -0.013
25.68000 7.025
25.70000 10.188
25.72000 6.182
25.74000 1.229
25.76000 1.705
25.78000 2.501
25.80000 7.253
25.82000 5.956
25.84000 -1.371
25.86000 -3.920
25.88000 0.517
25.90000 3.961
25.92000 3.145
25.94000 5.012
25.96000 4.635
25.98000 2.366
26.00000 -3.231
26.02000 1.716
26.04000 5.413
26.06000 0.658
26.08000 -1.627
26.10000 3.253
26.12000 8.243
26.14000 4.256
26.16000 5.919
26.18000 4.935
26.20000 7.205
26.22000 10.431
26.24000 -1.705
26.26000 -3.163
26.28000 -1.445
26.30000 2.498
26.32000 7.746
26.34000 5.975
26.36000 2.007
26.38000 1.949
26.40000 -1.196
26.42000 -2.821
26.44000 0.263
26.46000 2.589
26.48000 2.528
26.50000 -0.016
26.52000 -2.229
26.54000 0.108
26.56000 3.478
26.58000 3.612
26.60000 2.126
26.62000 4.742
26.64000 5.415
26.66000 4.057
26.68000 3.924
26.70000 5.844
26.72000 0.041
26.74000 1.761
26.76000 1.276
26.78000 4.684
26.80000 4.111
26.82000 -1.277
26.84000 -3.881
26.86000 0.021
26.88000 1.291
26.90000 -3.362
26.92000 -0.189
26.94000 5.620
26.96000 4.545
26.98000 1.415
27.00000 -1.670
27.02000 -0.024
27.04000 6.725
27.06000 4.865
27.08000 1.016
27.10000 1.834
27.12000 1.943
27.14000 3.794
27.16000 6.021
27.18000 3.171
27.20000 -0.636
27.22000 0.810
27.24000 5.959
27.26000 2.342
27.28000 6.163
27.30000 7.578
27.32000 3.810
27.34000 4.180
27.36000 0.793
27.38000 2.929
27.40000 1.409
27.42000 6.708
27.44000 0.823
27.46000 -2.683
27.48000 -1.015
27.50000 2.712
27.52000 0.796
27.54000 1.415
27.56000 0.517
27.58000 -3.831
27.60000 1.045
27.62000 5.821
27.64000 4.852
27.66000 1.554
27.68000 7.430
27.70000 9.241
27.72000 2.809
27.74000 0.224
27.76000 0.817
27.78000 -2.363
27.80000 4.255
27.82000 8.611
27.84000 -1.719
27.86000 3.459
27.88000 6.776
27.90000 6.451
27.92000 2.782
27.94000 -3.019
27.96000 -3.831
27.98000 0.573
28.00000 -0.841
28.02000 2.007
28.04000 2.676
28.06000 -0.451
28.08000 -3.823
28.10000 -0.370
28.12000 0.185
28.14000 -1.741
28.16000 -1.162
28.18000 1.054
28.20000 9.275
28.22000 1.398
28.24000 -2.066
28.26000 -0.309
28.28000 -1.472
28.30000 0.453
28.32000 4.288
28.34000 8.380
28.36000 2.467
28.38000 0.057
28.40000 3.382
28.42000 2.163
28.44000 4.413
28.46000 2.812
28.48000 -2.807
28.50000 2.014
28.52000 0.936
28.54000 0.729
28.56000 -0.061
28.58000 3.562
28.60000 6.064
28.62000 4.180
28.64000 -2.776
28.66000 -2.484
28.68000 3.430
28.70000 6.199
28.72000 5.209
28.74000 8.152
28.76000 6.077
28.78000 0.968
28.80000 0.274
28.82000 -3.780
28.84000 -0.031
28.86000 -0.021
28.88000 -1.715
28.90000 -0.027
28.92000 1.325
28.94000 -0.122
28.96000 0.070
28.98000 3.851
29.00000 2.735
29.02000 -3.765
29.04000 0.219
29.06000 6.263
29.08000 4.916
29.10000 6.994
29.12000 9.270
29.14000 2.928
29.16000 -3.220
29.18000 -2.607
29.20000 0.862
29.22000 -1.808
29.24000 4.210
29.26000 3.041
29.28000 -0.096
29.30000 1.015
29.32000 2.417
29.34000 -3.752
29.36000 -0.074
29.38000 2.153
29.40000 1.684
29.42000 0.835
29.44000 -2.002
29.46000 1.318
29.48000 1.057
29.50000 -1.439
29.52000 2.484
29.54000 3.803
29.56000 3.703
29.58000 1.315
29.60000 -1.840
29.62000 1.241
29.64000 1.296
29.66000 -1.933
29.68000 -1.243
29.70000 3.506
29.72000 5.896
29.74000 -3.702
29.76000 -1.827
29.78000 2.809
29.80000 2.048
29.82000 0.658
29.84000 1.526
29.86000 2.105
29.88000 0.760
29.90000 4.975
29.92000 6.939
29.94000 5.979
29.96000 1.594
29.98000 -2.446
30.00000 0.868
30.02000 4.130
30.04000 3.712
30.06000 2.618
30.08000 2.462
30.10000 3.758
30.12000 0.913
30.14000 3.783
30.16000 5.250
30.18000 1.037
30.20000 3.933
30.22000 6.768
30.24000 4.828
30.26000 -0.042
30.28000 -2.163
30.30000 2.632
30.32000 4.301
30.34000 -0.976
30.36000 1.315
30.38000 4.656
30.40000 0.054
30.42000 1.910
30.44000 4.917
30.46000 2.934
30.48000 5.037
30.50000 4.516
30.52000 7.436
30.54000 5.006
30.56000 -2.897
30.58000 2.703
30.60000 7.195
30.62000 6.146
30.64000 5.138
30.66000 7.485
30.68000 5.422
30.70000 1.024
30.72000 4.559
30.74000 5.711
30.76000 -3.677
30.78000 -2.477
30.80000 -2.551
30.82000 5.065
30.84000 6.284
30.86000 -1.195
30.88000 0.853
30.90000 7.515
30.92000 4.788
30.94000 2.788
30.96000 1.845
30.98000 1.903
31.00000 -2.115
31.02000 0.727
31.04000 2.913
31.06000 4.493
31.08000 4.950
31.10000 5.699
31.12000 1.888
31.14000 5.347
31.16000 7.666
31.18000 3.835
31.20000 5.122
31.22000 1.465
31.24000 2.893
31.26000 2.520
31.28000 2.476
31.30000 -0.232
31.32000 -1.712
31.34000 0.336
31.36000 4.203
31.38000 2.983
31.40000 2.120
31.42000 2.453
31.44000 6.428
31.46000 5.202
31.48000 0.466
31.50000 -0.469
31.52000 -3.663
31.54000 -2.600
31.56000 0.304
31.58000 2.788
31.60000 -0.594
31.62000 1.402
31.64000 3.913
31.66000 2.253
31.68000 4.376
31.70000 3.379
31.72000 -0.881
31.74000 -3.197
31.76000 -3.276
31.78000 -0.793
31.80000 -1.482
31.82000 0.974
31.84000 0.574
31.86000 1.021
31.88000 1.124
31.90000 2.254
31.92000 3.878
31.94000 1.416
31.96000 4.821
31.98000 4.941
32.00000 -0.717
32.02000 -0.391
32.04000 3.494
32.06000 1.233
32.08000 3.886
32.10000 4.554
32.12000 -1.686
32.14000 1.082
32.16000 1.360
32.18000 1.427
32.20000 3.989
32.22000 4.030
32.24000 5.134
32.26000 0.489
32.28000 0.140
32.30000 0.529
32.32000 0.164
32.34000 -1.784
32.36000 1.146
32.38000 2.900
32.40000 4.552
32.42000 6.611
32.44000 3.532
32.46000 -0.589
32.48000 0.838
32.50000 -1.404
32.52000 1.521
32.54000 0.652
32.56000 -3.636
32.58000 -1.172
32.60000 6.162
32.62000 5.989
32.64000 4.085
32.66000 0.347
32.68000 -3.314
32.70000 -0.494
32.72000 2.989
32.74000 0.423
32.76000 0.775
32.78000 2.831
32.80000 2.482
32.82000 -2.308
32.84000 -0.303
32.86000 -0.357
32.88000 2.494
32.90000 -0.708
32.92000 1.128
32.94000 3.780
32.96000 1.793
32.98000 5.809
33.00000 1.920
33.02000 1.072
33.04000 1.043
33.06000 0.380
33.08000 -0.599
33.10000 0.233
33.12000 -1.785
33.14000 -3.582
33.16000 -2.859
33.18000 -3.120
33.20000 -0.919
33.22000 3.829
33.24000 1.443
33.26000 0.567
33.28000 0.444
33.30000 2.506
33.32000 5.781
33.34000 2.842
33.36000 3.125
33.38000 6.596
33.40000 3.830
33.42000 4.294
33.44000 4.794
33.46000 5.811
33.48000 -0.009
33.50000 -3.076
33.52000 1.659
33.54000 4.982
33.56000 1.100
33.58000 4.663
33.60000 4.879
33.62000 3.028
33.64000 2.866
33.66000 3.213
33.68000 6.685
33.70000 2.642
33.72000 1.648
33.74000 2.418
33.76000 3.882
33.78000 0.395
33.80000 -0.184
33.82000 -0.242
33.84000 4.416
33.86000 -0.617
33.88000 -1.816
33.90000 -0.157
33.92000 1.629
33.94000 1.636
33.96000 -3.637
33.98000 -1.484
34.00000 0.517
34.02000 -0.357
34.04000 3.189
34.06000 2.910
34.08000 4.865
34.10000 4.835
34.12000 4.025
34.14000 8.674
34.16000 8.106
34.18000 3.812
34.20000 6.376
34.22000 4.055
34.24000 2.658
34.26000 2.286
34.28000 1.581
34.30000 2.043
34.32000 2.334
34.34000 3.554
34.36000 0.800
34.38000 -0.771
34.40000 2.657
34.42000 5.924
34.44000 -0.117
34.46000 2.095
34.48000 2.498
34.50000 -1.596
34.52000 -2.226
34.54000 -3.489
34.56000 2.737
34.58000 4.629
34.60000 -0.677
34.62000 1.477
34.64000 2.939
34.66000 3.174
34.68000 0.782
34.70000 0.060
34.72000 4.612
34.74000 1.509
34.76000 3.507
34.78000 -1.043
34.80000 -0.869
34.82000 4.198
34.84000 5.357
34.86000 3.371
34.88000 2.229
34.90000 1.581
34.92000 -3.616
34.94000 0.165
34.96000 4.674
34.98000 -3.615
35.00000 0.303
35.02000 4.073
35.04000 -2.138
35.06000 -1.753
35.08000 -0.424
35.10000 0.914
35.12000 -2.874
35.14000 1.549
35.16000 5.895
35.18000 1.375
35.20000 -0.128
35.22000 4.246
35.24000 -0.063
35.26000 0.125
35.28000 0.141
35.30000 2.679
35.32000 -3.614
35.34000 4.810
35.36000 7.336
35.38000 6.102
35.40000 5.895
35.42000 1.340
35.44000 0.799
35.46000 -0.494
35.48000 0.899
35.50000 -0.454
35.52000 3.439
35.54000 3.872
35.56000 -0.023
35.58000 -2.970
35.60000 7.972
35.62000 9.875
35.64000 -0.636
35.66000 -1.828
35.68000 2.603
35.70000 2.231
35.72000 4.142
35.74000 5.197
35.76000 2.889
35.78000 -1.890
35.80000 -0.314
35.82000 1.971
35.84000 5.236
35.86000 0.618
35.88000 -3.620
35.90000 -3.019
35.92000 -0.053
35.94000 1.305
35.96000 3.885
35.98000 0.770
36.00000 6.746
36.02000 6.632
36.04000 3.520
36.06000 1.931
36.08000 4.567
36.10000 2.494
36.12000 1.513
36.14000 3.450
36.16000 4.598
36.18000 1.160
36.20000 1.993
36.22000 5.071
36.24000 9.101
36.26000 5.739
36.28000 5.085
36.30000 5.399
36.32000 5.202
36.34000 0.505
36.36000 4.827
36.38000 7.996
36.40000 4.324
36.42000 2.865
36.44000 5.820
36.46000 5.425
36.48000 2.081
36.50000 6.908
36.52000 9.460
36.54000 3.700
36.56000 6.844
36.58000 10.412
36.60000 6.987
36.62000 2.529
36.64000 6.568
36.66000 8.572
36.68000 7.723
36.70000 8.093
36.72000 4.833
36.74000 5.164
36.76000 5.255
36.78000 5.983
36.80000 4.335
36.82000 8.058
36.84000 7.581
36.86000 5.840
36.88000 4.664
36.90000 6.534
36.92000 8.878
36.94000 14.532
36.96000 15.497
36.98000 14.597
37.00000 11.456
37.02000 8.295
37.04000 6.141
37.06000 9.209
37.08000 16.891
37.10000 15.441
37.12000 11.271
37.14000 5.902
37.16000 10.436
37.18000 9.158
37.20000 10.535
37.22000 14.318
37.24000 15.982
37.26000 16.430
37.28000 19.114
37.30000 17.308
37.32000 16.743
37.34000 16.838
37.36000 17.506
37.38000 16.751
37.40000 20.167
37.42000 22.478
37.44000 23.578
37.46000 25.060
37.48000 24.980
37.50000 22.504
37.52000 18.609
37.54000 26.982
37.56000 30.239
37.58000 25.764
37.60000 23.683
37.62000 25.281
37.64000 23.873
37.66000 25.010
37.68000 30.974
37.70000 27.646
37.72000 34.022
37.74000 32.409
37.76000 23.959
37.78000 28.871
37.80000 37.372
37.82000 46.097
37.84000 47.312
37.86000 41.268
37.88000 42.340
37.90000 42.242
37.92000 45.570
37.94000 42.822
37.96000 42.843
37.98000 40.312
38.00000 46.337
38.02000 51.599
38.04000 52.545
38.06000 47.106
38.08000 49.945
38.10000 60.002
38.12000 65.284
38.14000 61.088
38.16000 66.389
38.18000 71.560
38.20000 76.503
38.22000 80.587
38.24000 81.815
38.26000 86.701
38.28000 93.873
38.30000 99.235
38.32000 102.322
38.34000 110.205
38.36000 122.948
38.38000 127.873
38.40000 122.038
38.42000 125.734
38.44000 132.011
38.46000 140.107
38.48000 153.657
38.50000 177.504
38.52000 184.969
38.54000 194.517
38.56000 198.284
38.58000 211.828
38.60000 229.992
38.62000 242.192
38.64000 262.965
38.66000 275.148
38.68000 285.709
38.70000 298.529
38.72000 314.954
38.74000 331.135
38.76000 337.790
38.78000 352.144
38.80000 359.107
38.82000 381.121
38.84000 394.761
38.86000 404.428
38.88000 399.565
38.90000 398.198
38.92000 402.844
38.94000 398.829
38.96000 397.240
38.98000 392.964
39.00000 389.417
39.02000 385.673
39.04000 369.857
39.06000 361.518
39.08000 350.587
39.10000 341.460
39.12000 327.808
39.14000 299.008
39.16000 295.004
39.18000 284.611
39.20000 268.263
39.22000 252.881
39.24000 241.949
39.26000 235.174
39.28000 213.429
39.30000 197.611
39.32000 187.175
39.34000 176.844
39.36000 162.683
39.38000 150.229
39.40000 145.891
39.42000 140.898
39.44000 133.787
39.46000 123.999
39.48000 109.416
39.50000 106.893
39.52000 102.249
39.54000 98.613
39.56000 91.493
39.58000 88.650
39.60000 85.489
39.62000 80.758
39.64000 69.840
39.66000 63.175
39.68000 63.889
39.70000 61.376
39.72000 58.081
39.74000 61.111
39.76000 57.419
39.78000 51.871
39.80000 45.061
39.82000 42.456
39.84000 41.683
39.86000 39.342
39.88000 37.979
39.90000 40.049
39.92000 39.044
39.94000 38.363
39.96000 35.020
39.98000 33.684
40.00000 31.871
40.02000 30.918
40.04000 33.545
40.06000 33.305
40.08000 34.049
40.10000 31.129
40.12000 26.307
40.14000 24.026
40.16000 25.723
40.18000 24.750
40.20000 28.014
40.22000 28.660
40.24000 24.786
40.26000 27.939
40.28000 24.462
40.30000 20.211
40.32000 17.626
40.34000 16.574
40.36000 15.592
40.38000 16.336
40.40000 16.539
40.42000 18.885
40.44000 19.897
40.46000 12.177
40.48000 11.878
40.50000 15.051
40.52000 16.263
40.54000 14.904
40.56000 13.515
40.58000 13.421
40.60000 10.415
40.62000 13.039
40.64000 15.327
40.66000 13.551
40.68000 14.690
40.70000 13.032
40.72000 11.512
40.74000 8.557
40.76000 6.297
40.78000 4.498
40.80000 9.498
40.82000 10.334
40.84000 9.230
40.86000 10.611
40.88000 7.930
40.90000 7.399
40.92000 6.956
40.94000 6.646
40.96000 8.959
40.98000 7.500
41.00000 5.759
41.02000 8.524
41.04000 10.185
41.06000 7.325
41.08000 4.770
41.10000 7.015
41.12000 4.769
41.14000 2.896
41.16000 5.364
41.18000 8.212
41.20000 6.624
41.22000 6.697
41.24000 6.212
41.26000 6.069
41.28000 4.202
41.30000 0.776
41.32000 2.655
41.34000 5.146
41.36000 2.851
41.38000 2.611
41.40000 2.653
41.42000 0.939
41.44000 5.743
41.46000 2.851
41.48000 2.564
41.50000 0.882
41.52000 2.641
41.54000 1.629
41.56000 -1.176
41.58000 -3.027
41.60000 0.982
41.62000 0.001
41.64000 -0.594
41.66000 2.454
41.68000 0.987
41.70000 1.573
41.72000 -1.591
41.74000 -0.336
41.76000 2.196
41.78000 2.495
41.80000 7.409
41.82000 1.679
41.84000 1.721
41.86000 3.892
41.88000 3.168
41.90000 4.801
41.92000 6.319
41.94000 5.812
41.96000 6.989
41.98000 8.992
42.00000 7.272
42.02000 1.685
42.04000 -3.428
42.06000 -3.361
42.08000 3.226
42.10000 4.313
42.12000 1.623
42.14000 0.483
42.16000 0.862
42.18000 0.639
42.20000 -2.508
42.22000 -1.143
42.24000 2.370
42.26000 4.284
42.28000 6.665
42.30000 5.119
42.32000 3.229
42.34000 1.017
42.36000 2.828
42.38000 0.334
42.40000 1.864
42.42000 1.462
42.44000 0.624
42.46000 0.185
42.48000 2.658
42.50000 1.171
42.52000 1.435
42.54000 0.929
42.56000 -0.468
42.58000 -1.701
42.60000 -0.372
42.62000 1.019
42.64000 -1.531
42.66000 -2.463
42.68000 -3.359
42.70000 -2.682
42.72000 -1.903
42.74000 -1.333
42.76000 3.418
42.78000 4.223
42.80000 4.048
42.82000 -0.755
42.84000 -2.819
42.86000 -0.949
42.88000 1.838
42.90000 1.989
42.92000 1.220
42.94000 3.214
42.96000 1.646
42.98000 -1.234
43.00000 -2.217
43.02000 -3.329
43.04000 -1.179
43.06000 5.489
43.08000 4.828
43.10000 -0.213
43.12000 4.074
43.14000 4.669
43.16000 4.287
43.18000 0.406
43.20000 -0.942
43.22000 5.367
43.24000 3.270
43.26000 4.590
43.28000 3.275
43.30000 0.774
43.32000 -0.665
43.34000 2.852
43.36000 3.427
43.38000 0.300
43.40000 -3.309
43.42000 -1.837
43.44000 0.273
43.46000 -1.773
43.48000 -2.360
43.50000 0.883
43.52000 1.259
43.54000 0.311
43.56000 -1.513
43.58000 1.446
43.60000 2.083
43.62000 0.780
43.64000 1.540
43.66000 -0.648
43.68000 -3.204
43.70000 1.112
43.72000 1.708
43.74000 -1.781
43.76000 4.421
43.78000 3.331
43.80000 5.255
43.82000 6.441
43.84000 3.412
43.86000 0.617
43.88000 -1.818
43.90000 -0.122
43.92000 1.426
43.94000 7.439
43.96000 5.659
43.98000 5.162
44.00000 2.293
44.02000 2.527
44.04000 6.331
44.06000 3.312
44.08000 0.126
44.10000 2.388
44.12000 0.800
44.14000 3.933
44.16000 1.499
44.18000 3.189
44.20000 6.622
44.22000 6.967
44.24000 5.222
44.26000 6.276
44.28000 6.445
44.30000 2.774
44.32000 7.878
44.34000 10.257
44.36000 8.794
44.38000 8.893
44.40000 11.200
44.42000 14.570
44.44000 15.294
44.46000 16.759
44.48000 11.287
44.50000 14.898
44.52000 17.264
44.54000 21.305
44.56000 20.353
44.58000 22.752
44.60000 22.538
44.62000 22.205
44.64000 22.324
44.66000 23.448
44.68000 21.733
44.70000 26.841
44.72000 25.639
44.74000 31.761
44.76000 35.669
44.78000 35.856
44.80000 35.901
44.82000 34.864
44.84000 37.380
44.86000 44.096
44.88000 44.584
44.90000 45.750
44.92000 49.210
44.94000 48.565
44.96000 55.452
44.98000 62.186
45.00000 59.935
45.02000 59.337
45.04000 65.418
45.06000 68.321
45.08000 68.668
45.10000 70.310
45.12000 72.531
45.14000 73.871
45.16000 72.125
45.18000 74.164
45.20000 80.490
45.22000 82.700
45.24000 84.662
45.26000 85.386
45.28000 83.906
45.30000 91.625
45.32000 90.148
45.34000 86.106
45.36000 84.715
45.38000 85.931
45.40000 84.735
45.42000 89.487
45.44000 82.708
45.46000 78.234
45.48000 76.458
45.50000 81.536
45.52000 82.115
45.54000 75.878
45.56000 74.174
45.58000 75.588
45.60000 66.877
45.62000 66.925
45.64000 65.491
45.66000 58.179
45.68000 58.157
45.70000 52.878
45.72000 53.211
45.74000 49.806
45.76000 44.623
45.78000 39.913
45.80000 38.373
45.82000 39.550
45.84000 36.405
45.86000 35.036
45.88000 30.894
45.90000 29.158
45.92000 28.619
45.94000 23.520
45.96000 26.363
45.98000 22.741
46.00000 17.781
46.02000 20.635
46.04000 21.394
46.06000 15.609
46.08000 13.795
46.10000 12.636
46.12000 15.417
46.14000 12.597
46.16000 13.302
46.18000 14.035
46.20000 13.673
46.22000 8.449
46.24000 11.967
46.26000 9.097
46.28000 4.837
46.30000 7.663
46.32000 5.882
46.34000 2.645
46.36000 1.632
46.38000 4.108
46.40000 5.526
46.42000 2.647
46.44000 4.573
46.46000 3.073
46.48000 0.594
46.50000 -2.036
46.52000 1.206
46.54000 4.099
46.56000 1.269
46.58000 3.262
46.60000 2.337
46.62000 1.508
46.64000 0.471
46.66000 -1.645
46.68000 -1.890
46.70000 0.683
46.72000 2.334
46.74000 -1.795
46.76000 2.728
46.78000 0.363
46.80000 0.198
46.82000 -1.906
46.84000 -1.764
46.86000 5.466
46.88000 9.087
46.90000 4.802
46.92000 0.401
46.94000 1.110
46.96000 2.115
46.98000 -2.934
47.00000 -2.205
47.02000 -1.367
47.04000 -0.635
47.06000 1.353
47.08000 4.330
47.10000 0.402
47.12000 3.689
47.14000 6.222
47.16000 4.651
47.18000 2.639
47.20000 3.348
47.22000 1.341
47.24000 3.399
47.26000 1.031
47.28000 2.266
47.30000 1.334
47.32000 0.380
47.34000 0.922
47.36000 -2.864
47.38000 -2.691
47.40000 0.026
47.42000 1.825
47.44000 2.961
47.46000 2.223
47.48000 6.308
47.50000 6.218
47.52000 6.178
47.54000 2.051
47.56000 5.735
47.58000 4.113
47.60000 2.729
47.62000 -1.057
47.64000 1.375
47.66000 3.617
47.68000 1.267
47.70000 3.625
47.72000 4.575
47.74000 2.323
47.76000 6.648
47.78000 6.960
47.80000 6.204
47.82000 -0.707
47.84000 1.681
47.86000 -0.065
47.88000 0.679
47.90000 4.844
47.92000 8.514
47.94000 3.981
47.96000 -0.234
47.98000 0.785
48.00000 5.492
48.02000 -1.182
48.04000 -2.616
48.06000 -2.800
48.08000 1.938
48.10000 4.647
48.12000 0.389
48.14000 -0.617
48.16000 0.045
48.18000 2.897
48.20000 4.048
48.22000 3.836
48.24000 -2.022
48.26000 0.554
48.28000 6.128
48.30000 3.387
48.32000 4.382
48.34000 3.797
48.36000 3.774
48.38000 3.805
48.40000 3.479
48.42000 3.872
48.44000 4.869
48.46000 3.040
48.48000 5.481
48.50000 4.520
48.52000 3.854
48.54000 4.185
48.56000 1.086
48.58000 -0.994
48.60000 1.952
48.62000 3.736
48.64000 2.491
48.66000 3.348
48.68000 5.446
48.70000 4.283
48.72000 0.407
48.74000 1.502
48.76000 4.156
48.78000 1.939
48.80000 2.775
48.82000 2.317
48.84000 6.339
48.86000 4.004
48.88000 2.862
48.90000 8.292
48.92000 12.052
48.94000 6.063
48.96000 2.983
48.98000 5.831
49.00000 4.525
49.02000 -0.318
49.04000 -2.724
49.06000 4.638
49.08000 7.514
49.10000 1.211
49.12000 1.810
49.14000 6.832
49.16000 5.130
49.18000 2.875
49.20000 3.279
49.22000 0.448
49.24000 1.236
49.26000 3.014
49.28000 7.193
49.30000 3.642
49.32000 6.429
49.34000 8.132
49.36000 5.279
49.38000 -0.300
49.40000 -1.579
49.42000 1.177
49.44000 -2.103
49.46000 0.301
49.48000 0.700
49.50000 -0.525
49.52000 2.119
49.54000 4.627
49.56000 0.594
49.58000 -0.119
49.60000 -1.615
49.62000 0.749
49.64000 2.957
49.66000 1.668
49.68000 1.620
49.70000 -0.708
49.72000 -2.580
49.74000 -0.331
49.76000 3.779
49.78000 3.250
49.80000 0.447
49.82000 -1.203
49.84000 -2.719
49.86000 0.196
49.88000 2.020
49.90000 0.707
49.92000 0.970
49.94000 5.018
49.96000 5.603
49.98000 -2.072
50.00000 -1.651
50.02000 4.869
50.04000 3.810
50.06000 6.953
50.08000 6.587
50.10000 2.828
50.12000 0.553
50.14000 3.439
50.16000 0.946
50.18000 -1.965
50.20000 -2.708
50.22000 3.571
50.24000 3.598
50.26000 1.733
50.28000 3.382
50.30000 1.991
50.32000 2.114
50.34000 -2.704
50.36000 0.572
50.38000 0.968
50.40000 0.123
50.42000 0.386
50.44000 2.989
50.46000 0.866
50.48000 1.062
50.50000 -0.276
50.52000 -1.017
50.54000 0.845
50.56000 3.151
50.58000 6.374
50.60000 0.449
50.62000 -0.128
50.64000 1.159
50.66000 1.115
50.68000 1.548
50.70000 5.360
50.72000 5.173
50.74000 4.860
50.76000 4.146
50.78000 -0.738
50.80000 0.793
50.82000 3.150
50.84000 4.439
50.86000 4.270
50.88000 6.126
50.90000 5.712
50.92000 0.635
50.94000 -1.373
50.96000 0.788
50.98000 4.048
51.00000 0.636
51.02000 -1.710
51.04000 -0.973
51.06000 -2.595
51.08000 -2.692
51.10000 0.697
51.12000 3.104
51.14000 5.747
51.16000 0.593
51.18000 0.193
51.20000 4.573
51.22000 2.434
51.24000 -0.538
51.26000 4.292
51.28000 3.568
51.30000 -0.132
51.32000 3.784
51.34000 6.534
51.36000 0.978
51.38000 0.403
51.40000 3.217
51.42000 3.003
51.44000 0.129
51.46000 0.677
51.48000 -1.543
51.50000 -1.315
51.52000 1.816
51.54000 3.976
51.56000 1.106
51.58000 1.925
51.60000 5.264
51.62000 0.504
51.64000 -0.694
51.66000 1.737
51.68000 1.711
51.70000 -0.144
51.72000 2.031
51.74000 0.521
51.76000 6.078
51.78000 7.562
51.80000 4.302
51.82000 6.037
51.84000 5.330
51.86000 1.953
51.88000 1.916
51.90000 1.902
51.92000 1.900
51.94000 0.981
51.96000 -1.240
51.98000 -0.760
52.00000 0.810
52.02000 -2.646
52.04000 -2.212
52.06000 0.407
52.08000 -0.937
52.10000 5.160
52.12000 3.530
52.14000 3.369
52.16000 3.866
52.18000 0.457
52.20000 0.118
52.22000 5.795
52.24000 5.676
52.26000 3.864
52.28000 -1.145
52.30000 1.641
52.32000 2.450
52.34000 2.386
52.36000 2.062
52.38000 2.774
52.40000 3.659
52.42000 4.249
52.44000 2.290
52.46000 0.628
52.48000 -1.264
52.50000 4.401
52.52000 5.345
52.54000 0.704
52.56000 1.408
52.58000 2.298
52.60000 6.153
52.62000 6.278
52.64000 2.918
52.66000 0.055
52.68000 2.906
52.70000 7.212
52.72000 6.463
52.74000 -0.876
52.76000 0.035
52.78000 0.143
52.80000 -1.176
52.82000 0.273
52.84000 2.150
52.86000 4.435
52.88000 4.793
52.90000 3.012
52.92000 3.499
52.94000 5.154
52.96000 1.303
52.98000 0.576
53.00000 0.894
53.02000 2.558
53.04000 5.848
53.06000 6.447
53.08000 3.298
53.10000 4.025
53.12000 3.543
53.14000 3.263
53.16000 2.549
53.18000 1.928
53.20000 -0.804
53.22000 0.397
53.24000 0.558
53.26000 -0.952
53.28000 -1.006
53.30000 0.187
53.32000 -1.572
53.34000 -2.537
53.36000 -0.533
53.38000 -0.462
53.40000 1.473
53.42000 3.497
53.44000 4.900
53.46000 1.437
53.48000 -0.390
53.50000 3.399
53.52000 1.551
53.54000 -0.765
53.56000 0.985
53.58000 2.691
53.60000 2.232
53.62000 4.129
53.64000 0.912
53.66000 -0.549
53.68000 -1.465
53.70000 3.631
53.72000 4.577
53.74000 1.750
53.76000 -2.012
53.78000 6.222
53.80000 2.597
53.82000 6.569
53.84000 5.002
53.86000 -0.850
53.88000 2.311
53.90000 3.778
53.92000 2.269
53.94000 3.584
53.96000 1.953
53.98000 3.784
54.00000 -0.113
54.02000 -2.420
54.04000 -0.218
54.06000 3.525
54.08000 7.710
54.10000 10.199
54.12000 8.374
54.14000 2.384
54.16000 0.699
54.18000 1.057
54.20000 -2.562
54.22000 1.680
54.24000 -1.265
54.26000 0.700
54.28000 2.504
54.30000 4.347
54.32000 4.987
54.34000 1.766
54.36000 5.711
54.38000 8.414
54.40000 5.537
54.42000 2.789
54.44000 5.486
54.46000 7.343
54.48000 3.002
54.50000 4.015
54.52000 5.982
54.54000 2.453
54.56000 7.335
54.58000 5.068
54.60000 0.694
54.62000 3.486
54.64000 5.562
54.66000 1.268
54.68000 1.541
54.70000 -0.565
54.72000 3.591
54.74000 2.245
54.76000 1.392
54.78000 4.147
54.80000 7.090
54.82000 6.144
54.84000 3.874
54.86000 2.658
54.88000 3.747
54.90000 5.508
54.92000 3.432
54.94000 1.605
54.96000 2.248
54.98000 2.660
55.00000 3.903
55.02000 4.019
55.04000 2.671
55.06000 1.889
55.08000 1.779
55.10000 1.258
55.12000 0.025
55.14000 1.175
55.16000 2.936
55.18000 5.972
55.20000 3.516
55.22000 6.319
55.24000 8.724
55.26000 2.315
55.28000 2.769
55.30000 1.056
55.32000 3.561
55.34000 5.295
55.36000 7.468
55.38000 7.187
55.40000 4.521
55.42000 2.235
55.44000 5.577
55.46000 9.842
55.48000 11.832
55.50000 5.503
55.52000 2.135
55.54000 5.182
55.56000 5.451
55.58000 2.507
55.60000 3.360
55.62000 4.255
55.64000 1.810
55.66000 4.046
55.68000 5.554
55.70000 9.584
55.72000 2.802
55.74000 -2.508
55.76000 1.719
55.78000 7.897
55.80000 3.783
55.82000 3.055
55.84000 -0.302
55.86000 1.725
55.88000 -0.083
55.90000 3.079
55.92000 4.084
55.94000 8.234
55.96000 6.642
55.98000 2.095
56.00000 2.663
56.02000 5.579
56.04000 4.092
56.06000 6.347
56.08000 4.244
56.10000 2.223
56.12000 0.951
56.14000 0.426
56.16000 1.548
56.18000 6.256
56.20000 4.988
56.22000 2.716
56.24000 2.783
56.26000 2.153
56.28000 5.890
56.30000 2.429
56.32000 5.985
56.34000 7.784
56.36000 3.078
56.38000 4.433
56.40000 5.601
56.42000 0.607
56.44000 -2.526
56.46000 -0.974
56.48000 0.758
56.50000 -1.239
56.52000 1.058
56.54000 1.653
56.56000 0.439
56.58000 3.075
56.60000 2.618
56.62000 1.302
56.64000 3.045
56.66000 3.032
56.68000 0.453
56.70000 -0.921
56.72000 -1.494
56.74000 1.631
56.76000 3.625
56.78000 1.389
56.80000 3.889
56.82000 3.925
56.84000 4.935
56.86000 1.032
56.88000 1.391
56.90000 3.021
56.92000 3.179
56.94000 -2.524
56.96000 2.249
56.98000 1.347
57.00000 -0.771
57.02000 2.092
57.04000 5.323
57.06000 4.391
57.08000 1.325
57.10000 1.900
57.12000 -1.635
57.14000 -2.522
57.16000 -2.132
57.18000 4.551
57.20000 7.671
57.22000 3.777
57.24000 2.221
57.26000 -0.184
57.28000 1.785
57.30000 4.265
57.32000 4.844
57.34000 1.899
57.36000 0.598
57.38000 1.261
57.40000 0.819
57.42000 2.618
57.44000 2.279
57.46000 2.179
57.48000 3.180
57.50000 -0.054
57.52000 0.612
57.54000 -1.823
57.56000 -0.566
57.58000 3.272
57.60000 2.514
57.62000 3.698
57.64000 3.618
57.66000 -0.728
57.68000 2.076
57.70000 1.715
57.72000 1.449
57.74000 1.219
57.76000 4.379
57.78000 1.797
57.80000 2.806
57.82000 4.676
57.84000 6.520
57.86000 1.559
57.88000 1.440
57.90000 2.534
57.92000 2.943
57.94000 3.070
57.96000 0.590
57.98000 -1.613
58.00000 1.920
58.02000 5.537
58.04000 1.445
58.06000 1.551
58.08000 -2.482
58.10000 0.048
58.12000 -0.431
58.14000 -0.432
58.16000 3.117
58.18000 2.179
58.20000 1.639
58.22000 -1.683
58.24000 0.579
58.26000 0.583
58.28000 -1.046
58.30000 4.156
58.32000 6.153
58.34000 5.001
58.36000 -0.227
58.38000 0.636
58.40000 1.925
58.42000 5.585
58.44000 4.116
58.46000 3.329
58.48000 4.364
58.50000 5.436
58.52000 4.291
58.54000 2.825
58.56000 1.075
58.58000 2.866
58.60000 3.356
58.62000 0.200
58.64000 1.770
58.66000 -0.111
58.68000 4.151
58.70000 6.065
58.72000 5.491
58.74000 4.172
58.76000 4.575
58.78000 8.992
58.80000 5.199
58.82000 6.133
58.84000 6.449
58.86000 3.726
58.88000 -2.346
58.90000 -2.418
58.92000 0.175
58.94000 3.440
58.96000 3.498
58.98000 2.206
59.00000 1.993
59.02000 3.055
59.04000 2.848
59.06000 4.751
59.08000 5.511
59.10000 4.304
59.12000 2.131
59.14000 0.375
59.16000 0.004
59.18000 1.832
59.20000 3.995
59.22000 2.791
59.24000 3.367
59.26000 5.580
59.28000 3.376
59.30000 4.686
59.32000 9.230
59.34000 4.548
59.36000 4.196
59.38000 2.525
59.40000 4.909
59.42000 4.151
59.44000 7.648
59.46000 8.626
59.48000 2.310
59.50000 1.978
59.52000 -0.671
59.54000 -2.384
59.56000 0.135
59.58000 6.734
59.60000 8.207
59.62000 4.572
59.64000 4.776
59.66000 7.647
59.68000 5.088
59.70000 1.871
59.72000 0.037
59.74000 -0.752
59.76000 1.880
59.78000 2.947
59.80000 5.812
59.82000 5.419
59.84000 5.476
59.86000 8.644
59.88000 4.631
59.90000 7.084
59.92000 3.115
59.94000 -2.377
59.96000 -0.345
59.98000 3.166
60.00000 6.018
60.02000 6.290
60.04000 2.745
60.06000 0.345
60.08000 2.058
60.10000 7.497
60.12000 7.213
60.14000 4.170
60.16000 4.796
60.18000 5.452
60.20000 5.037
60.22000 4.349
60.24000 2.749
60.26000 1.285
60.28000 -1.894
60.30000 -0.174
60.32000 -0.226
60.34000 1.644
60.36000 1.410
60.38000 2.303
60.40000 2.327
60.42000 4.598
60.44000 6.782
60.46000 3.092
60.48000 0.484
60.50000 6.331
60.52000 6.976
60.54000 6.975
60.56000 6.864
60.58000 4.005
60.60000 1.657
60.62000 3.080
60.64000 9.469
60.66000 5.650
60.68000 3.323
60.70000 6.166
60.72000 -0.343
60.74000 -2.368
60.76000 0.922
60.78000 1.203
60.80000 3.717
60.82000 2.766
60.84000 2.980
60.86000 1.835
60.88000 2.408
60.90000 1.488
60.92000 2.254
60.94000 3.472
60.96000 2.674
60.98000 2.114
61.00000 -0.134
61.02000 -0.460
61.04000 2.568
61.06000 1.229
61.08000 4.843
61.10000 3.229
61.12000 1.594
61.14000 2.683
61.16000 1.322
61.18000 0.422
61.20000 4.003
61.22000 4.151
61.24000 0.840
61.26000 0.935
61.28000 4.874
61.30000 2.945
61.32000 4.577
61.34000 4.060
61.36000 3.532
61.38000 3.644
61.40000 3.175
61.42000 3.612
61.44000 0.530
61.46000 3.560
61.48000 3.149
61.50000 1.532
61.52000 2.580
61.54000 4.196
61.56000 2.147
61.58000 2.553
61.60000 -0.845
61.62000 1.442
61.64000 2.019
61.66000 2.865
61.68000 0.946
61.70000 0.963
61.72000 2.466
61.74000 2.031
61.76000 3.913
61.78000 3.799
61.80000 -0.641
61.82000 1.094
61.84000 3.761
61.86000 2.824
61.88000 2.523
61.90000 3.634
61.92000 4.157
61.94000 -1.954
61.96000 -1.247
61.98000 -2.357
62.00000 1.513
62.02000 1.954
62.04000 2.568
62.06000 2.806
62.08000 0.998
62.10000 0.838
62.12000 1.908
62.14000 2.650
62.16000 -1.466
62.18000 -0.474
62.20000 3.425
62.22000 1.716
62.24000 3.015
62.26000 3.059
62.28000 -2.344
62.30000 -0.254
62.32000 0.018
62.34000 2.021
62.36000 1.344
62.38000 1.509
62.40000 0.949
62.42000 2.918
62.44000 2.480
62.46000 2.153
62.48000 0.318
62.50000 1.907
62.52000 2.931
62.54000 4.050
62.56000 3.015
62.58000 3.656
62.60000 4.518
62.62000 -0.222
62.64000 -2.324
62.66000 1.233
62.68000 1.762
62.70000 2.019
62.72000 1.885
62.74000 5.846
62.76000 6.365
62.78000 4.186
62.80000 2.135
62.82000 2.234
62.84000 1.162
62.86000 -1.670
62.88000 -0.495
62.90000 0.353
62.92000 -0.796
62.94000 -0.375
62.96000 0.633
62.98000 1.714
63.00000 1.349
63.02000 -0.094
63.04000 3.929
63.06000 3.086
63.08000 3.479
63.10000 5.148
63.12000 4.778
63.14000 1.754
63.16000 4.606
63.18000 5.203
63.20000 3.950
63.22000 2.770
63.24000 4.671
63.26000 2.036
63.28000 0.727
63.30000 3.518
63.32000 3.885
63.34000 1.922
63.36000 -1.333
63.38000 -2.325
63.40000 0.496
63.42000 2.745
63.44000 2.425
63.46000 1.710
63.48000 1.658
63.50000 2.814
63.52000 2.845
63.54000 -0.063
63.56000 0.222
63.58000 0.539
63.60000 1.136
63.62000 3.108
63.64000 4.358
63.66000 0.628
63.68000 -1.586
63.70000 -2.006
63.72000 3.831
63.74000 2.312
63.76000 5.615
63.78000 3.567
63.80000 6.187
63.82000 4.394
63.84000 2.936
63.86000 3.778
63.88000 -0.006
63.90000 5.404
63.92000 4.050
63.94000 4.949
63.96000 1.497
63.98000 5.056
64.00000 1.130
64.02000 -2.322
64.04000 0.271
64.06000 1.775
64.08000 3.660
64.10000 0.495
64.12000 2.901
64.14000 4.740
64.16000 5.197
64.18000 3.195
64.20000 -0.554
64.22000 0.193
64.24000 3.079
64.26000 -0.487
64.28000 0.174
64.30000 -0.404
64.32000 -0.124
64.34000 0.903
64.36000 2.879
64.38000 0.866
64.40000 -0.863
64.42000 -2.026
64.44000 -1.873
64.46000 4.143
64.48000 5.397
64.50000 -0.451
64.52000 -0.354
64.54000 -1.826
64.56000 1.583
64.58000 1.550
64.60000 2.057
64.62000 -1.776
64.64000 -2.184
64.66000 1.145
64.68000 -2.097
64.70000 -0.524
64.72000 2.372
64.74000 2.222
64.76000 1.320
64.78000 2.209
64.80000 0.797
64.82000 -1.118
64.84000 -2.178
64.86000 -0.688
64.88000 -1.439
64.90000 -2.012
64.92000 -1.842
64.94000 0.537
64.96000 3.299
64.98000 3.389
65.00000 4.530
65.02000 1.657
65.04000 -0.538
65.06000 -0.532
65.08000 -0.390
65.10000 1.413
65.12000 1.446
65.14000 -1.406
65.16000 -2.153
65.18000 0.382
65.20000 -0.536
65.22000 -2.365
65.24000 -0.411
65.26000 0.745
65.28000 1.644
65.30000 1.178
65.32000 -1.034
65.34000 0.665
65.36000 -0.744
65.38000 3.478
65.40000 -0.060
65.42000 0.035
65.44000 4.177
65.46000 3.485
65.48000 1.162
65.50000 -0.314
65.52000 -1.762
65.54000 -1.753
65.56000 0.136
65.58000 2.750
65.60000 2.201
65.62000 1.847
65.64000 3.013
65.66000 3.193
65.68000 1.115
65.70000 2.233
65.72000 2.770
65.74000 2.987
65.76000 4.248
65.78000 1.934
65.80000 0.227
65.82000 2.104
65.84000 2.122
65.86000 7.208
65.88000 5.870
65.90000 4.155
65.92000 3.173
65.94000 2.259
65.96000 3.040
65.98000 5.083
66.00000 7.109
66.02000 6.164
66.04000 4.616
66.06000 5.686
66.08000 3.809
66.10000 3.712
66.12000 2.352
66.14000 5.938
66.16000 4.646
66.18000 4.101
66.20000 2.879
66.22000 1.331
66.24000 1.409
66.26000 0.908
66.28000 3.070
66.30000 4.167
66.32000 2.746
66.34000 2.964
66.36000 3.848
66.38000 4.641
66.40000 3.319
66.42000 2.999
66.44000 1.618
66.46000 0.120
66.48000 3.639
66.50000 5.865
66.52000 2.041
66.54000 3.386
66.56000 2.669
66.58000 4.404
66.60000 6.104
66.62000 2.494
66.64000 -0.161
66.66000 1.160
66.68000 5.919
66.70000 2.216
66.72000 -0.807
66.74000 -0.948
66.76000 0.940
66.78000 -0.090
66.80000 1.161
66.82000 0.584
66.84000 2.078
66.86000 0.618
66.88000 0.354
66.90000 0.988
66.92000 0.846
66.94000 0.153
66.96000 -0.961
66.98000 2.206
67.00000 2.674
67.02000 -2.274
67.04000 -1.091
67.06000 3.940
67.08000 4.907
67.10000 1.969
67.12000 0.220
67.14000 1.650
67.16000 0.614
67.18000 1.056
67.20000 2.589
67.22000 6.400
67.24000 4.877
67.26000 0.284
67.28000 1.980
67.30000 2.000
67.32000 3.279
67.34000 5.552
67.36000 3.047
67.38000 1.782
67.40000 4.989
67.42000 6.283
67.44000 4.852
67.46000 1.465
67.48000 4.291
67.50000 7.330
67.52000 6.345
67.54000 2.577
67.56000 0.332
67.58000 1.357
67.60000 2.460
67.62000 1.984
67.64000 3.639
67.66000 4.133
67.68000 3.244
67.70000 -0.321
67.72000 -2.191
67.74000 1.145
67.76000 2.208
67.78000 3.182
67.80000 3.184
67.82000 5.220
67.84000 6.478
67.86000 4.867
67.88000 3.011
67.90000 2.394
67.92000 3.503
67.94000 1.426
67.96000 2.026
67.98000 2.728
68.00000 2.775
68.02000 1.795
68.04000 3.861
68.06000 3.761
68.08000 3.252
68.10000 2.275
68.12000 1.203
68.14000 1.100
68.16000 4.262
68.18000 2.554
68.20000 -0.041
68.22000 1.535
68.24000 1.470
68.26000 3.695
68.28000 3.822
68.30000 3.764
68.32000 2.953
68.34000 1.236
68.36000 1.744
68.38000 2.501
68.40000 3.481
68.42000 1.280
68.44000 1.681
68.46000 -2.175
68.48000 1.170
68.50000 3.861
68.52000 3.819
68.54000 0.067
68.56000 1.573
68.58000 1.947
68.60000 3.532
68.62000 2.546
68.64000 3.506
68.66000 3.197
68.68000 2.400
68.70000 2.684
68.72000 1.457
68.74000 0.195
68.76000 -1.071
68.78000 -1.110
68.80000 0.043
68.82000 -1.179
68.84000 0.558
68.86000 1.971
68.88000 1.339
68.90000 1.902
68.92000 2.473
68.94000 1.049
68.96000 -0.466
68.98000 -1.271
69.00000 0.667
69.02000 1.979
69.04000 2.290
69.06000 -0.590
69.08000 0.850
69.10000 -0.507
69.12000 1.748
69.14000 -0.538
69.16000 -0.744
69.18000 -1.186
69.20000 2.150
69.22000 2.468
69.24000 2.850
69.26000 4.050
69.28000 1.647
69.30000 3.076
69.32000 4.844
69.34000 2.970
69.36000 4.482
69.38000 4.496
69.40000 1.800
69.42000 -1.369
69.44000 -0.406
69.46000 1.579
69.48000 1.494
69.50000 3.914
69.52000 2.638
69.54000 0.819
69.56000 0.366
69.58000 2.048
69.60000 1.980
69.62000 -0.383
69.64000 -2.168
69.66000 -1.164
69.68000 2.201
69.70000 -1.204
69.72000 -1.220
69.74000 0.378
69.76000 0.862
69.78000 0.322
69.80000 1.576
69.82000 3.077
69.84000 1.668
69.86000 2.682
69.88000 2.886
69.90000 0.126
69.92000 -0.017
69.94000 -0.532
69.96000 2.678
69.98000 3.185
70.00000 1.497
70.02000 0.684
70.04000 0.882
70.06000 0.219
70.08000 2.196
70.10000 3.796
70.12000 3.999
70.14000 2.049
70.16000 -0.647
70.18000 3.518
70.20000 5.023
70.22000 1.894
70.24000 -2.140
70.26000 0.735
70.28000 3.128
70.30000 0.657
70.32000 -0.366
70.34000 0.183
70.36000 3.333
70.38000 0.412
70.40000 1.252
70.42000 2.768
70.44000 0.063
70.46000 0.496
70.48000 -0.165
70.50000 0.551
70.52000 0.519
70.54000 1.290
70.56000 -0.749
70.58000 -2.132
70.60000 1.330
70.62000 3.466
70.64000 2.003
70.66000 1.415
70.68000 2.577
70.70000 1.402
70.72000 -0.594
70.74000 0.299
70.76000 1.681
70.78000 3.118
70.80000 1.684
70.82000 3.545
70.84000 3.589
70.86000 0.933
70.88000 -0.593
70.90000 0.358
70.92000 -0.188
70.94000 -0.400
70.96000 -0.167
70.98000 2.379
71.00000 -0.777
71.02000 -0.172
71.04000 1.789
71.06000 -0.414
71.08000 1.414
71.10000 1.500
71.12000 2.174
71.14000 3.846
71.16000 3.411
71.18000 2.848
71.20000 2.841
71.22000 2.291
71.24000 0.124
71.26000 2.648
71.28000 3.556
71.30000 0.876
71.32000 -1.284
71.34000 0.869
71.36000 4.473
71.38000 4.208
71.40000 2.350
71.42000 0.598
71.44000 2.729
71.46000 6.617
71.48000 5.799
71.50000 -1.293
71.52000 -2.069
71.54000 0.899
71.56000 0.370
71.58000 1.029
71.60000 1.834
71.62000 2.893
71.64000 0.566
71.66000 3.292
71.68000 2.372
71.70000 3.433
71.72000 2.799
71.74000 2.340
71.76000 3.380
71.78000 2.498
71.80000 3.694
71.82000 3.793
71.84000 4.524
71.86000 5.473
71.88000 7.726
71.90000 3.819
71.92000 2.207
71.94000 4.672
71.96000 0.181
71.98000 0.347
72.00000 2.644
72.02000 4.595
72.04000 6.663
72.06000 3.523
72.08000 2.671
72.10000 4.624
72.12000 3.116
72.14000 -2.011
72.16000 1.890
72.18000 3.077
72.20000 3.051
72.22000 7.326
72.24000 7.905
72.26000 6.187
72.28000 4.941
72.30000 6.298
72.32000 3.847
72.34000 3.223
72.36000 2.152
72.38000 7.142
72.40000 2.728
72.42000 -0.675
72.44000 1.763
72.46000 3.777
72.48000 3.074
72.50000 2.693
72.52000 0.158
72.54000 -2.021
72.56000 2.170
72.58000 0.241
72.60000 -1.194
72.62000 0.495
72.64000 5.267
72.66000 2.884
72.68000 1.751
72.70000 3.684
72.72000 3.054
72.74000 1.119
72.76000 0.917
72.78000 2.696
72.80000 -0.115
72.82000 -0.968
72.84000 -0.910
72.86000 0.627
72.88000 1.721
72.90000 -1.379
72.92000 -1.085
72.94000 1.632
72.96000 2.096
72.98000 4.142
73.00000 4.634
73.02000 0.481
73.04000 -0.684
73.06000 -0.240
73.08000 1.476
73.10000 0.495
73.12000 -0.417
73.14000 0.578
73.16000 1.583
73.18000 2.790
73.20000 5.342
73.22000 5.317
73.24000 3.605
73.26000 3.151
73.28000 1.663
73.30000 1.906
73.32000 4.565
73.34000 4.556
73.36000 4.755
73.38000 4.600
73.40000 -0.060
73.42000 2.890
73.44000 4.270
73.46000 -1.214
73.48000 -1.242
73.50000 -0.705
73.52000 -0.007
73.54000 -2.048
73.56000 -1.113
73.58000 -0.517
73.60000 -1.870
73.62000 1.477
73.64000 3.846
73.66000 7.275
73.68000 2.099
73.70000 2.021
73.72000 2.884
73.74000 4.279
73.76000 2.989
73.78000 -0.676
73.80000 2.646
73.82000 2.162
73.84000 1.841
73.86000 1.277
73.88000 2.295
73.90000 0.198
73.92000 -0.919
73.94000 0.620
73.96000 1.063
73.98000 2.446
74.00000 0.639
74.02000 0.569
74.04000 2.051
74.06000 0.835
74.08000 3.374
74.10000 4.244
74.12000 2.507
74.14000 0.351
74.16000 -2.054
74.18000 2.995
74.20000 1.955
74.22000 1.396
74.24000 -1.038
74.26000 -0.438
74.28000 1.874
74.30000 3.337
74.32000 1.766
74.34000 0.058
74.36000 0.774
74.38000 0.610
74.40000 2.104
74.42000 2.358
74.44000 1.048
74.46000 0.059
74.48000 0.668
74.50000 1.744
74.52000 -1.031
74.54000 2.017
74.56000 3.840
74.58000 2.593
74.60000 0.937
74.62000 2.714
74.64000 4.831
74.66000 1.965
74.68000 1.538
74.70000 1.163
74.72000 3.251
74.74000 0.782
74.76000 1.779
74.78000 -0.034
74.80000 1.462
74.82000 1.632
74.84000 0.876
74.86000 2.313
74.88000 0.668
74.90000 1.560
74.92000 4.902
74.94000 2.895
74.96000 1.242
74.98000 2.707
75.00000 2.326
75.02000 3.965
75.04000 2.191
75.06000 3.790
75.08000 3.787
75.10000 1.658
75.12000 2.263
75.14000 2.445
75.16000 4.949
75.18000 6.623
75.20000 1.870
75.22000 1.720
75.24000 0.493
75.26000 -2.008
75.28000 -0.849
75.30000 0.260
75.32000 1.371
75.34000 4.206
75.36000 8.280
75.38000 7.664
75.40000 4.463
75.42000 1.481
75.44000 -0.261
75.46000 3.348
75.48000 4.309
75.50000 2.644
75.52000 0.303
75.54000 -0.098
75.56000 2.478
75.58000 3.003
75.60000 3.345
75.62000 3.427
75.64000 2.735
75.66000 3.321
75.68000 0.935
75.70000 1.894
75.72000 4.138
75.74000 4.554
75.76000 5.192
75.78000 2.851
75.80000 1.889
75.82000 2.818
75.84000 0.499
75.86000 0.869
75.88000 2.673
75.90000 3.031
75.92000 -1.191
75.94000 2.650
75.96000 3.051
75.98000 3.308
76.00000 2.874
76.02000 0.026
76.04000 4.315
76.06000 5.518
76.08000 1.372
76.10000 1.791
76.12000 2.106
76.14000 3.226
76.16000 2.001
76.18000 0.178
76.20000 -1.666
76.22000 0.066
76.24000 1.375
76.26000 4.415
76.28000 3.734
76.30000 -1.530
76.32000 -2.079
76.34000 1.874
76.36000 1.825
76.38000 0.814
76.40000 2.347
76.42000 5.303
76.44000 2.608
76.46000 3.344
76.48000 3.199
76.50000 0.519
76.52000 4.296
76.54000 3.478
76.56000 2.532
76.58000 -0.372
76.60000 -2.091
76.62000 -0.633
76.64000 -1.573
76.66000 0.725
76.68000 2.476
76.70000 -0.269
76.72000 -0.346
76.74000 0.667
76.76000 3.046
76.78000 1.602
76.80000 -1.405
76.82000 3.798
76.84000 0.817
76.86000 1.897
76.88000 5.673
76.90000 2.840
76.92000 -0.061
76.94000 -0.573
76.96000 2.048
76.98000 1.338
77.00000 0.043
77.02000 -0.903
77.04000 -0.660
77.06000 2.926
77.08000 1.943
77.10000 2.952
77.12000 7.239
77.14000 3.523
77.16000 3.632
77.18000 3.706
77.20000 2.080
77.22000 2.397
77.24000 2.351
77.26000 1.640
77.28000 0.878
77.30000 2.243
77.32000 4.674
77.34000 6.559
77.36000 3.426
77.38000 -0.313
77.40000 -2.113
77.42000 3.148
77.44000 5.653
77.46000 5.019
77.48000 1.873
77.50000 3.742
77.52000 5.758
77.54000 4.621
77.56000 3.955
77.58000 -0.525
77.60000 -2.123
77.62000 2.936
77.64000 3.433
77.66000 2.769
77.68000 2.295
77.70000 2.615
77.72000 3.758
77.74000 -0.259
77.76000 1.325
77.78000 1.630
77.80000 2.048
77.82000 -0.097
77.84000 2.337
77.86000 7.287
77.88000 4.796
77.90000 4.062
77.92000 2.596
77.94000 2.324
77.96000 1.044
77.98000 1.289
78.00000 1.404
78.02000 4.141
78.04000 5.477
78.06000 6.130
78.08000 1.833
78.10000 0.174
78.12000 1.381
78.14000 1.381
78.16000 0.263
78.18000 -0.085
78.20000 3.197
78.22000 5.248
78.24000 2.324
78.26000 2.220
78.28000 1.169
78.30000 3.188
78.32000 3.615
78.34000 3.842
78.36000 4.910
78.38000 5.557
78.40000 5.280
78.42000 4.582
78.44000 6.671
78.46000 3.958
78.48000 5.793
78.50000 7.184
78.52000 4.117
78.54000 6.026
78.56000 6.737
78.58000 5.782
78.60000 6.955
78.62000 6.924
78.64000 5.458
78.66000 6.136
78.68000 10.143
78.70000 9.400
78.72000 7.183
78.74000 9.407
78.76000 11.061
78.78000 10.515
78.80000 10.657
78.82000 7.491
78.84000 7.527
78.86000 10.521
78.88000 14.628
78.90000 14.054
78.92000 12.934
78.94000 10.190
78.96000 12.560
78.98000 15.355
79.00000 16.029
79.02000 15.141
79.04000 18.204
79.06000 17.173
79.08000 16.353
79.10000 17.218
79.12000 14.545
79.14000 15.989
79.16000 17.644
79.18000 19.044
79.20000 19.281
79.22000 24.460
79.24000 22.425
79.26000 16.103
79.28000 19.039
79.30000 19.965
79.32000 18.245
79.34000 22.994
79.36000 22.319
79.38000 21.016
79.40000 19.498
79.42000 21.647
79.44000 20.708
79.46000 18.762
79.48000 19.797
79.50000 21.712
79.52000 19.473
79.54000 18.528
79.56000 14.382
79.58000 12.518
79.60000 18.611
79.62000 20.135
79.64000 21.582
79.66000 18.190
79.68000 14.267
79.70000 15.915
79.72000 14.239
79.74000 13.850
79.76000 12.885
79.78000 12.894
79.80000 12.625
79.82000 10.918
79.84000 9.445
79.86000 12.608
79.88000 9.266
79.90000 11.740
79.92000 7.679
79.94000 5.427
79.96000 6.795
79.98000 8.445
80.00000 8.015
80.02000 7.259
80.04000 7.464
80.06000 6.092
80.08000 4.109
80.10000 4.213
80.12000 4.475
80.14000 5.330
80.16000 4.162
80.18000 3.744
80.20000 0.469
80.22000 0.510
80.24000 0.358
80.26000 4.948
80.28000 4.265
80.30000 3.976
80.32000 5.253
80.34000 3.791
80.36000 3.120
80.38000 3.244
80.40000 1.781
80.42000 1.029
80.44000 -0.016
80.46000 0.699
80.48000 -2.040
80.50000 -2.360
80.52000 1.205
80.54000 -0.546
80.56000 2.288
80.58000 3.511
80.60000 -0.086
80.62000 1.646
80.64000 -0.652
80.66000 1.353
80.68000 1.377
80.70000 1.994
80.72000 1.162
80.74000 0.033
80.76000 4.918
80.78000 4.051
80.80000 5.331
80.82000 2.436
80.84000 3.217
80.86000 2.980
80.88000 1.887
80.90000 -2.351
80.92000 -1.729
80.94000 2.994
80.96000 4.118
80.98000 0.871
81.00000 -2.267
81.02000 -1.965
81.04000 -0.956
81.06000 0.455
81.08000 2.480
81.10000 -1.109
81.12000 -1.569
81.14000 -1.723
81.16000 -0.665
81.18000 1.345
81.20000 -0.723
81.22000 -0.110
81.24000 -2.357
81.26000 -1.616
81.28000 1.126
81.30000 3.251
81.32000 3.918
81.34000 2.230
81.36000 1.551
81.38000 2.207
81.40000 3.476
81.42000 4.231
81.44000 0.353
81.46000 -1.072
81.48000 -0.853
81.50000 -0.289
81.52000 0.194
81.54000 0.571
81.56000 3.766
81.58000 3.749
81.60000 2.074
81.62000 0.939
81.64000 2.424
81.66000 1.220
81.68000 1.794
81.70000 4.383
81.72000 4.344
81.74000 -2.374
81.76000 4.143
81.78000 8.362
81.80000 3.319
81.82000 5.953
81.84000 7.183
81.86000 9.908
81.88000 6.199
81.90000 6.225
81.92000 6.939
81.94000 10.162
81.96000 10.234
81.98000 1.670
82.00000 0.870
82.02000 7.963
82.04000 10.055
82.06000 8.466
82.08000 8.895
82.10000 6.918
82.12000 5.781
82.14000 8.300
82.16000 8.020
82.18000 6.887
82.20000 11.644
82.22000 15.474
82.24000 15.963
82.26000 11.887
82.28000 7.730
82.30000 11.584
82.32000 12.028
82.34000 13.876
82.36000 17.329
82.38000 17.986
82.40000 13.969
82.42000 18.075
82.44000 16.354
82.46000 18.315
82.48000 13.515
82.50000 13.649
82.52000 13.982
82.54000 19.575
82.56000 24.635
82.58000 28.270
82.60000 27.153
82.62000 27.285
82.64000 25.534
82.66000 28.750
82.68000 29.522
82.70000 26.637
82.72000 31.106
82.74000 35.021
82.76000 37.550
82.78000 36.451
82.80000 40.602
82.82000 41.229
82.84000 43.661
82.86000 42.643
82.88000 45.104
82.90000 46.308
82.92000 47.842
82.94000 52.896
82.96000 56.985
82.98000 56.602
83.00000 53.228
83.02000 55.607
83.04000 62.454
83.06000 65.205
83.08000 69.363
83.10000 66.919
83.12000 70.465
83.14000 71.043
83.16000 77.549
83.18000 80.452
83.20000 81.484
83.22000 81.533
83.24000 84.155
83.26000 86.921
83.28000 87.808
83.30000 89.695
83.32000 94.247
83.34000 91.900
83.36000 95.584
83.38000 88.414
83.40000 87.025
83.42000 88.475
83.44000 85.386
83.46000 83.986
83.48000 92.523
83.50000 92.631
83.52000 88.534
83.54000 87.585
83.56000 91.807
83.58000 83.452
83.60000 80.836
83.62000 81.750
83.64000 81.794
83.66000 80.326
83.68000 76.350
83.70000 73.873
83.72000 71.272
83.74000 67.171
83.76000 68.712
83.78000 65.411
83.80000 59.666
83.82000 55.047
83.84000 58.203
83.86000 55.251
83.88000 52.147
83.90000 50.309
83.92000 40.916
83.94000 44.604
83.96000 39.097
83.98000 40.008
84.00000 40.638
84.02000 37.305
84.04000 35.080
84.06000 33.755
84.08000 30.383
84.10000 24.501
84.12000 24.688
84.14000 26.422
84.16000 20.289
84.18000 23.351
84.20000 25.453
84.22000 22.586
84.24000 17.475
84.26000 16.782
84.28000 17.039
84.30000 18.716
84.32000 18.631
84.34000 13.496
84.36000 11.671
84.38000 11.125
84.40000 9.158
84.42000 9.592
84.44000 13.952
84.46000 11.847
84.48000 9.852
84.50000 6.937
84.52000 7.143
84.54000 11.136
84.56000 9.533
84.58000 5.934
84.60000 2.921
84.62000 2.778
84.64000 5.312
84.66000 7.912
84.68000 8.143
84.70000 6.071
84.72000 6.071
84.74000 6.686
84.76000 3.135
84.78000 2.383
84.80000 4.626
84.82000 3.408
84.84000 2.196
84.86000 1.679
84.88000 1.367
84.90000 1.445
84.92000 3.348
84.94000 3.360
84.96000 1.953
84.98000 2.611
85.00000 0.362
85.02000 -1.685
85.04000 -1.431
85.06000 1.160
85.08000 -0.367
85.10000 2.695
85.12000 4.006
85.14000 5.635
85.16000 -0.529
85.18000 4.672
85.20000 1.082
85.22000 -2.115
85.24000 1.298
85.26000 2.490
85.28000 4.580
85.30000 2.834
85.32000 2.481
85.34000 4.167
85.36000 3.004
85.38000 -1.143
85.40000 -2.084
85.42000 3.589
85.44000 3.424
85.46000 4.452
85.48000 3.161
85.50000 3.595
85.52000 2.458
85.54000 6.007
85.56000 3.931
85.58000 1.621
85.60000 1.704
85.62000 -0.352
85.64000 -1.753
85.66000 -0.370
85.68000 -0.221
85.70000 -0.223
85.72000 -0.986
85.74000 1.107
85.76000 0.378
85.78000 -0.933
85.80000 3.230
85.82000 -0.733
85.84000 0.147
85.86000 1.947
85.88000 1.329
85.90000 0.244
85.92000 0.338
85.94000 2.659
85.96000 2.824
85.98000 0.329
86.00000 3.798
86.02000 3.600
86.04000 2.013
86.06000 1.036
86.08000 2.464
86.10000 1.973
86.12000 1.955
86.14000 2.822
86.16000 0.553
86.18000 -0.205
86.20000 0.441
86.22000 4.214
86.24000 1.304
86.26000 -1.295
86.28000 -2.007
86.30000 0.684
86.32000 -0.119
86.34000 -0.886
86.36000 -0.131
86.38000 1.418
86.40000 3.451
86.42000 2.550
86.44000 1.396
86.46000 2.007
86.48000 3.896
86.50000 0.878
86.52000 1.022
86.54000 1.565
86.56000 1.933
86.58000 3.637
86.60000 6.045
86.62000 7.294
86.64000 2.781
86.66000 -1.295
86.68000 -1.966
86.70000 -0.519
86.72000 0.798
86.74000 1.687
86.76000 -0.049
86.78000 1.439
86.80000 -0.080
86.82000 3.200
86.84000 4.139
86.86000 3.053
86.88000 0.322
86.90000 -0.868
86.92000 -0.565
86.94000 -0.272
86.96000 1.328
86.98000 3.937
87.00000 0.156
87.02000 3.221
87.04000 5.216
87.06000 2.735
87.08000 1.001
87.10000 0.100
87.12000 -1.409
87.14000 -0.282
87.16000 3.709
87.18000 4.236
87.20000 0.313
87.22000 -0.347
87.24000 2.331
87.26000 1.780
87.28000 0.933
87.30000 -1.079
87.32000 3.602
87.34000 1.952
87.36000 1.378
87.38000 0.588
87.40000 -0.442
87.42000 0.288
87.44000 0.533
87.46000 3.329
87.48000 -1.398
87.50000 -0.538
87.52000 0.532
87.54000 2.352
87.56000 -0.551
87.58000 0.536
87.60000 -0.237
87.62000 0.637
87.64000 2.008
87.66000 0.386
87.68000 0.719
87.70000 2.643
87.72000 -1.602
87.74000 -1.803
87.76000 3.172
87.78000 1.921
87.80000 4.794
87.82000 1.673
87.84000 -0.279
87.86000 0.194
87.88000 0.964
87.90000 -0.400
87.92000 0.680
87.94000 2.607
87.96000 1.763
87.98000 0.766
88.00000 3.748
88.02000 3.532
88.04000 4.940
88.06000 3.445
88.08000 1.332
88.10000 0.114
88.12000 1.501
88.14000 3.761
88.16000 3.474
88.18000 0.134
88.20000 0.556
88.22000 1.292
88.24000 -0.191
88.26000 -1.769
88.28000 -1.100
88.30000 -0.987
88.32000 -0.112
88.34000 -0.686
88.36000 1.771
88.38000 1.234
88.40000 1.312
88.42000 0.117
88.44000 4.850
88.46000 6.062
88.48000 4.830
88.50000 4.860
88.52000 3.650
88.54000 3.385
88.56000 2.106
88.58000 -1.606
88.60000 -0.429
88.62000 2.028
88.64000 2.841
88.66000 1.324
88.68000 -0.345
88.70000 -0.776
88.72000 1.645
88.74000 2.485
88.76000 -1.900
88.78000 0.327
88.80000 -0.683
88.82000 -0.416
88.84000 1.724
88.86000 1.526
88.88000 1.713
88.90000 1.717
88.92000 -0.790
88.94000 2.201
88.96000 4.788
88.98000 4.421
89.00000 2.703
89.02000 -1.894
89.04000 1.425
89.06000 1.816
89.08000 3.671
89.10000 1.181
89.12000 0.380
89.14000 -1.504
89.16000 -0.264
89.18000 -1.328
89.20000 0.281
89.22000 2.947
89.24000 3.514
89.26000 0.546
89.28000 -1.907
89.30000 -1.593
89.32000 -0.147
89.34000 1.850
89.36000 1.943
89.38000 2.467
89.40000 3.722
89.42000 0.307
89.44000 0.318
89.46000 0.755
89.48000 -1.430
89.50000 -1.399
89.52000 0.662
89.54000 1.355
89.56000 4.405
89.58000 0.471
89.60000 2.154
89.62000 -0.485
89.64000 4.566
89.66000 3.652
89.68000 -0.496
89.70000 2.605
89.72000 5.781
89.74000 3.127
89.76000 2.232
89.78000 3.265
89.80000 1.684
89.82000 0.357
89.84000 4.207
89.86000 0.817
89.88000 -0.311
89.90000 -1.924
89.92000 1.399
89.94000 1.524
89.96000 0.572
89.98000 0.892
90.00000 0.886
90.02000 0.425
90.04000 0.647
90.06000 -0.077
90.08000 0.708
90.10000 1.126
90.12000 0.171
90.14000 5.431
90.16000 -1.240
90.18000 -0.422
90.20000 3.307
90.22000 3.107
90.24000 3.053
90.26000 1.765
90.28000 2.688
90.30000 0.602
90.32000 -1.926
90.34000 2.032
90.36000 4.344
90.38000 3.511
90.40000 1.337
90.42000 1.453
90.44000 3.324
90.46000 0.486
90.48000 2.073
90.50000 2.628
90.52000 3.972
90.54000 3.003
90.56000 1.922
90.58000 0.741
90.60000 2.104
90.62000 2.392
90.64000 2.076
90.66000 2.716
90.68000 2.307
90.70000 -1.716
90.72000 -0.800
90.74000 2.809
90.76000 1.875
90.78000 -1.348
90.80000 -1.124
90.82000 -1.270
90.84000 -1.918
90.86000 0.017
90.88000 -0.279
90.90000 1.250
90.92000 -0.320
90.94000 2.511
90.96000 3.395
90.98000 0.655
91.00000 1.306
91.02000 1.169
91.04000 2.522
91.06000 3.927
91.08000 1.242
91.10000 -1.332
91.12000 0.881
91.14000 2.614
91.16000 1.383
91.18000 1.105
91.20000 -0.305
91.22000 -0.048
91.24000 -1.626
91.26000 2.785
91.28000 2.114
91.30000 2.652
91.32000 2.733
91.34000 0.953
91.36000 4.141
91.38000 3.286
91.40000 0.561
91.42000 2.798
91.44000 3.238
91.46000 4.214
91.48000 4.369
91.50000 0.885
91.52000 0.860
91.54000 0.814
91.56000 0.058
91.58000 2.914
91.60000 2.280
91.62000 3.129
91.64000 2.867
91.66000 2.947
91.68000 2.562
91.70000 2.507
91.72000 1.402
91.74000 4.004
91.76000 1.871
91.78000 -1.115
91.80000 -0.772
91.82000 -0.415
91.84000 0.835
91.86000 -1.919
91.88000 -1.381
91.90000 0.142
91.92000 -0.349
91.94000 0.556
91.96000 0.012
91.98000 2.927
92.00000 1.465
92.02000 2.978
92.04000 2.367
92.06000 2.911
92.08000 3.514
92.10000 4.312
92.12000 5.627
92.14000 0.659
92.16000 -0.156
92.18000 3.114
92.20000 2.504
92.22000 0.825
92.24000 2.159
92.26000 0.785
92.28000 1.956
92.30000 3.650
92.32000 6.164
92.34000 4.232
92.36000 3.976
92.38000 0.897
92.40000 4.451
92.42000 3.435
92.44000 -1.907
92.46000 -1.249
92.48000 0.078
92.50000 2.314
92.52000 3.296
92.54000 3.286
92.56000 1.958
92.58000 0.659
92.60000 2.328
92.62000 1.341
92.64000 2.304
92.66000 2.973
92.68000 2.918
92.70000 3.957
92.72000 1.265
92.74000 3.492
92.76000 2.677
92.78000 -0.198
92.80000 4.565
92.82000 1.802
92.84000 1.255
92.86000 5.018
92.88000 2.780
92.90000 1.718
92.92000 2.865
92.94000 3.868
92.96000 2.304
92.98000 3.346
93.00000 5.375
93.02000 5.492
93.04000 3.165
93.06000 3.666
93.08000 2.409
93.10000 -0.502
93.12000 0.291
93.14000 0.567
93.16000 0.277
93.18000 -1.933
93.20000 2.631
93.22000 4.365
93.24000 2.337
93.26000 0.713
93.28000 -0.152
93.30000 0.012
93.32000 -0.608
93.34000 -0.460
93.36000 1.934
93.38000 4.007
93.40000 3.830
93.42000 1.410
93.44000 3.698
93.46000 2.784
93.48000 2.582
93.50000 2.817
93.52000 0.127
93.54000 -0.640
93.56000 2.908
93.58000 4.111
93.60000 1.203
93.62000 -0.483
93.64000 1.256
93.66000 1.625
93.68000 2.250
93.70000 1.896
93.72000 -1.663
93.74000 0.158
93.76000 0.781
93.78000 -0.991
93.80000 -0.918
93.82000 -0.692
93.84000 -0.286
93.86000 2.833
93.88000 2.003
93.90000 1.409
93.92000 2.419
93.94000 2.835
93.96000 0.884
93.98000 -0.757
94.00000 -1.260
94.02000 0.284
94.04000 1.265
94.06000 -1.286
94.08000 1.169
94.10000 4.283
94.12000 3.996
94.14000 3.828
94.16000 0.250
94.18000 0.118
94.20000 3.130
94.22000 0.778
94.24000 -0.788
94.26000 1.049
94.28000 0.580
94.30000 3.562
94.32000 3.065
94.34000 -1.237
94.36000 2.405
94.38000 -1.061
94.40000 0.117
94.42000 2.534
94.44000 4.764
94.46000 1.589
94.48000 -0.008
94.50000 0.897
94.52000 2.448
94.54000 4.205
94.56000 2.860
94.58000 0.534
94.60000 3.594
94.62000 7.542
94.64000 -0.312
94.66000 0.643
94.68000 1.113
94.70000 1.291
94.72000 0.035
94.74000 6.519
94.76000 4.417
94.78000 -1.944
94.80000 0.288
94.82000 3.339
94.84000 1.848
94.86000 3.127
94.88000 6.488
94.90000 3.862
94.92000 2.013
94.94000 2.790
94.96000 1.786
94.98000 3.199
95.00000 0.069
95.02000 -1.664
95.04000 2.432
95.06000 3.508
95.08000 4.505
95.10000 3.647
95.12000 1.805
95.14000 4.745
95.16000 2.702
95.18000 4.352
95.20000 1.919
95.22000 3.247
95.24000 3.752
95.26000 -0.999
95.28000 1.806
95.30000 1.619
95.32000 -0.415
95.34000 1.151
95.36000 4.090
95.38000 1.890
95.40000 0.947
95.42000 5.574
95.44000 3.512
95.46000 2.085
95.48000 4.539
95.50000 3.953
95.52000 2.549
95.54000 3.168
95.56000 1.534
95.58000 -1.948
95.60000 -1.699
95.62000 -0.073
95.64000 4.538
95.66000 1.378
95.68000 1.978
95.70000 1.951
95.72000 3.061
95.74000 2.180
95.76000 1.627
95.78000 2.856
95.80000 0.928
95.82000 4.094
95.84000 3.117
95.86000 2.376
95.88000 2.254
95.90000 2.510
95.92000 5.070
95.94000 1.511
95.96000 5.211
95.98000 0.957
96.00000 -1.935
96.02000 3.228
96.04000 5.210
96.06000 4.880
96.08000 3.055
96.10000 2.285
96.12000 1.633
96.14000 -1.583
96.16000 -0.156
96.18000 3.225
96.20000 2.008
96.22000 3.725
96.24000 0.321
96.26000 -1.009
96.28000 0.999
96.30000 0.743
96.32000 -0.247
96.34000 2.013
96.36000 5.877
96.38000 7.080
96.40000 5.966
96.42000 3.061
96.44000 3.827
96.46000 5.747
96.48000 3.482
96.50000 4.216
96.52000 2.621
96.54000 0.500
96.56000 4.808
96.58000 7.037
96.60000 7.077
96.62000 4.384
96.64000 0.169
96.66000 1.177
96.68000 -0.703
96.70000 0.324
96.72000 1.221
96.74000 4.773
96.76000 3.644
96.78000 4.224
96.80000 2.007
96.82000 3.330
96.84000 3.036
96.86000 1.686
96.88000 1.517
96.90000 4.017
96.92000 3.570
96.94000 2.820
96.96000 5.161
96.98000 5.619
97.00000 6.274
97.02000 4.675
97.04000 3.189
97.06000 6.767
97.08000 5.349
97.10000 3.474
97.12000 7.726
97.14000 4.938
97.16000 -1.033
97.18000 0.875
97.20000 3.271
97.22000 1.484
97.24000 3.589
97.26000 4.633
97.28000 3.502
97.30000 2.224
97.32000 2.002
97.34000 1.300
97.36000 3.261
97.38000 5.737
97.40000 10.035
97.42000 10.113
97.44000 0.734
97.46000 -1.879
97.48000 0.577
97.50000 7.092
97.52000 7.176
97.54000 4.499
97.56000 4.019
97.58000 4.617
97.60000 4.299
97.62000 3.355
97.64000 6.828
97.66000 7.319
97.68000 8.695
97.70000 6.644
97.72000 7.711
97.74000 5.899
97.76000 0.607
97.78000 1.469
97.80000 2.304
97.82000 1.104
97.84000 6.703
97.86000 9.282
97.88000 8.705
97.90000 6.604
97.92000 6.772
97.94000 7.288
97.96000 6.928
97.98000 5.509
98.00000 9.408
98.02000 8.572
98.04000 10.946
98.06000 9.943
98.08000 6.896
98.10000 4.501
98.12000 3.468
98.14000 2.856
98.16000 9.818
98.18000 8.717
98.20000 7.489
98.22000 6.114
98.24000 7.355
98.26000 2.727
98.28000 4.028
98.30000 10.176
98.32000 8.455
98.34000 7.447
98.36000 9.858
98.38000 11.155
98.40000 3.875
98.42000 5.777
98.44000 10.258
98.46000 12.576
98.48000 13.074
98.50000 13.619
98.52000 7.600
98.54000 8.260
98.56000 12.601
98.58000 6.384
98.60000 -2.791
98.62000 2.618
98.64000 13.424
98.66000 9.806
98.68000 11.806
98.70000 7.658
98.72000 4.460
98.74000 11.993
98.76000 4.796
98.78000 8.492
98.80000 13.369
98.82000 8.065
98.84000 6.205
98.86000 8.055
98.88000 7.324
98.90000 4.247
98.92000 5.040
98.94000 10.589
98.96000 5.323
98.98000 12.151
99.00000 11.156
99.02000 4.866
99.04000 2.644
99.06000 3.046
99.08000 6.418
99.10000 7.798
99.12000 9.717
99.14000 13.871
99.16000 6.821
99.18000 5.113
99.20000 2.847
99.22000 4.355
99.24000 6.195
99.26000 3.431
99.28000 4.943
99.30000 6.588
99.32000 3.312
99.34000 4.361
99.36000 7.804
99.38000 15.500
99.40000 9.298
99.42000 6.946
99.44000 5.866
99.46000 9.139
99.48000 4.935
99.50000 10.404
99.52000 9.129
99.54000 3.629
99.56000 6.216
99.58000 11.700
99.60000 12.159
99.62000 9.534
99.64000 3.780
99.66000 9.001
99.68000 0.479
99.70000 -2.846
99.72000 9.151
99.74000 4.193
99.76000 4.205
99.78000 10.302
99.80000 14.120
99.82000 10.516
99.84000 -1.892
99.86000 -1.913
99.88000 3.545
99.90000 5.009
99.92000 6.983
99.94000 6.262
99.96000 3.433
99.98000 0.000
