'Id: "0011387" Comment: "Integrate frame 0011387_Au-Ir-Rh_Rh-rich_XRD-Mapping-006-0000.gfrmwith cursor Wedge Cursor #5" Operator: "B?rgel" Anode: "Cu" Wavelength: "1.5406" Scantype: "2Theta (TwoTheta)" TimePerStep: "1" X: "4.5" Y: "-40.5" Z: "5.95" 
10.00000 0.000
10.02000 -4.617
10.04000 -4.566
10.06000 8.752
10.08000 -2.814
10.10000 14.145
10.12000 13.800
10.14000 -1.028
10.16000 21.796
10.18000 31.020
10.20000 28.287
10.22000 22.232
10.24000 17.836
10.26000 15.518
10.28000 26.457
10.30000 34.190
10.32000 27.336
10.34000 12.103
10.36000 -7.922
10.38000 9.671
10.40000 17.496
10.42000 22.056
10.44000 16.566
10.46000 11.852
10.48000 12.140
10.50000 27.305
10.52000 16.633
10.54000 31.170
10.56000 24.664
10.58000 13.222
10.60000 11.432
10.62000 4.362
10.64000 15.992
10.66000 20.415
10.68000 4.158
10.70000 12.215
10.72000 5.045
10.74000 12.354
10.76000 20.568
10.78000 13.906
10.80000 17.288
10.82000 4.019
10.84000 9.075
10.86000 -1.690
10.88000 11.966
10.90000 14.141
10.92000 -4.234
10.94000 13.885
10.96000 17.535
10.98000 6.830
11.00000 20.421
11.02000 5.965
11.04000 0.150
11.06000 17.143
11.08000 45.278
11.10000 35.950
11.12000 19.872
11.14000 -1.421
11.16000 7.400
11.18000 20.439
11.20000 9.849
11.22000 20.002
11.24000 20.148
11.26000 29.185
11.28000 22.995
11.30000 10.863
11.32000 18.754
11.34000 15.615
11.36000 17.458
11.38000 1.971
11.40000 0.132
11.42000 14.723
11.44000 23.676
11.46000 11.295
11.48000 14.337
11.50000 5.594
11.52000 11.715
11.54000 19.972
11.56000 33.523
11.58000 24.221
11.60000 18.063
11.62000 19.352
11.64000 24.540
11.66000 25.005
11.68000 28.307
11.70000 34.858
11.72000 20.986
11.74000 20.475
11.76000 23.747
11.78000 21.327
11.80000 7.648
11.82000 10.483
11.84000 10.346
11.86000 8.576
11.88000 12.035
11.90000 14.557
11.92000 17.196
11.94000 7.293
11.96000 17.511
11.98000 19.774
12.00000 16.613
12.02000 14.012
12.04000 20.709
12.06000 16.191
12.08000 3.719
12.10000 6.413
12.12000 12.428
12.14000 15.932
12.16000 22.135
12.18000 35.352
12.20000 24.453
12.22000 8.516
12.24000 11.816
12.26000 11.223
12.28000 13.988
12.30000 10.307
12.32000 5.370
12.34000 4.649
12.36000 15.115
12.38000 11.785
12.40000 22.905
12.42000 31.049
12.44000 -4.365
12.46000 -4.648
12.48000 9.662
12.50000 20.202
12.52000 7.385
12.54000 0.199
12.56000 8.278
12.58000 14.741
12.60000 20.653
12.62000 20.200
12.64000 13.260
12.66000 9.972
12.68000 20.587
12.70000 25.218
12.72000 12.352
12.74000 12.306
12.76000 5.589
12.78000 12.511
12.80000 25.751
12.82000 21.414
12.84000 21.470
12.86000 8.487
12.88000 5.259
12.90000 10.939
12.92000 24.985
12.94000 16.573
12.96000 11.076
12.98000 8.692
13.00000 16.340
13.02000 18.516
13.04000 18.335
13.06000 23.411
13.08000 16.364
13.10000 8.289
13.12000 9.770
13.14000 15.136
13.16000 20.029
13.18000 22.169
13.20000 13.075
13.22000 2.342
13.24000 1.701
13.26000 8.219
13.28000 15.455
13.30000 16.683
13.32000 7.487
13.34000 6.480
13.36000 2.924
13.38000 8.534
13.40000 13.608
13.42000 20.464
13.44000 7.364
13.46000 -0.962
13.48000 3.652
13.50000 10.986
13.52000 17.117
13.54000 12.035
13.56000 14.451
13.58000 8.553
13.60000 5.571
13.62000 8.256
13.64000 10.057
13.66000 8.279
13.68000 8.942
13.70000 13.567
13.72000 9.617
13.74000 6.854
13.76000 4.457
13.78000 15.733
13.80000 9.540
13.82000 7.655
13.84000 9.661
13.86000 6.336
13.88000 2.687
13.90000 6.093
13.92000 5.225
13.94000 5.822
13.96000 2.079
13.98000 13.307
14.00000 18.762
14.02000 6.668
14.04000 8.545
14.06000 13.911
14.08000 15.415
14.10000 9.726
14.12000 -0.351
14.14000 1.788
14.16000 11.434
14.18000 7.931
14.20000 6.705
14.22000 1.725
14.24000 2.320
14.26000 16.710
14.28000 12.601
14.30000 12.194
14.32000 12.655
14.34000 4.044
14.36000 1.399
14.38000 0.331
14.40000 -2.456
14.42000 15.940
14.44000 23.397
14.46000 23.403
14.48000 11.726
14.50000 10.006
14.52000 12.718
14.54000 9.913
14.56000 2.063
14.58000 1.106
14.60000 8.018
14.62000 15.474
14.64000 3.349
14.66000 -3.448
14.68000 1.629
14.70000 8.203
14.72000 4.494
14.74000 13.838
14.76000 14.809
14.78000 7.599
14.80000 6.377
14.82000 4.333
14.84000 11.139
14.86000 17.709
14.88000 16.376
14.90000 9.398
14.92000 10.364
14.94000 17.595
14.96000 5.828
14.98000 1.148
15.00000 8.604
15.02000 13.884
15.04000 10.928
15.06000 15.314
15.08000 10.865
15.10000 11.767
15.12000 19.384
15.14000 10.356
15.16000 -0.142
15.18000 3.701
15.20000 13.713
15.22000 15.501
15.24000 10.958
15.26000 9.198
15.28000 2.164
15.30000 -1.735
15.32000 1.110
15.34000 -4.686
15.36000 2.220
15.38000 13.659
15.40000 10.361
15.42000 -3.872
15.44000 5.707
15.46000 18.996
15.48000 16.502
15.50000 1.249
15.52000 2.477
15.54000 2.972
15.56000 3.859
15.58000 8.186
15.60000 8.103
15.62000 1.339
15.64000 3.093
15.66000 2.760
15.68000 14.737
15.70000 14.543
15.72000 9.767
15.74000 8.184
15.76000 7.307
15.78000 1.619
15.80000 6.432
15.82000 3.716
15.84000 6.160
15.86000 17.670
15.88000 12.503
15.90000 8.858
15.92000 10.681
15.94000 8.657
15.96000 7.675
15.98000 5.893
16.00000 4.154
16.02000 1.326
16.04000 3.476
16.06000 17.329
16.08000 6.104
16.10000 6.417
16.12000 11.906
16.14000 10.477
16.16000 5.680
16.18000 -2.259
16.20000 -4.670
16.22000 0.804
16.24000 -0.537
16.26000 4.896
16.28000 9.267
16.30000 2.047
16.32000 2.226
16.34000 6.566
16.36000 4.222
16.38000 10.506
16.40000 14.151
16.42000 14.252
16.44000 14.320
16.46000 14.943
16.48000 14.269
16.50000 10.897
16.52000 4.599
16.54000 6.239
16.56000 1.690
16.58000 8.357
16.60000 10.196
16.62000 4.779
16.64000 -0.184
16.66000 12.209
16.68000 9.605
16.70000 12.568
16.72000 12.311
16.74000 9.627
16.76000 4.963
16.78000 9.214
16.80000 9.923
16.82000 9.565
16.84000 6.304
16.86000 6.730
16.88000 5.914
16.90000 1.733
16.92000 4.333
16.94000 3.194
16.96000 5.285
16.98000 3.944
17.00000 2.182
17.02000 4.074
17.04000 10.215
17.06000 3.885
17.08000 8.085
17.10000 10.282
17.12000 7.105
17.14000 11.263
17.16000 10.681
17.18000 10.442
17.20000 12.670
17.22000 11.149
17.24000 3.709
17.26000 2.638
17.28000 -0.240
17.30000 1.328
17.32000 12.783
17.34000 7.949
17.36000 7.299
17.38000 5.781
17.40000 5.460
17.42000 11.214
17.44000 11.215
17.46000 7.360
17.48000 16.325
17.50000 5.516
17.52000 3.073
17.54000 14.322
17.56000 6.343
17.58000 9.791
17.60000 9.385
17.62000 2.115
17.64000 12.270
17.66000 9.465
17.68000 4.019
17.70000 -4.570
17.72000 4.954
17.74000 14.428
17.76000 14.327
17.78000 6.664
17.80000 2.695
17.82000 4.155
17.84000 1.307
17.86000 2.769
17.88000 6.527
17.90000 4.822
17.92000 6.281
17.94000 5.026
17.96000 11.713
17.98000 5.732
18.00000 4.927
18.02000 7.921
18.04000 3.096
18.06000 -0.471
18.08000 9.762
18.10000 7.191
18.12000 -0.955
18.14000 3.587
18.16000 9.003
18.18000 3.858
18.20000 2.462
18.22000 2.201
18.24000 -1.174
18.26000 5.818
18.28000 13.058
18.30000 10.632
18.32000 2.901
18.34000 1.668
18.36000 3.934
18.38000 -0.020
18.40000 5.681
18.42000 7.679
18.44000 7.236
18.46000 6.581
18.48000 0.884
18.50000 3.595
18.52000 3.845
18.54000 6.793
18.56000 17.499
18.58000 12.063
18.60000 6.976
18.62000 4.370
18.64000 0.644
18.66000 -1.289
18.68000 4.394
18.70000 5.192
18.72000 -2.651
18.74000 4.688
18.76000 5.679
18.78000 4.942
18.80000 -0.174
18.82000 6.026
18.84000 6.690
18.86000 1.467
18.88000 7.053
18.90000 9.742
18.92000 6.100
18.94000 9.681
18.96000 1.324
18.98000 -2.309
19.00000 -1.144
19.02000 8.977
19.04000 3.656
19.06000 -1.720
19.08000 4.895
19.10000 3.259
19.12000 8.775
19.14000 18.865
19.16000 9.686
19.18000 9.041
19.20000 12.742
19.22000 1.923
19.24000 2.118
19.26000 1.126
19.28000 3.229
19.30000 2.602
19.32000 10.697
19.34000 16.366
19.36000 11.583
19.38000 5.799
19.40000 1.893
19.42000 2.620
19.44000 -4.412
19.46000 0.629
19.48000 9.357
19.50000 9.134
19.52000 17.884
19.54000 17.166
19.56000 8.823
19.58000 8.271
19.60000 2.502
19.62000 1.234
19.64000 7.086
19.66000 3.595
19.68000 5.445
19.70000 4.695
19.72000 -0.591
19.74000 2.967
19.76000 -0.862
19.78000 2.981
19.80000 4.566
19.82000 8.861
19.84000 9.976
19.86000 9.204
19.88000 4.263
19.90000 4.759
19.92000 2.518
19.94000 4.783
19.96000 10.195
19.98000 8.977
20.00000 7.271
20.02000 6.778
20.04000 2.669
20.06000 3.997
20.08000 11.252
20.10000 11.783
20.12000 9.982
20.14000 4.061
20.16000 2.444
20.18000 -1.495
20.20000 0.476
20.22000 0.849
20.24000 -4.397
20.26000 1.283
20.28000 7.104
20.30000 5.163
20.32000 4.171
20.34000 2.972
20.36000 -1.334
20.38000 8.176
20.40000 2.868
20.42000 1.630
20.44000 2.881
20.46000 0.081
20.48000 1.541
20.50000 4.463
20.52000 9.712
20.54000 6.129
20.56000 0.540
20.58000 -2.290
20.60000 5.153
20.62000 5.548
20.64000 -0.736
20.66000 -3.608
20.68000 -2.892
20.70000 2.166
20.72000 7.618
20.74000 4.445
20.76000 -0.626
20.78000 -0.582
20.80000 3.097
20.82000 3.261
20.84000 10.482
20.86000 6.685
20.88000 9.504
20.90000 6.204
20.92000 3.246
20.94000 -2.123
20.96000 4.104
20.98000 4.361
21.00000 -0.011
21.02000 1.703
21.04000 -3.583
21.06000 -4.346
21.08000 -3.540
21.10000 -0.067
21.12000 0.993
21.14000 2.954
21.16000 1.273
21.18000 5.817
21.20000 6.739
21.22000 9.349
21.24000 4.659
21.26000 8.272
21.28000 1.822
21.30000 -0.309
21.32000 0.438
21.34000 4.029
21.36000 5.186
21.38000 0.040
21.40000 3.171
21.42000 4.264
21.44000 6.306
21.46000 7.620
21.48000 5.762
21.50000 5.816
21.52000 3.855
21.54000 -0.510
21.56000 -1.071
21.58000 0.880
21.60000 3.284
21.62000 5.357
21.64000 4.987
21.66000 -0.543
21.68000 5.065
21.70000 4.515
21.72000 5.958
21.74000 5.938
21.76000 -2.086
21.78000 -4.311
21.80000 -0.826
21.82000 10.603
21.84000 4.015
21.86000 -2.381
21.88000 -2.407
21.90000 0.642
21.92000 3.992
21.94000 -3.154
21.96000 -1.133
21.98000 -2.747
22.00000 -1.604
22.02000 1.747
22.04000 -1.637
22.06000 -3.036
22.08000 -0.044
22.10000 -0.094
22.12000 -2.923
22.14000 0.578
22.16000 2.828
22.18000 -1.849
22.20000 -4.286
22.22000 -1.383
22.24000 4.138
22.26000 7.263
22.28000 2.265
22.30000 1.287
22.32000 0.773
22.34000 -0.383
22.36000 2.372
22.38000 6.653
22.40000 8.223
22.42000 10.800
22.44000 6.771
22.46000 1.803
22.48000 4.363
22.50000 8.136
22.52000 9.640
22.54000 9.710
22.56000 -3.334
22.58000 6.132
22.60000 1.762
22.62000 -0.554
22.64000 1.464
22.66000 2.166
22.68000 2.815
22.70000 4.504
22.72000 6.281
22.74000 7.659
22.76000 5.418
22.78000 -0.834
22.80000 4.303
22.82000 6.727
22.84000 2.347
22.86000 -0.133
22.88000 5.105
22.90000 7.440
22.92000 10.297
22.94000 5.019
22.96000 1.707
22.98000 3.566
23.00000 -2.255
23.02000 -2.090
23.04000 5.190
23.06000 4.998
23.08000 4.902
23.10000 3.741
23.12000 -0.970
23.14000 1.554
23.16000 -0.631
23.18000 -1.329
23.20000 -0.826
23.22000 -0.396
23.24000 -1.290
23.26000 -1.608
23.28000 -4.204
23.30000 1.330
23.32000 -1.091
23.34000 -1.017
23.36000 1.556
23.38000 8.069
23.40000 11.558
23.42000 7.865
23.44000 2.448
23.46000 8.803
23.48000 -0.073
23.50000 -4.198
23.52000 6.877
23.54000 6.354
23.56000 -1.851
23.58000 1.200
23.60000 4.189
23.62000 6.746
23.64000 -0.704
23.66000 1.639
23.68000 2.330
23.70000 -0.270
23.72000 1.934
23.74000 10.159
23.76000 6.616
23.78000 9.293
23.80000 3.671
23.82000 0.318
23.84000 5.491
23.86000 5.440
23.88000 -1.205
23.90000 4.793
23.92000 4.558
23.94000 1.752
23.96000 0.814
23.98000 -2.305
24.00000 0.266
24.02000 6.025
24.04000 0.713
24.06000 4.165
24.08000 1.853
24.10000 5.730
24.12000 0.600
24.14000 3.336
24.16000 5.966
24.18000 5.364
24.20000 4.544
24.22000 7.945
24.24000 2.670
24.26000 -0.451
24.28000 -2.835
24.30000 0.081
24.32000 10.647
24.34000 5.614
24.36000 3.999
24.38000 6.830
24.40000 3.231
24.42000 7.946
24.44000 8.442
24.46000 3.076
24.48000 8.866
24.50000 9.403
24.52000 4.963
24.54000 4.926
24.56000 7.555
24.58000 2.249
24.60000 -4.129
24.62000 3.117
24.64000 6.093
24.66000 -0.590
24.68000 6.320
24.70000 11.876
24.72000 10.701
24.74000 8.694
24.76000 8.867
24.78000 8.210
24.80000 2.710
24.82000 0.274
24.84000 1.750
24.86000 5.810
24.88000 8.664
24.90000 4.768
24.92000 2.433
24.94000 -4.098
24.96000 -0.949
24.98000 10.025
25.00000 12.949
25.02000 7.448
25.04000 5.968
25.06000 -0.078
25.08000 3.783
25.10000 3.430
25.12000 0.589
25.14000 -3.520
25.16000 1.983
25.18000 7.145
25.20000 5.003
25.22000 -2.022
25.24000 -4.063
25.26000 1.714
25.28000 -1.481
25.30000 -0.764
25.32000 1.526
25.34000 6.120
25.36000 4.246
25.38000 4.941
25.40000 8.636
25.42000 4.539
25.44000 -1.087
25.46000 1.753
25.48000 8.853
25.50000 6.940
25.52000 5.226
25.54000 -0.681
25.56000 4.267
25.58000 3.847
25.60000 -4.034
25.62000 3.171
25.64000 2.003
25.66000 -2.409
25.68000 2.125
25.70000 6.168
25.72000 9.814
25.74000 3.654
25.76000 2.524
25.78000 -0.967
25.80000 3.369
25.82000 2.441
25.84000 -0.855
25.86000 3.808
25.88000 2.669
25.90000 4.200
25.92000 6.476
25.94000 4.074
25.96000 0.675
25.98000 4.618
26.00000 0.221
26.02000 2.302
26.04000 -1.491
26.06000 2.793
26.08000 4.139
26.10000 7.532
26.12000 7.760
26.14000 3.660
26.16000 3.603
26.18000 7.631
26.20000 5.162
26.22000 6.417
26.24000 9.032
26.26000 13.361
26.28000 8.262
26.30000 5.208
26.32000 2.378
26.34000 3.610
26.36000 2.989
26.38000 2.350
26.40000 -4.013
26.42000 -1.553
26.44000 3.102
26.46000 0.786
26.48000 0.231
26.50000 1.932
26.52000 0.532
26.54000 7.555
26.56000 8.892
26.58000 5.326
26.60000 2.363
26.62000 5.639
26.64000 8.758
26.66000 11.172
26.68000 1.846
26.70000 4.070
26.72000 5.602
26.74000 4.213
26.76000 2.937
26.78000 -0.778
26.80000 4.588
26.82000 3.136
26.84000 5.502
26.86000 11.022
26.88000 7.496
26.90000 5.265
26.92000 6.338
26.94000 4.160
26.96000 4.086
26.98000 6.864
27.00000 1.878
27.02000 3.155
27.04000 5.966
27.06000 5.302
27.08000 9.073
27.10000 7.229
27.12000 2.018
27.14000 2.153
27.16000 10.744
27.18000 11.231
27.20000 10.455
27.22000 4.175
27.24000 -1.195
27.26000 1.428
27.28000 5.053
27.30000 -1.013
27.32000 -3.978
27.34000 1.229
27.36000 10.349
27.38000 9.234
27.40000 0.035
27.42000 1.723
27.44000 2.873
27.46000 0.945
27.48000 7.729
27.50000 6.287
27.52000 2.403
27.54000 6.871
27.56000 5.743
27.58000 5.483
27.60000 4.248
27.62000 1.576
27.64000 7.030
27.66000 12.116
27.68000 6.960
27.70000 3.972
27.72000 3.768
27.74000 5.497
27.76000 0.341
27.78000 3.366
27.80000 4.422
27.82000 6.265
27.84000 11.923
27.86000 10.484
27.88000 4.308
27.90000 4.215
27.92000 4.554
27.94000 5.822
27.96000 1.316
27.98000 3.816
28.00000 -2.244
28.02000 -2.371
28.04000 -3.225
28.06000 1.408
28.08000 0.443
28.10000 0.074
28.12000 5.426
28.14000 3.696
28.16000 5.786
28.18000 7.414
28.20000 5.971
28.22000 3.575
28.24000 2.043
28.26000 6.038
28.28000 4.968
28.30000 2.997
28.32000 -0.479
28.34000 -2.474
28.36000 0.791
28.38000 5.135
28.40000 1.164
28.42000 -1.497
28.44000 6.047
28.46000 7.648
28.48000 -0.390
28.50000 3.781
28.52000 5.876
28.54000 3.947
28.56000 7.046
28.58000 8.781
28.60000 0.966
28.62000 1.259
28.64000 -3.914
28.66000 -1.211
28.68000 6.112
28.70000 5.386
28.72000 2.441
28.74000 0.712
28.76000 2.238
28.78000 2.525
28.80000 1.862
28.82000 3.796
28.84000 5.313
28.86000 8.440
28.88000 10.216
28.90000 9.717
28.92000 -0.159
28.94000 5.701
28.96000 -1.771
28.98000 -2.486
29.00000 5.269
29.02000 2.214
29.04000 -2.075
29.06000 -2.811
29.08000 2.065
29.10000 4.146
29.12000 3.411
29.14000 5.336
29.16000 6.377
29.18000 5.081
29.20000 3.176
29.22000 4.493
29.24000 -0.168
29.26000 -2.320
29.28000 1.556
29.30000 -2.229
29.32000 -2.286
29.34000 -0.437
29.36000 1.550
29.38000 3.428
29.40000 2.880
29.42000 4.932
29.44000 4.677
29.46000 4.605
29.48000 2.169
29.50000 3.886
29.52000 6.858
29.54000 6.808
29.56000 6.311
29.58000 3.257
29.60000 1.746
29.62000 5.320
29.64000 1.432
29.66000 -2.151
29.68000 -1.452
29.70000 1.777
29.72000 -0.120
29.74000 -1.999
29.76000 0.980
29.78000 2.865
29.80000 2.720
29.82000 1.581
29.84000 7.525
29.86000 0.644
29.88000 -1.093
29.90000 -3.843
29.92000 -0.683
29.94000 -1.272
29.96000 -3.192
29.98000 0.619
30.00000 1.426
30.02000 4.779
30.04000 2.223
30.06000 3.074
30.08000 5.627
30.10000 10.133
30.12000 6.838
30.14000 1.280
30.16000 1.431
30.18000 4.232
30.20000 6.544
30.22000 11.077
30.24000 6.358
30.26000 1.639
30.28000 4.259
30.30000 0.758
30.32000 4.134
30.34000 5.653
30.36000 6.431
30.38000 -1.329
30.40000 -3.825
30.42000 -3.015
30.44000 -0.739
30.46000 6.747
30.48000 5.709
30.50000 5.867
30.52000 3.452
30.54000 2.884
30.56000 1.039
30.58000 2.791
30.60000 8.748
30.62000 4.731
30.64000 2.222
30.66000 -3.679
30.68000 -1.412
30.70000 2.475
30.72000 6.197
30.74000 1.022
30.76000 -0.629
30.78000 4.901
30.80000 -0.659
30.82000 0.598
30.84000 2.103
30.86000 1.799
30.88000 1.316
30.90000 2.632
30.92000 -1.410
30.94000 -2.898
30.96000 -1.036
30.98000 2.313
31.00000 0.604
31.02000 -3.804
31.04000 3.932
31.06000 1.304
31.08000 6.540
31.10000 6.198
31.12000 0.465
31.14000 -3.078
31.16000 -2.947
31.18000 1.611
31.20000 -1.091
31.22000 2.885
31.24000 4.063
31.26000 5.651
31.28000 0.060
31.30000 7.106
31.32000 5.570
31.34000 5.981
31.36000 5.336
31.38000 3.032
31.40000 -1.913
31.42000 -1.724
31.44000 0.574
31.46000 1.883
31.48000 0.949
31.50000 1.177
31.52000 4.812
31.54000 6.020
31.56000 9.309
31.58000 8.937
31.60000 1.047
31.62000 0.552
31.64000 0.868
31.66000 0.801
31.68000 0.819
31.70000 0.913
31.72000 2.887
31.74000 2.046
31.76000 4.815
31.78000 7.263
31.80000 2.384
31.82000 2.837
31.84000 3.239
31.86000 1.145
31.88000 -2.433
31.90000 -3.771
31.92000 -2.134
31.94000 1.948
31.96000 2.496
31.98000 2.651
32.00000 2.386
32.02000 2.075
32.04000 -2.600
32.06000 -1.907
32.08000 -0.043
32.10000 1.657
32.12000 -1.046
32.14000 -3.409
32.16000 -0.846
32.18000 -0.101
32.20000 0.686
32.22000 4.142
32.24000 1.387
32.26000 1.456
32.28000 9.646
32.30000 3.401
32.32000 2.335
32.34000 -0.014
32.36000 2.190
32.38000 4.067
32.40000 6.463
32.42000 10.674
32.44000 4.006
32.46000 4.697
32.48000 7.256
32.50000 6.863
32.52000 0.044
32.54000 -3.487
32.56000 2.045
32.58000 6.420
32.60000 1.135
32.62000 2.958
32.64000 4.106
32.66000 0.936
32.68000 5.632
32.70000 3.264
32.72000 0.217
32.74000 3.647
32.76000 0.052
32.78000 1.165
32.80000 -1.079
32.82000 -0.189
32.84000 3.839
32.86000 -3.728
32.88000 -1.679
32.90000 -0.302
32.92000 -2.290
32.94000 -2.622
32.96000 1.301
32.98000 8.930
33.00000 4.759
33.02000 -2.930
33.04000 -3.716
33.06000 -2.784
33.08000 1.217
33.10000 4.799
33.12000 1.504
33.14000 4.357
33.16000 6.680
33.18000 3.349
33.20000 4.088
33.22000 3.099
33.24000 1.387
33.26000 1.796
33.28000 0.146
33.30000 -0.897
33.32000 -3.077
33.34000 -0.495
33.36000 -2.085
33.38000 3.992
33.40000 2.203
33.42000 -0.131
33.44000 -1.810
33.46000 0.832
33.48000 1.826
33.50000 4.965
33.52000 1.553
33.54000 3.633
33.56000 6.846
33.58000 4.481
33.60000 6.734
33.62000 9.678
33.64000 4.681
33.66000 4.055
33.68000 -2.001
33.70000 1.729
33.72000 1.735
33.74000 -0.250
33.76000 -0.451
33.78000 -2.189
33.80000 -3.245
33.82000 2.086
33.84000 7.241
33.86000 10.332
33.88000 9.208
33.90000 5.499
33.92000 1.366
33.94000 7.344
33.96000 8.000
33.98000 8.190
34.00000 6.565
34.02000 0.554
34.04000 3.135
34.06000 3.979
34.08000 2.897
34.10000 1.460
34.12000 2.482
34.14000 4.943
34.16000 3.218
34.18000 7.120
34.20000 5.546
34.22000 -0.422
34.24000 1.082
34.26000 -2.319
34.28000 -0.900
34.30000 5.509
34.32000 7.728
34.34000 5.437
34.36000 8.933
34.38000 8.560
34.40000 1.542
34.42000 2.301
34.44000 8.732
34.46000 4.562
34.48000 6.722
34.50000 6.433
34.52000 4.970
34.54000 3.832
34.56000 6.077
34.58000 -0.452
34.60000 1.281
34.62000 4.120
34.64000 -0.110
34.66000 -3.649
34.68000 0.156
34.70000 -1.068
34.72000 1.736
34.74000 -0.640
34.76000 4.267
34.78000 5.743
34.80000 1.058
34.82000 0.658
34.84000 4.004
34.86000 -1.158
34.88000 -0.947
34.90000 5.639
34.92000 6.998
34.94000 0.241
34.96000 -0.386
34.98000 2.656
35.00000 5.368
35.02000 1.249
35.04000 3.270
35.06000 6.352
35.08000 4.616
35.10000 0.333
35.12000 3.925
35.14000 0.254
35.16000 4.644
35.18000 4.873
35.20000 0.098
35.22000 -2.846
35.24000 -2.110
35.26000 0.977
35.28000 2.556
35.30000 -0.792
35.32000 -1.852
35.34000 4.617
35.36000 5.302
35.38000 -2.430
35.40000 -2.603
35.42000 -0.138
35.44000 4.478
35.46000 2.643
35.48000 0.494
35.50000 1.792
35.52000 3.480
35.54000 -0.321
35.56000 0.172
35.58000 -0.021
35.60000 4.236
35.62000 2.233
35.64000 -3.291
35.66000 -2.904
35.68000 1.635
35.70000 2.996
35.72000 0.947
35.74000 -1.205
35.76000 -1.379
35.78000 4.110
35.80000 -0.220
35.82000 -0.805
35.84000 0.020
35.86000 0.690
35.88000 1.702
35.90000 5.683
35.92000 2.715
35.94000 1.133
35.96000 -3.622
35.98000 1.408
36.00000 3.888
36.02000 -0.742
36.04000 0.289
36.06000 2.513
36.08000 4.242
36.10000 3.651
36.12000 2.778
36.14000 2.948
36.16000 1.225
36.18000 -1.602
36.20000 1.655
36.22000 0.283
36.24000 -2.056
36.26000 0.254
36.28000 4.203
36.30000 3.228
36.32000 4.283
36.34000 0.823
36.36000 -3.485
36.38000 -0.223
36.40000 9.153
36.42000 5.314
36.44000 1.301
36.46000 -0.331
36.48000 1.956
36.50000 -1.379
36.52000 1.097
36.54000 2.816
36.56000 2.887
36.58000 2.406
36.60000 -0.367
36.62000 3.044
36.64000 2.926
36.66000 2.887
36.68000 0.110
36.70000 4.421
36.72000 2.166
36.74000 3.308
36.76000 1.883
36.78000 2.086
36.80000 3.003
36.82000 0.779
36.84000 2.650
36.86000 0.728
36.88000 -2.524
36.90000 1.641
36.92000 -0.636
36.94000 4.929
36.96000 3.789
36.98000 -3.635
37.00000 3.085
37.02000 4.459
37.04000 -0.229
37.06000 0.985
37.08000 0.143
37.10000 -2.389
37.12000 -0.815
37.14000 1.831
37.16000 1.217
37.18000 -1.051
37.20000 -3.641
37.22000 1.667
37.24000 2.487
37.26000 -1.020
37.28000 -2.132
37.30000 -2.939
37.32000 3.596
37.34000 5.748
37.36000 3.721
37.38000 1.161
37.40000 -1.598
37.42000 -1.233
37.44000 -0.537
37.46000 3.031
37.48000 0.065
37.50000 -2.442
37.52000 -1.555
37.54000 -2.887
37.56000 1.086
37.58000 7.344
37.60000 6.621
37.62000 3.467
37.64000 1.319
37.66000 -3.650
37.68000 -0.875
37.70000 2.022
37.72000 1.162
37.74000 2.082
37.76000 4.297
37.78000 6.063
37.80000 5.640
37.82000 -0.467
37.84000 4.454
37.86000 4.829
37.88000 -0.063
37.90000 4.080
37.92000 6.429
37.94000 4.169
37.96000 8.697
37.98000 5.545
38.00000 4.063
38.02000 4.272
38.04000 9.760
38.06000 10.914
38.08000 9.244
38.10000 8.755
38.12000 5.263
38.14000 8.944
38.16000 6.509
38.18000 6.224
38.20000 2.879
38.22000 9.310
38.24000 14.255
38.26000 15.952
38.28000 11.682
38.30000 9.081
38.32000 11.673
38.34000 15.085
38.36000 12.093
38.38000 9.598
38.40000 11.886
38.42000 15.061
38.44000 12.984
38.46000 12.632
38.48000 12.597
38.50000 14.562
38.52000 11.859
38.54000 9.963
38.56000 12.870
38.58000 18.147
38.60000 20.530
38.62000 20.524
38.64000 19.074
38.66000 24.586
38.68000 22.817
38.70000 17.331
38.72000 18.459
38.74000 18.057
38.76000 17.395
38.78000 16.333
38.80000 21.963
38.82000 21.138
38.84000 23.626
38.86000 19.800
38.88000 23.884
38.90000 27.149
38.92000 23.521
38.94000 23.094
38.96000 23.600
38.98000 31.201
39.00000 37.519
39.02000 32.232
39.04000 31.082
39.06000 30.059
39.08000 32.458
39.10000 33.749
39.12000 35.420
39.14000 35.454
39.16000 34.836
39.18000 35.973
39.20000 35.453
39.22000 40.545
39.24000 43.440
39.26000 49.738
39.28000 54.473
39.30000 48.796
39.32000 48.209
39.34000 55.560
39.36000 58.111
39.38000 54.780
39.40000 58.190
39.42000 60.503
39.44000 62.913
39.46000 64.380
39.48000 69.795
39.50000 80.556
39.52000 82.850
39.54000 79.173
39.56000 83.681
39.58000 86.027
39.60000 94.303
39.62000 104.128
39.64000 109.682
39.66000 116.152
39.68000 122.676
39.70000 132.811
39.72000 144.278
39.74000 152.639
39.76000 163.715
39.78000 175.389
39.80000 180.195
39.82000 190.596
39.84000 208.048
39.86000 224.579
39.88000 240.856
39.90000 269.238
39.92000 285.862
39.94000 296.273
39.96000 316.011
39.98000 344.186
40.00000 368.852
40.02000 396.475
40.04000 428.391
40.06000 470.017
40.08000 497.017
40.10000 529.547
40.12000 568.815
40.14000 603.068
40.16000 649.126
40.18000 700.649
40.20000 747.332
40.22000 796.572
40.24000 852.683
40.26000 904.109
40.28000 947.101
40.30000 989.775
40.32000 1041.258
40.34000 1087.528
40.36000 1126.074
40.38000 1152.674
40.40000 1199.017
40.42000 1234.525
40.44000 1253.889
40.46000 1265.230
40.48000 1285.560
40.50000 1272.506
40.52000 1272.261
40.54000 1266.049
40.56000 1253.545
40.58000 1228.497
40.60000 1218.564
40.62000 1182.081
40.64000 1165.002
40.66000 1129.944
40.68000 1086.016
40.70000 1054.640
40.72000 1025.042
40.74000 985.360
40.76000 944.462
40.78000 905.501
40.80000 877.233
40.82000 841.129
40.84000 801.560
40.86000 764.168
40.88000 723.289
40.90000 684.051
40.92000 664.709
40.94000 630.941
40.96000 594.032
40.98000 561.855
41.00000 542.734
41.02000 524.330
41.04000 488.035
41.06000 457.904
41.08000 436.617
41.10000 404.274
41.12000 388.476
41.14000 374.989
41.16000 351.071
41.18000 315.040
41.20000 308.065
41.22000 297.909
41.24000 282.143
41.26000 263.866
41.28000 248.401
41.30000 234.569
41.32000 225.132
41.34000 216.228
41.36000 204.889
41.38000 191.486
41.40000 188.573
41.42000 183.964
41.44000 169.885
41.46000 159.539
41.48000 158.105
41.50000 148.875
41.52000 138.398
41.54000 126.094
41.56000 120.723
41.58000 112.747
41.60000 110.917
41.62000 108.721
41.64000 104.411
41.66000 99.753
41.68000 97.068
41.70000 95.733
41.72000 90.895
41.74000 89.267
41.76000 82.829
41.78000 78.591
41.80000 73.559
41.82000 67.890
41.84000 64.076
41.86000 70.594
41.88000 62.660
41.90000 58.321
41.92000 56.339
41.94000 55.069
41.96000 52.153
41.98000 51.623
42.00000 45.962
42.02000 45.552
42.04000 41.077
42.06000 44.564
42.08000 48.436
42.10000 45.751
42.12000 41.182
42.14000 34.997
42.16000 37.939
42.18000 35.234
42.20000 35.099
42.22000 28.562
42.24000 30.541
42.26000 32.218
42.28000 31.586
42.30000 30.602
42.32000 27.044
42.34000 28.170
42.36000 24.374
42.38000 24.237
42.40000 21.881
42.42000 23.680
42.44000 19.635
42.46000 19.591
42.48000 15.123
42.50000 18.672
42.52000 16.278
42.54000 15.619
42.56000 17.504
42.58000 14.084
42.60000 12.165
42.62000 11.415
42.64000 15.191
42.66000 12.824
42.68000 13.372
42.70000 14.860
42.72000 7.495
42.74000 6.302
42.76000 7.086
42.78000 10.120
42.80000 7.185
42.82000 3.461
42.84000 6.097
42.86000 7.414
42.88000 7.248
42.90000 8.262
42.92000 6.494
42.94000 2.234
42.96000 4.478
42.98000 2.797
43.00000 3.829
43.02000 6.048
43.04000 5.807
43.06000 5.556
43.08000 2.843
43.10000 3.482
43.12000 5.551
43.14000 5.695
43.16000 3.813
43.18000 2.514
43.20000 3.804
43.22000 3.318
43.24000 2.664
43.26000 -0.314
43.28000 -0.299
43.30000 1.656
43.32000 -0.109
43.34000 1.109
43.36000 -0.652
43.38000 -2.496
43.40000 -3.136
43.42000 -3.509
43.44000 0.803
43.46000 0.484
43.48000 2.457
43.50000 1.065
43.52000 0.393
43.54000 -1.402
43.56000 -0.163
43.58000 0.717
43.60000 0.482
43.62000 -2.779
43.64000 -2.472
43.66000 -2.044
43.68000 1.950
43.70000 2.038
43.72000 4.033
43.74000 0.935
43.76000 0.028
43.78000 0.560
43.80000 -1.224
43.82000 -0.123
43.84000 -0.250
43.86000 -2.872
43.88000 -3.423
43.90000 -0.488
43.92000 0.435
43.94000 -0.618
43.96000 3.640
43.98000 0.003
44.00000 1.999
44.02000 2.376
44.04000 0.807
44.06000 -3.216
44.08000 -3.311
44.10000 -3.356
44.12000 0.132
44.14000 0.402
44.16000 -0.619
44.18000 -3.263
44.20000 -2.946
44.22000 -2.995
44.24000 -0.855
44.26000 -0.743
44.28000 0.843
44.30000 1.315
44.32000 -0.943
44.34000 -1.526
44.36000 -1.774
44.38000 0.494
44.40000 -2.325
44.42000 1.333
44.44000 1.504
44.46000 -0.644
44.48000 0.818
44.50000 -0.267
44.52000 -0.005
44.54000 2.606
44.56000 4.285
44.58000 1.248
44.60000 -3.276
44.62000 -2.163
44.64000 -0.794
44.66000 0.433
44.68000 1.899
44.70000 -2.245
44.72000 -3.261
44.74000 3.386
44.76000 3.620
44.78000 0.448
44.80000 2.792
44.82000 2.024
44.84000 1.191
44.86000 1.657
44.88000 0.815
44.90000 2.414
44.92000 3.571
44.94000 6.178
44.96000 3.260
44.98000 2.975
45.00000 2.444
45.02000 0.951
45.04000 3.895
45.06000 2.087
45.08000 3.205
45.10000 2.944
45.12000 1.845
45.14000 -1.741
45.16000 0.632
45.18000 1.833
45.20000 -1.193
45.22000 0.397
45.24000 0.311
45.26000 0.232
45.28000 -1.011
45.30000 1.891
45.32000 2.367
45.34000 -0.251
45.36000 1.945
45.38000 3.578
45.40000 0.735
45.42000 -2.103
45.44000 -2.512
45.46000 2.322
45.48000 3.521
45.50000 1.530
45.52000 4.122
45.54000 4.980
45.56000 5.118
45.58000 3.170
45.60000 5.777
45.62000 4.515
45.64000 0.924
45.66000 3.258
45.68000 3.623
45.70000 2.000
45.72000 3.958
45.74000 6.487
45.76000 2.686
45.78000 4.679
45.80000 7.136
45.82000 7.317
45.84000 5.749
45.86000 7.051
45.88000 12.214
45.90000 10.388
45.92000 5.691
45.94000 10.029
45.96000 13.073
45.98000 12.675
46.00000 14.277
46.02000 13.761
46.04000 15.607
46.06000 13.941
46.08000 15.748
46.10000 17.082
46.12000 14.985
46.14000 15.837
46.16000 13.521
46.18000 15.687
46.20000 15.161
46.22000 17.932
46.24000 21.195
46.26000 23.449
46.28000 23.429
46.30000 21.035
46.32000 23.282
46.34000 24.255
46.36000 27.566
46.38000 31.911
46.40000 28.650
46.42000 30.580
46.44000 32.230
46.46000 34.400
46.48000 33.386
46.50000 33.976
46.52000 41.962
46.54000 40.223
46.56000 41.735
46.58000 46.987
46.60000 48.044
46.62000 49.245
46.64000 51.222
46.66000 53.100
46.68000 60.625
46.70000 58.817
46.72000 58.572
46.74000 64.615
46.76000 69.857
46.78000 71.445
46.80000 72.099
46.82000 76.922
46.84000 71.680
46.86000 76.660
46.88000 82.846
46.90000 85.528
46.92000 91.220
46.94000 96.503
46.96000 96.015
46.98000 99.131
47.00000 103.920
47.02000 102.385
47.04000 103.692
47.06000 107.023
47.08000 106.686
47.10000 107.587
47.12000 109.644
47.14000 112.082
47.16000 111.311
47.18000 110.771
47.20000 113.609
47.22000 119.847
47.24000 111.046
47.26000 109.993
47.28000 108.808
47.30000 101.729
47.32000 101.367
47.34000 105.642
47.36000 107.811
47.38000 101.624
47.40000 97.530
47.42000 94.480
47.44000 92.396
47.46000 87.038
47.48000 82.158
47.50000 78.992
47.52000 80.833
47.54000 81.712
47.56000 80.467
47.58000 73.696
47.60000 69.761
47.62000 65.996
47.64000 62.349
47.66000 58.676
47.68000 55.894
47.70000 51.585
47.72000 48.746
47.74000 45.313
47.76000 44.419
47.78000 45.081
47.80000 37.467
47.82000 35.481
47.84000 30.604
47.86000 34.299
47.88000 34.811
47.90000 25.804
47.92000 24.321
47.94000 25.158
47.96000 27.945
47.98000 27.181
48.00000 25.571
48.02000 21.891
48.04000 19.066
48.06000 15.508
48.08000 13.731
48.10000 13.273
48.12000 8.365
48.14000 11.533
48.16000 12.553
48.18000 14.350
48.20000 13.566
48.22000 15.391
48.24000 11.532
48.26000 7.801
48.28000 8.594
48.30000 3.963
48.32000 0.943
48.34000 3.024
48.36000 2.759
48.38000 5.207
48.40000 4.123
48.42000 6.329
48.44000 6.262
48.46000 5.580
48.48000 5.675
48.50000 0.702
48.52000 -1.424
48.54000 -0.965
48.56000 -1.627
48.58000 -1.957
48.60000 0.210
48.62000 2.234
48.64000 -0.915
48.66000 0.038
48.68000 -1.532
48.70000 -0.829
48.72000 -1.481
48.74000 -1.904
48.76000 -0.022
48.78000 -0.548
48.80000 -2.181
48.82000 -1.624
48.84000 1.851
48.86000 1.737
48.88000 5.194
48.90000 4.421
48.92000 0.114
48.94000 -0.007
48.96000 -1.587
48.98000 -2.700
49.00000 0.716
49.02000 1.976
49.04000 5.799
49.06000 1.281
49.08000 3.468
49.10000 2.594
49.12000 -2.455
49.14000 0.020
49.16000 5.281
49.18000 4.319
49.20000 1.704
49.22000 0.703
49.24000 0.374
49.26000 -1.941
49.28000 -1.670
49.30000 1.075
49.32000 1.302
49.34000 1.498
49.36000 1.138
49.38000 1.293
49.40000 3.842
49.42000 6.875
49.44000 2.818
49.46000 0.466
49.48000 5.074
49.50000 3.999
49.52000 0.927
49.54000 1.115
49.56000 1.142
49.58000 0.952
49.60000 0.134
49.62000 -0.106
49.64000 1.398
49.66000 2.586
49.68000 5.415
49.70000 7.242
49.72000 4.812
49.74000 3.722
49.76000 1.561
49.78000 -2.506
49.80000 2.118
49.82000 5.404
49.84000 6.162
49.86000 5.854
49.88000 5.097
49.90000 3.725
49.92000 4.427
49.94000 3.750
49.96000 5.956
49.98000 5.978
50.00000 4.647
50.02000 3.494
50.04000 1.909
50.06000 1.028
50.08000 1.833
50.10000 2.271
50.12000 1.067
50.14000 2.817
50.16000 5.604
50.18000 6.395
50.20000 2.241
50.22000 1.176
50.24000 -0.489
50.26000 0.653
50.28000 5.980
50.30000 3.089
50.32000 2.493
50.34000 5.373
50.36000 3.540
50.38000 4.342
50.40000 3.795
50.42000 3.517
50.44000 3.795
50.46000 2.212
50.48000 2.703
50.50000 1.005
50.52000 0.226
50.54000 0.997
50.56000 0.926
50.58000 -0.151
50.60000 -0.405
50.62000 1.250
50.64000 -0.209
50.66000 3.682
50.68000 -0.508
50.70000 -2.471
50.72000 1.139
50.74000 3.913
50.76000 3.412
50.78000 0.740
50.80000 1.853
50.82000 2.677
50.84000 0.621
50.86000 1.023
50.88000 -0.135
50.90000 3.506
50.92000 3.398
50.94000 5.462
50.96000 3.654
50.98000 2.658
51.00000 1.617
51.02000 2.870
51.04000 1.111
51.06000 0.881
51.08000 -0.361
51.10000 2.062
51.12000 2.553
51.14000 2.268
51.16000 8.210
51.18000 8.617
51.20000 -0.394
51.22000 -2.438
51.24000 3.078
51.26000 2.944
51.28000 4.047
51.30000 0.942
51.32000 1.936
51.34000 1.678
51.36000 3.281
51.38000 1.602
51.40000 0.368
51.42000 0.802
51.44000 2.634
51.46000 2.561
51.48000 -1.051
51.50000 -1.568
51.52000 0.524
51.54000 -2.404
51.56000 -2.443
51.58000 1.221
51.60000 1.781
51.62000 2.136
51.64000 3.316
51.66000 3.671
51.68000 5.137
51.70000 0.807
51.72000 -1.839
51.74000 -0.747
51.76000 0.019
51.78000 0.135
51.80000 1.049
51.82000 -0.939
51.84000 2.581
51.86000 3.217
51.88000 1.568
51.90000 3.300
51.92000 1.892
51.94000 3.289
51.96000 2.798
51.98000 5.889
52.00000 2.867
52.02000 2.272
52.04000 1.414
52.06000 0.798
52.08000 1.488
52.10000 -0.233
52.12000 -2.433
52.14000 -2.322
52.16000 3.970
52.18000 5.630
52.20000 5.143
52.22000 2.620
52.24000 -1.736
52.26000 -2.432
52.28000 -1.231
52.30000 1.972
52.32000 1.995
52.34000 3.078
52.36000 4.272
52.38000 1.585
52.40000 -0.114
52.42000 -0.939
52.44000 -1.720
52.46000 -1.834
52.48000 -0.170
52.50000 3.582
52.52000 -0.531
52.54000 1.517
52.56000 -0.018
52.58000 1.269
52.60000 -0.783
52.62000 1.710
52.64000 1.409
52.66000 -0.445
52.68000 -0.293
52.70000 3.096
52.72000 3.722
52.74000 1.733
52.76000 0.678
52.78000 0.194
52.80000 0.958
52.82000 2.257
52.84000 0.699
52.86000 -2.417
52.88000 0.138
52.90000 1.069
52.92000 2.221
52.94000 0.757
52.96000 1.285
52.98000 3.480
53.00000 2.851
53.02000 5.990
53.04000 4.139
53.06000 0.819
53.08000 2.832
53.10000 3.845
53.12000 3.794
53.14000 3.694
53.16000 3.186
53.18000 0.753
53.20000 1.213
53.22000 6.206
53.24000 1.977
53.26000 1.342
53.28000 -2.393
53.30000 -1.762
53.32000 -1.729
53.34000 0.906
53.36000 3.279
53.38000 2.878
53.40000 2.573
53.42000 2.628
53.44000 3.453
53.46000 1.936
53.48000 0.813
53.50000 0.427
53.52000 -2.383
53.54000 -0.472
53.56000 1.172
53.58000 4.008
53.60000 2.016
53.62000 -0.379
53.64000 -0.572
53.66000 3.067
53.68000 4.369
53.70000 1.744
53.72000 3.358
53.74000 2.409
53.76000 1.869
53.78000 -2.199
53.80000 1.425
53.82000 4.218
53.84000 -0.179
53.86000 3.146
53.88000 4.853
53.90000 3.493
53.92000 -0.725
53.94000 -2.188
53.96000 -0.914
53.98000 1.095
54.00000 1.458
54.02000 3.222
54.04000 4.672
54.06000 5.516
54.08000 3.813
54.10000 3.158
54.12000 0.794
54.14000 -0.113
54.16000 2.743
54.18000 4.236
54.20000 4.172
54.22000 2.557
54.24000 2.623
54.26000 1.131
54.28000 -0.080
54.30000 3.788
54.32000 5.357
54.34000 6.517
54.36000 4.194
54.38000 1.568
54.40000 -2.317
54.42000 -0.845
54.44000 3.123
54.46000 1.075
54.48000 1.818
54.50000 1.287
54.52000 2.985
54.54000 3.623
54.56000 3.701
54.58000 7.347
54.60000 7.545
54.62000 3.351
54.64000 2.873
54.66000 1.988
54.68000 3.408
54.70000 3.160
54.72000 1.829
54.74000 -1.612
54.76000 2.258
54.78000 1.317
54.80000 5.348
54.82000 3.423
54.84000 6.627
54.86000 4.333
54.88000 1.008
54.90000 0.079
54.92000 1.289
54.94000 3.830
54.96000 3.681
54.98000 3.142
55.00000 0.735
55.02000 2.866
55.04000 2.837
55.06000 5.500
55.08000 3.092
55.10000 0.062
55.12000 1.781
55.14000 -1.503
55.16000 -0.399
55.18000 2.065
55.20000 3.233
55.22000 2.688
55.24000 1.373
55.26000 2.037
55.28000 0.324
55.30000 2.516
55.32000 3.892
55.34000 5.016
55.36000 0.507
55.38000 -1.099
55.40000 -0.955
55.42000 0.297
55.44000 1.373
55.46000 0.555
55.48000 -2.344
55.50000 -1.564
55.52000 -0.083
55.54000 0.129
55.56000 2.962
55.58000 0.650
55.60000 -0.346
55.62000 2.304
55.64000 5.799
55.66000 2.879
55.68000 2.315
55.70000 1.129
55.72000 1.175
55.74000 2.754
55.76000 3.428
55.78000 2.021
55.80000 0.928
55.82000 0.070
55.84000 1.371
55.86000 4.894
55.88000 0.057
55.90000 -0.110
55.92000 4.459
55.94000 4.828
55.96000 2.840
55.98000 1.471
56.00000 -0.698
56.02000 0.143
56.04000 2.755
56.06000 2.461
56.08000 1.407
56.10000 1.858
56.12000 2.121
56.14000 -0.494
56.16000 2.075
56.18000 3.482
56.20000 3.226
56.22000 3.125
56.24000 0.749
56.26000 2.048
56.28000 3.023
56.30000 0.489
56.32000 -0.412
56.34000 -0.319
56.36000 0.554
56.38000 -0.952
56.40000 -2.303
56.42000 0.807
56.44000 1.336
56.46000 1.220
56.48000 -0.492
56.50000 -0.500
56.52000 1.031
56.54000 0.386
56.56000 2.239
56.58000 0.680
56.60000 0.444
56.62000 3.130
56.64000 3.375
56.66000 -0.525
56.68000 -0.359
56.70000 1.211
56.72000 0.906
56.74000 1.605
56.76000 2.158
56.78000 1.498
56.80000 -0.736
56.82000 0.665
56.84000 1.680
56.86000 2.188
56.88000 3.129
56.90000 1.942
56.92000 -1.906
56.94000 -2.075
56.96000 -1.758
56.98000 2.222
57.00000 -0.442
57.02000 1.833
57.04000 -0.107
57.06000 -1.082
57.08000 0.588
57.10000 1.863
57.12000 1.733
57.14000 2.485
57.16000 1.004
57.18000 1.278
57.20000 2.532
57.22000 -1.814
57.24000 -2.300
57.26000 -1.791
57.28000 2.203
57.30000 0.884
57.32000 1.022
57.34000 -0.257
57.36000 1.083
57.38000 2.329
57.40000 3.923
57.42000 0.865
57.44000 1.028
57.46000 -0.701
57.48000 -1.547
57.50000 0.374
57.52000 0.961
57.54000 0.268
57.56000 1.613
57.58000 0.475
57.60000 0.967
57.62000 -1.385
57.64000 2.120
57.66000 2.369
57.68000 0.563
57.70000 1.465
57.72000 1.733
57.74000 3.446
57.76000 1.026
57.78000 1.457
57.80000 0.692
57.82000 -2.272
57.84000 -0.076
57.86000 -0.032
57.88000 -0.609
57.90000 1.283
57.92000 0.189
57.94000 1.205
57.96000 -0.347
57.98000 -2.204
58.00000 1.040
58.02000 -0.752
58.04000 1.846
58.06000 1.440
58.08000 -0.156
58.10000 0.302
58.12000 2.271
58.14000 2.487
58.16000 1.557
58.18000 -0.677
58.20000 -2.247
58.22000 -1.446
58.24000 -0.143
58.26000 -0.364
58.28000 1.115
58.30000 1.166
58.32000 1.106
58.34000 1.948
58.36000 0.588
58.38000 -0.600
58.40000 1.549
58.42000 -1.236
58.44000 -1.656
58.46000 -0.751
58.48000 -1.924
58.50000 0.991
58.52000 -0.688
58.54000 -1.440
58.56000 -1.555
58.58000 1.185
58.60000 2.128
58.62000 4.530
58.64000 2.307
58.66000 0.363
58.68000 -0.023
58.70000 0.016
58.72000 -1.317
58.74000 0.608
58.76000 1.793
58.78000 0.342
58.80000 2.778
58.82000 3.544
58.84000 3.578
58.86000 0.855
58.88000 1.497
58.90000 2.333
58.92000 2.624
58.94000 -0.785
58.96000 -1.544
58.98000 -2.239
59.00000 0.274
59.02000 -1.245
59.04000 0.801
59.06000 0.862
59.08000 0.578
59.10000 2.190
59.12000 0.088
59.14000 -0.012
59.16000 2.668
59.18000 1.118
59.20000 2.960
59.22000 1.782
59.24000 1.369
59.26000 -1.403
59.28000 0.090
59.30000 2.471
59.32000 2.575
59.34000 -0.219
59.36000 -2.217
59.38000 0.198
59.40000 -0.791
59.42000 0.288
59.44000 -0.332
59.46000 -1.321
59.48000 0.520
59.50000 1.873
59.52000 2.018
59.54000 1.630
59.56000 1.442
59.58000 0.301
59.60000 1.445
59.62000 1.185
59.64000 0.936
59.66000 -1.537
59.68000 -1.534
59.70000 1.053
59.72000 3.500
59.74000 3.037
59.76000 5.577
59.78000 7.438
59.80000 3.712
59.82000 -2.200
59.84000 -1.558
59.86000 3.382
59.88000 2.250
59.90000 0.946
59.92000 2.436
59.94000 -1.905
59.96000 -1.260
59.98000 0.951
60.00000 2.552
60.02000 1.917
60.04000 -1.014
60.06000 2.319
60.08000 1.987
60.10000 0.248
60.12000 3.378
60.14000 3.441
60.16000 2.851
60.18000 2.861
60.20000 -2.187
60.22000 -2.186
60.24000 1.593
60.26000 5.305
60.28000 5.987
60.30000 3.513
60.32000 4.121
60.34000 3.962
60.36000 1.590
60.38000 2.512
60.40000 0.971
60.42000 0.434
60.44000 0.486
60.46000 0.311
60.48000 2.664
60.50000 1.494
60.52000 1.507
60.54000 -0.725
60.56000 0.887
60.58000 2.197
60.60000 2.820
60.62000 0.760
60.64000 1.386
60.66000 1.460
60.68000 3.404
60.70000 -0.804
60.72000 -0.996
60.74000 -2.170
60.76000 -0.625
60.78000 1.489
60.80000 3.032
60.82000 0.309
60.84000 -2.170
60.86000 0.118
60.88000 5.679
60.90000 5.334
60.92000 2.711
60.94000 0.957
60.96000 0.253
60.98000 2.159
61.00000 1.371
61.02000 1.069
61.04000 -0.732
61.06000 0.500
61.08000 2.444
61.10000 1.894
61.12000 0.609
61.14000 0.270
61.16000 2.240
61.18000 3.236
61.20000 3.011
61.22000 1.710
61.24000 2.150
61.26000 -0.164
61.28000 -0.381
61.30000 1.034
61.32000 1.920
61.34000 2.205
61.36000 0.857
61.38000 -0.880
61.40000 0.130
61.42000 -2.168
61.44000 -1.548
61.46000 -0.717
61.48000 2.130
61.50000 2.983
61.52000 -0.129
61.54000 0.087
61.56000 2.723
61.58000 3.555
61.60000 0.417
61.62000 2.335
61.64000 3.259
61.66000 -1.603
61.68000 -2.059
61.70000 1.979
61.72000 1.880
61.74000 -1.539
61.76000 -1.404
61.78000 -0.098
61.80000 0.126
61.82000 -2.157
61.84000 1.604
61.86000 -0.028
61.88000 -0.134
61.90000 2.310
61.92000 1.850
61.94000 1.719
61.96000 0.547
61.98000 1.752
62.00000 1.281
62.02000 0.813
62.04000 0.519
62.06000 0.002
62.08000 0.433
62.10000 2.017
62.12000 -0.877
62.14000 -0.116
62.16000 0.561
62.18000 -1.975
62.20000 0.000
62.22000 2.269
62.24000 3.470
62.26000 1.680
62.28000 -0.195
62.30000 -0.554
62.32000 -2.095
62.34000 1.533
62.36000 1.224
62.38000 -2.134
62.40000 -2.074
62.42000 -0.988
62.44000 0.944
62.46000 1.193
62.48000 1.722
62.50000 1.422
62.52000 -0.929
62.54000 1.130
62.56000 3.667
62.58000 1.809
62.60000 2.235
62.62000 -1.544
62.64000 -0.278
62.66000 0.685
62.68000 -2.127
62.70000 -0.807
62.72000 -1.631
62.74000 1.192
62.76000 2.674
62.78000 0.645
62.80000 -1.569
62.82000 0.439
62.84000 0.185
62.86000 -1.356
62.88000 1.196
62.90000 1.016
62.92000 0.078
62.94000 -0.024
62.96000 1.061
62.98000 4.214
63.00000 2.124
63.02000 0.399
63.04000 1.750
63.06000 2.424
63.08000 2.314
63.10000 1.573
63.12000 0.797
63.14000 0.483
63.16000 0.507
63.18000 0.428
63.20000 2.928
63.22000 0.561
63.24000 -2.129
63.26000 -1.246
63.28000 1.461
63.30000 0.276
63.32000 -0.976
63.34000 -0.290
63.36000 3.483
63.38000 5.986
63.40000 3.802
63.42000 1.234
63.44000 -1.666
63.46000 3.357
63.48000 4.306
63.50000 2.673
63.52000 1.914
63.54000 0.905
63.56000 1.078
63.58000 1.564
63.60000 2.929
63.62000 4.154
63.64000 2.744
63.66000 0.512
63.68000 0.032
63.70000 -0.123
63.72000 0.858
63.74000 -1.275
63.76000 0.277
63.78000 0.810
63.80000 -0.530
63.82000 1.308
63.84000 0.086
63.86000 -2.131
63.88000 -1.085
63.90000 0.631
63.92000 -0.288
63.94000 -0.889
63.96000 1.154
63.98000 1.032
64.00000 -0.450
64.02000 -1.566
64.04000 -0.627
64.06000 1.458
64.08000 2.329
64.10000 2.119
64.12000 1.538
64.14000 0.857
64.16000 -0.113
64.18000 -0.710
64.20000 0.534
64.22000 2.254
64.24000 0.612
64.26000 -1.351
64.28000 0.058
64.30000 -0.024
64.32000 -0.209
64.34000 0.640
64.36000 -0.456
64.38000 -0.181
64.40000 -1.381
64.42000 -0.008
64.44000 0.656
64.46000 1.714
64.48000 1.326
64.50000 0.564
64.52000 -0.216
64.54000 0.501
64.56000 0.080
64.58000 -1.194
64.60000 -1.765
64.62000 -1.238
64.64000 0.975
64.66000 -0.401
64.68000 -0.301
64.70000 1.569
64.72000 4.002
64.74000 3.670
64.76000 3.452
64.78000 1.309
64.80000 -0.353
64.82000 1.390
64.84000 1.114
64.86000 1.681
64.88000 0.484
64.90000 1.106
64.92000 0.770
64.94000 1.702
64.96000 -2.098
64.98000 -1.375
65.00000 -0.544
65.02000 -0.126
65.04000 0.029
65.06000 -0.243
65.08000 0.241
65.10000 3.268
65.12000 0.839
65.14000 0.635
65.16000 -1.024
65.18000 -2.112
65.20000 0.861
65.22000 3.035
65.24000 3.091
65.26000 4.873
65.28000 5.032
65.30000 0.186
65.32000 -0.347
65.34000 0.495
65.36000 2.576
65.38000 0.844
65.40000 1.265
65.42000 1.376
65.44000 1.927
65.46000 1.579
65.48000 2.206
65.50000 1.726
65.52000 1.812
65.54000 2.169
65.56000 1.950
65.58000 0.061
65.60000 -0.349
65.62000 -0.573
65.64000 1.269
65.66000 1.048
65.68000 0.341
65.70000 -0.664
65.72000 -1.279
65.74000 -1.524
65.76000 -0.141
65.78000 0.386
65.80000 -0.228
65.82000 -1.835
65.84000 -1.203
65.86000 0.277
65.88000 2.295
65.90000 -0.119
65.92000 0.339
65.94000 1.540
65.96000 -2.123
65.98000 1.255
66.00000 2.152
66.02000 1.351
66.04000 2.621
66.06000 1.102
66.08000 1.829
66.10000 2.006
66.12000 1.838
66.14000 2.186
66.16000 0.511
66.18000 0.460
66.20000 0.665
66.22000 1.608
66.24000 0.671
66.26000 1.830
66.28000 0.538
66.30000 0.594
66.32000 3.531
66.34000 1.598
66.36000 -0.776
66.38000 0.349
66.40000 0.275
66.42000 -1.629
66.44000 -1.799
66.46000 1.225
66.48000 1.882
66.50000 1.147
66.52000 -0.164
66.54000 -1.619
66.56000 -1.676
66.58000 1.554
66.60000 0.481
66.62000 0.155
66.64000 1.698
66.66000 1.248
66.68000 1.538
66.70000 2.537
66.72000 0.879
66.74000 -1.667
66.76000 3.326
66.78000 2.785
66.80000 0.694
66.82000 1.867
66.84000 0.984
66.86000 2.683
66.88000 0.931
66.90000 0.323
66.92000 -1.995
66.94000 1.646
66.96000 3.861
66.98000 0.129
67.00000 -2.141
67.02000 -0.751
67.04000 2.058
67.06000 0.176
67.08000 -0.755
67.10000 2.060
67.12000 -0.064
67.14000 0.472
67.16000 0.996
67.18000 -0.147
67.20000 -1.842
67.22000 -0.530
67.24000 2.117
67.26000 2.350
67.28000 0.894
67.30000 0.223
67.32000 0.600
67.34000 1.494
67.36000 2.075
67.38000 -0.784
67.40000 -0.663
67.42000 1.665
67.44000 -0.319
67.46000 -1.933
67.48000 -1.800
67.50000 0.121
67.52000 2.492
67.54000 1.809
67.56000 -0.032
67.58000 1.282
67.60000 0.665
67.62000 1.581
67.64000 0.846
67.66000 -1.733
67.68000 -1.758
67.70000 -0.223
67.72000 -0.645
67.74000 -0.545
67.76000 -1.551
67.78000 -1.469
67.80000 -1.369
67.82000 -2.178
67.84000 0.333
67.86000 -2.180
67.88000 -2.182
67.90000 -0.667
67.92000 1.104
67.94000 -1.101
67.96000 -0.069
67.98000 0.050
68.00000 0.950
68.02000 0.640
68.04000 1.714
68.06000 0.442
68.08000 -1.022
68.10000 3.260
68.12000 3.627
68.14000 3.743
68.16000 3.904
68.18000 4.302
68.20000 5.852
68.22000 3.327
68.24000 2.467
68.26000 2.567
68.28000 4.156
68.30000 6.253
68.32000 4.037
68.34000 1.785
68.36000 2.030
68.38000 6.391
68.40000 6.163
68.42000 5.852
68.44000 4.975
68.46000 4.200
68.48000 6.919
68.50000 7.883
68.52000 7.772
68.54000 8.594
68.56000 7.933
68.58000 9.127
68.60000 8.551
68.62000 13.443
68.64000 12.125
68.66000 12.309
68.68000 13.372
68.70000 12.782
68.72000 10.401
68.74000 12.268
68.76000 11.574
68.78000 14.635
68.80000 13.754
68.82000 14.443
68.84000 14.437
68.86000 14.050
68.88000 15.475
68.90000 17.305
68.92000 19.563
68.94000 17.817
68.96000 17.637
68.98000 16.314
69.00000 15.761
69.02000 15.504
69.04000 17.623
69.06000 20.843
69.08000 18.685
69.10000 20.060
69.12000 15.311
69.14000 14.480
69.16000 12.174
69.18000 15.348
69.20000 15.557
69.22000 12.924
69.24000 13.134
69.26000 15.143
69.28000 15.252
69.30000 14.749
69.32000 13.566
69.34000 10.460
69.36000 8.888
69.38000 7.719
69.40000 8.016
69.42000 6.879
69.44000 9.039
69.46000 9.796
69.48000 8.590
69.50000 8.547
69.52000 8.715
69.54000 8.550
69.56000 6.332
69.58000 5.915
69.60000 6.835
69.62000 6.946
69.64000 4.708
69.66000 5.203
69.68000 4.276
69.70000 4.377
69.72000 4.468
69.74000 1.772
69.76000 0.170
69.78000 2.033
69.80000 0.524
69.82000 2.704
69.84000 4.609
69.86000 4.937
69.88000 4.088
69.90000 3.518
69.92000 2.520
69.94000 0.107
69.96000 0.866
69.98000 0.875
70.00000 -1.815
70.02000 -1.514
70.04000 1.369
70.06000 -0.669
70.08000 -1.368
70.10000 0.571
70.12000 1.148
70.14000 2.547
70.16000 0.598
70.18000 -0.142
70.20000 1.073
70.22000 1.597
70.24000 3.350
70.26000 -0.300
70.28000 -1.656
70.30000 -2.099
70.32000 0.457
70.34000 3.343
70.36000 0.917
70.38000 1.402
70.40000 0.807
70.42000 0.923
70.44000 2.025
70.46000 1.579
70.48000 3.257
70.50000 2.967
70.52000 2.778
70.54000 -0.102
70.56000 -1.157
70.58000 1.579
70.60000 4.996
70.62000 2.660
70.64000 -0.613
70.66000 -2.066
70.68000 2.474
70.70000 2.691
70.72000 -0.863
70.74000 0.611
70.76000 2.916
70.78000 4.414
70.80000 3.194
70.82000 -0.448
70.84000 -0.419
70.86000 2.727
70.88000 0.192
70.90000 -0.087
70.92000 1.823
70.94000 1.380
70.96000 3.736
70.98000 1.877
71.00000 -0.408
71.02000 0.120
71.04000 -2.047
71.06000 0.899
71.08000 1.167
71.10000 0.762
71.12000 1.442
71.14000 1.519
71.16000 0.751
71.18000 3.521
71.20000 1.745
71.22000 2.394
71.24000 0.230
71.26000 2.211
71.28000 1.932
71.30000 2.219
71.32000 2.735
71.34000 0.076
71.36000 -1.517
71.38000 -1.488
71.40000 -1.020
71.42000 -0.976
71.44000 0.007
71.46000 2.076
71.48000 1.739
71.50000 -2.014
71.52000 -0.087
71.54000 0.306
71.56000 -0.062
71.58000 2.763
71.60000 0.741
71.62000 1.021
71.64000 0.010
71.66000 -1.906
71.68000 1.996
71.70000 2.490
71.72000 0.958
71.74000 0.225
71.76000 -0.420
71.78000 1.081
71.80000 1.334
71.82000 -0.453
71.84000 0.793
71.86000 0.376
71.88000 -0.728
71.90000 0.161
71.92000 -0.482
71.94000 2.252
71.96000 0.290
71.98000 0.166
72.00000 -0.210
72.02000 -1.981
72.04000 -1.425
72.06000 3.307
72.08000 2.942
72.10000 -0.049
72.12000 1.480
72.14000 -1.969
72.16000 -1.169
72.18000 0.786
72.20000 0.725
72.22000 3.478
72.24000 3.046
72.26000 4.472
72.28000 0.377
72.30000 0.332
72.32000 -0.042
72.34000 0.518
72.36000 1.131
72.38000 5.645
72.40000 4.958
72.42000 1.920
72.44000 2.616
72.46000 2.860
72.48000 0.669
72.50000 -0.833
72.52000 0.693
72.54000 3.645
72.56000 2.015
72.58000 -1.403
72.60000 0.055
72.62000 0.179
72.64000 -1.206
72.66000 -1.986
72.68000 -0.022
72.70000 2.885
72.72000 2.825
72.74000 1.234
72.76000 1.549
72.78000 0.414
72.80000 -0.433
72.82000 -1.839
72.84000 2.480
72.86000 0.702
72.88000 0.453
72.90000 -0.363
72.92000 -1.419
72.94000 -0.972
72.96000 1.256
72.98000 3.489
73.00000 3.279
73.02000 2.243
73.04000 -1.983
73.06000 -0.947
73.08000 -1.836
73.10000 -0.612
73.12000 0.682
73.14000 1.431
73.16000 -0.913
73.18000 1.198
73.20000 1.807
73.22000 2.066
73.24000 2.624
73.26000 -1.250
73.28000 0.411
73.30000 1.088
73.32000 -0.306
73.34000 2.140
73.36000 4.361
73.38000 1.541
73.40000 0.082
73.42000 1.292
73.44000 4.214
73.46000 2.404
73.48000 1.263
73.50000 1.824
73.52000 0.058
73.54000 -1.594
73.56000 2.014
73.58000 3.783
73.60000 3.350
73.62000 -1.973
73.64000 -1.527
73.66000 -0.053
73.68000 1.823
73.70000 0.283
73.72000 -0.012
73.74000 -1.034
73.76000 -0.767
73.78000 0.410
73.80000 1.508
73.82000 0.323
73.84000 -1.968
73.86000 -1.783
73.88000 -1.118
73.90000 -0.067
73.92000 -0.194
73.94000 -1.710
73.96000 -1.963
73.98000 0.478
74.00000 1.467
74.02000 3.969
74.04000 -0.532
74.06000 -1.458
74.08000 1.638
74.10000 2.598
74.12000 2.597
74.14000 -1.210
74.16000 -0.814
74.18000 -1.342
74.20000 1.007
74.22000 -0.021
74.24000 0.942
74.26000 -0.087
74.28000 -1.958
74.30000 2.088
74.32000 1.787
74.34000 0.811
74.36000 0.294
74.38000 -1.314
74.40000 0.272
74.42000 0.051
74.44000 3.037
74.46000 2.005
74.48000 2.354
74.50000 2.292
74.52000 1.123
74.54000 0.536
74.56000 -1.258
74.58000 -0.767
74.60000 1.495
74.62000 4.176
74.64000 3.060
74.66000 1.529
74.68000 1.403
74.70000 0.187
74.72000 -0.692
74.74000 -1.530
74.76000 1.675
74.78000 -1.298
74.80000 0.878
74.82000 1.161
74.84000 -0.600
74.86000 2.198
74.88000 1.475
74.90000 2.352
74.92000 3.191
74.94000 -0.681
74.96000 0.178
74.98000 -1.041
75.00000 -1.958
75.02000 0.527
75.04000 2.786
75.06000 4.454
75.08000 3.173
75.10000 4.053
75.12000 3.947
75.14000 -0.754
75.16000 1.272
75.18000 0.748
75.20000 -1.528
75.22000 -1.054
75.24000 0.887
75.26000 1.482
75.28000 2.637
75.30000 4.346
75.32000 3.527
75.34000 2.701
75.36000 -0.317
75.38000 -1.960
75.40000 -0.545
75.42000 1.985
75.44000 -0.355
75.46000 0.434
75.48000 3.967
75.50000 2.646
75.52000 2.333
75.54000 3.666
75.56000 3.315
75.58000 0.459
75.60000 0.130
75.62000 -0.310
75.64000 -1.972
75.66000 0.197
75.68000 2.003
75.70000 3.969
75.72000 -1.102
75.74000 -1.256
75.76000 -0.798
75.78000 -0.410
75.80000 -0.440
75.82000 0.846
75.84000 0.779
75.86000 -1.494
75.88000 -1.930
75.90000 0.265
75.92000 -0.365
75.94000 -1.430
75.96000 -1.680
75.98000 0.146
76.00000 -0.270
76.02000 -0.574
76.04000 0.144
76.06000 2.370
76.08000 2.968
76.10000 0.757
76.12000 -1.567
76.14000 -0.940
76.16000 -0.036
76.18000 -1.138
76.20000 0.156
76.22000 2.316
76.24000 1.550
76.26000 0.984
76.28000 1.885
76.30000 2.457
76.32000 -0.159
76.34000 0.528
76.36000 4.685
76.38000 3.822
76.40000 2.187
76.42000 0.565
76.44000 -1.964
76.46000 2.268
76.48000 3.502
76.50000 1.438
76.52000 2.715
76.54000 3.095
76.56000 2.195
76.58000 2.745
76.60000 1.930
76.62000 1.603
76.64000 2.635
76.66000 1.478
76.68000 -1.077
76.70000 1.639
76.72000 2.858
76.74000 1.585
76.76000 4.060
76.78000 2.694
76.80000 -1.172
76.82000 -0.169
76.84000 2.625
76.86000 2.195
76.88000 1.840
76.90000 1.385
76.92000 4.578
76.94000 2.065
76.96000 -0.067
76.98000 3.014
77.00000 4.740
77.02000 4.682
77.04000 2.639
77.06000 1.147
77.08000 1.573
77.10000 4.070
77.12000 3.259
77.14000 2.181
77.16000 3.523
77.18000 1.831
77.20000 -0.280
77.22000 1.043
77.24000 -1.985
77.26000 -0.070
77.28000 0.049
77.30000 0.710
77.32000 -0.239
77.34000 -0.728
77.36000 1.991
77.38000 2.054
77.40000 4.271
77.42000 3.450
77.44000 4.785
77.46000 -0.198
77.48000 -0.193
77.50000 2.007
77.52000 -0.207
77.54000 2.571
77.56000 5.026
77.58000 0.787
77.60000 0.829
77.62000 -0.259
77.64000 1.698
77.66000 2.931
77.68000 3.720
77.70000 2.128
77.72000 4.468
77.74000 4.470
77.76000 4.484
77.78000 0.724
77.80000 0.026
77.82000 -0.082
77.84000 2.865
77.86000 3.932
77.88000 -1.984
77.90000 2.053
77.92000 3.549
77.94000 2.100
77.96000 1.423
77.98000 2.864
78.00000 4.337
78.02000 3.737
78.04000 4.599
78.06000 3.884
78.08000 4.394
78.10000 1.018
78.12000 -0.352
78.14000 -0.128
78.16000 1.579
78.18000 2.931
78.20000 1.032
78.22000 1.976
78.24000 0.788
78.26000 -1.293
78.28000 -1.942
78.30000 1.280
78.32000 -0.035
78.34000 -0.338
78.36000 2.054
78.38000 1.784
78.40000 -0.955
78.42000 0.393
78.44000 -0.952
78.46000 -1.126
78.48000 0.335
78.50000 0.155
78.52000 2.142
78.54000 0.292
78.56000 4.315
78.58000 0.584
78.60000 2.303
78.62000 1.217
78.64000 4.753
78.66000 1.980
78.68000 -0.944
78.70000 3.114
78.72000 3.239
78.74000 0.234
78.76000 -0.685
78.78000 0.350
78.80000 -2.011
78.82000 2.286
78.84000 6.395
78.86000 5.363
78.88000 3.264
78.90000 -1.361
78.92000 0.138
78.94000 2.144
78.96000 5.232
78.98000 2.040
79.00000 0.075
79.02000 -2.006
79.04000 0.930
79.06000 0.641
79.08000 0.794
79.10000 0.301
79.12000 3.153
79.14000 0.553
79.16000 0.847
79.18000 0.615
79.20000 2.283
79.22000 1.900
79.24000 1.232
79.26000 -0.593
79.28000 0.536
79.30000 -0.388
79.32000 0.548
79.34000 1.138
79.36000 1.804
79.38000 1.730
79.40000 1.498
79.42000 2.682
79.44000 0.284
79.46000 -2.021
79.48000 0.388
79.50000 0.930
79.52000 -0.539
79.54000 2.887
79.56000 4.608
79.58000 3.837
79.60000 2.481
79.62000 3.925
79.64000 0.367
79.66000 -0.148
79.68000 0.089
79.70000 1.132
79.72000 2.448
79.74000 2.697
79.76000 4.489
79.78000 3.037
79.80000 1.728
79.82000 0.019
79.84000 4.351
79.86000 3.406
79.88000 0.078
79.90000 0.457
79.92000 0.298
79.94000 2.391
79.96000 -1.300
79.98000 2.030
80.00000 4.091
80.02000 2.667
80.04000 4.675
80.06000 2.486
80.08000 0.609
80.10000 0.895
80.12000 0.847
80.14000 1.504
80.16000 0.989
80.18000 3.977
80.20000 3.091
80.22000 4.166
80.24000 2.287
80.26000 0.692
80.28000 0.709
80.30000 1.286
80.32000 -0.442
80.34000 0.760
80.36000 0.609
80.38000 4.550
80.40000 1.064
80.42000 -2.037
80.44000 4.628
80.46000 7.798
80.48000 3.443
80.50000 1.160
80.52000 3.375
80.54000 3.404
80.56000 2.038
80.58000 1.958
80.60000 3.061
80.62000 3.475
80.64000 3.145
80.66000 2.422
80.68000 3.582
80.70000 0.273
80.72000 2.113
80.74000 1.438
80.76000 1.701
80.78000 1.423
80.80000 1.933
80.82000 0.527
80.84000 5.948
80.86000 6.243
80.88000 0.830
80.90000 4.134
80.92000 5.271
80.94000 2.141
80.96000 1.308
80.98000 3.048
81.00000 2.876
81.02000 5.302
81.04000 2.208
81.06000 -2.041
81.08000 1.231
81.10000 4.229
81.12000 5.547
81.14000 2.660
81.16000 0.031
81.18000 1.285
81.20000 1.893
81.22000 0.824
81.24000 2.348
81.26000 3.191
81.28000 -0.746
81.30000 -0.145
81.32000 2.742
81.34000 3.134
81.36000 1.948
81.38000 0.846
81.40000 2.969
81.42000 5.532
81.44000 4.271
81.46000 -1.753
81.48000 -0.890
81.50000 0.643
81.52000 3.785
81.54000 1.667
81.56000 2.689
81.58000 3.034
81.60000 1.792
81.62000 2.106
81.64000 -0.908
81.66000 2.296
81.68000 0.638
81.70000 0.938
81.72000 -0.179
81.74000 1.044
81.76000 1.463
81.78000 -0.319
81.80000 1.826
81.82000 4.796
81.84000 6.849
81.86000 -0.861
81.88000 -0.675
81.90000 -1.209
81.92000 0.437
81.94000 0.793
81.96000 2.237
81.98000 4.765
82.00000 4.111
82.02000 4.283
82.04000 2.428
82.06000 4.259
82.08000 5.026
82.10000 6.259
82.12000 4.268
82.14000 -0.206
82.16000 2.765
82.18000 6.739
82.20000 6.329
82.22000 8.581
82.24000 5.939
82.26000 5.598
82.28000 9.459
82.30000 7.841
82.32000 8.329
82.34000 10.976
82.36000 10.391
82.38000 8.349
82.40000 10.151
82.42000 14.443
82.44000 9.955
82.46000 13.324
82.48000 15.120
82.50000 16.502
82.52000 17.186
82.54000 13.087
82.56000 17.579
82.58000 18.929
82.60000 18.676
82.62000 24.478
82.64000 23.190
82.66000 20.426
82.68000 22.114
82.70000 23.500
82.72000 26.448
82.74000 28.877
82.76000 27.167
82.78000 28.757
82.80000 25.594
82.82000 30.107
82.84000 36.438
82.86000 35.502
82.88000 33.934
82.90000 37.908
82.92000 36.893
82.94000 37.930
82.96000 42.759
82.98000 42.625
83.00000 43.999
83.02000 48.953
83.04000 40.820
83.06000 41.187
83.08000 43.904
83.10000 45.081
83.12000 41.906
83.14000 45.688
83.16000 52.575
83.18000 52.872
83.20000 50.423
83.22000 50.074
83.24000 49.434
83.26000 50.822
83.28000 53.597
83.30000 50.580
83.32000 48.395
83.34000 48.378
83.36000 46.201
83.38000 45.615
83.40000 46.860
83.42000 49.045
83.44000 43.497
83.46000 42.380
83.48000 38.543
83.50000 40.224
83.52000 39.098
83.54000 36.416
83.56000 37.881
83.58000 33.383
83.60000 32.064
83.62000 30.688
83.64000 32.435
83.66000 33.087
83.68000 35.931
83.70000 34.062
83.72000 27.911
83.74000 26.145
83.76000 26.276
83.78000 28.072
83.80000 27.001
83.82000 21.976
83.84000 19.008
83.86000 18.305
83.88000 20.703
83.90000 23.115
83.92000 19.934
83.94000 17.465
83.96000 18.154
83.98000 17.401
84.00000 14.460
84.02000 12.717
84.04000 12.798
84.06000 8.629
84.08000 9.815
84.10000 11.659
84.12000 7.462
84.14000 10.005
84.16000 12.129
84.18000 9.913
84.20000 11.743
84.22000 11.946
84.24000 10.786
84.26000 7.952
84.28000 6.151
84.30000 4.129
84.32000 5.397
84.34000 3.722
84.36000 3.264
84.38000 6.326
84.40000 5.276
84.42000 2.209
84.44000 1.992
84.46000 -0.469
84.48000 -0.240
84.50000 0.120
84.52000 3.067
84.54000 1.063
84.56000 1.988
84.58000 2.058
84.60000 0.544
84.62000 2.564
84.64000 2.027
84.66000 2.343
84.68000 4.749
84.70000 1.862
84.72000 1.880
84.74000 4.391
84.76000 4.318
84.78000 4.730
84.80000 0.622
84.82000 -0.479
84.84000 1.592
84.86000 3.940
84.88000 4.703
84.90000 2.000
84.92000 1.115
84.94000 -1.560
84.96000 -2.117
84.98000 1.820
85.00000 3.430
85.02000 3.164
85.04000 -0.206
85.06000 1.933
85.08000 3.068
85.10000 5.038
85.12000 2.831
85.14000 1.371
85.16000 -1.740
85.18000 1.473
85.20000 0.360
85.22000 0.374
85.24000 1.087
85.26000 1.943
85.28000 1.359
85.30000 2.333
85.32000 0.185
85.34000 -0.755
85.36000 3.006
85.38000 1.875
85.40000 -1.272
85.42000 0.552
85.44000 1.371
85.46000 1.053
85.48000 0.460
85.50000 1.937
85.52000 1.530
85.54000 -0.721
85.56000 -2.065
85.58000 -1.704
85.60000 3.550
85.62000 2.894
85.64000 4.084
85.66000 0.920
85.68000 1.073
85.70000 2.197
85.72000 -0.587
85.74000 0.831
85.76000 2.379
85.78000 -1.753
85.80000 -0.550
85.82000 2.130
85.84000 3.815
85.86000 2.087
85.88000 3.815
85.90000 -0.053
85.92000 -2.025
85.94000 1.655
85.96000 3.500
85.98000 0.031
86.00000 0.221
86.02000 -2.037
86.04000 -0.649
86.06000 1.444
86.08000 3.815
86.10000 3.487
86.12000 1.842
86.14000 5.283
86.16000 2.404
86.18000 -0.347
86.20000 1.661
86.22000 0.348
86.24000 -1.386
86.26000 -1.207
86.28000 1.832
86.30000 2.623
86.32000 -0.796
86.34000 -0.821
86.36000 -0.990
86.38000 1.844
86.40000 2.939
86.42000 0.276
86.44000 0.689
86.46000 3.806
86.48000 2.782
86.50000 0.164
86.52000 -0.516
86.54000 -1.364
86.56000 -2.102
86.58000 -0.999
86.60000 -0.438
86.62000 -0.122
86.64000 3.843
86.66000 4.365
86.68000 5.194
86.70000 4.188
86.72000 6.225
86.74000 4.118
86.76000 1.565
86.78000 6.430
86.80000 5.555
86.82000 5.421
86.84000 3.942
86.86000 5.475
86.88000 5.613
86.90000 8.722
86.92000 7.136
86.94000 6.675
86.96000 5.207
86.98000 4.649
87.00000 2.204
87.02000 7.984
87.04000 9.478
87.06000 10.248
87.08000 6.645
87.10000 7.096
87.12000 13.524
87.14000 15.897
87.16000 15.512
87.18000 12.552
87.20000 14.248
87.22000 16.402
87.24000 19.080
87.26000 20.418
87.28000 16.689
87.30000 14.575
87.32000 18.998
87.34000 24.297
87.36000 23.402
87.38000 19.911
87.40000 20.973
87.42000 23.852
87.44000 22.919
87.46000 22.035
87.48000 18.834
87.50000 17.954
87.52000 22.715
87.54000 25.014
87.56000 23.933
87.58000 29.312
87.60000 33.039
87.62000 30.917
87.64000 27.505
87.66000 22.226
87.68000 22.618
87.70000 25.869
87.72000 28.238
87.74000 30.664
87.76000 29.711
87.78000 29.005
87.80000 25.999
87.82000 29.125
87.84000 26.332
87.86000 26.330
87.88000 23.798
87.90000 19.631
87.92000 22.359
87.94000 26.957
87.96000 22.322
87.98000 22.971
88.00000 22.281
88.02000 19.689
88.04000 19.698
88.06000 20.288
88.08000 16.579
88.10000 19.155
88.12000 19.776
88.14000 17.783
88.16000 17.947
88.18000 19.090
88.20000 16.808
88.22000 14.938
88.24000 13.904
88.26000 17.279
88.28000 15.946
88.30000 14.201
88.32000 13.021
88.34000 12.376
88.36000 13.606
88.38000 9.882
88.40000 6.865
88.42000 8.044
88.44000 8.777
88.46000 5.088
88.48000 4.048
88.50000 6.571
88.52000 7.737
88.54000 4.967
88.56000 10.172
88.58000 9.380
88.60000 8.043
88.62000 7.532
88.64000 4.636
88.66000 4.289
88.68000 6.101
88.70000 9.228
88.72000 5.810
88.74000 6.697
88.76000 3.690
88.78000 -0.099
88.80000 2.551
88.82000 4.015
88.84000 3.667
88.86000 4.268
88.88000 3.642
88.90000 6.176
88.92000 3.818
88.94000 0.105
88.96000 0.325
88.98000 1.677
89.00000 2.272
89.02000 0.702
89.04000 0.451
89.06000 1.049
89.08000 1.769
89.10000 2.182
89.12000 3.066
89.14000 3.333
89.16000 1.514
89.18000 0.447
89.20000 2.149
89.22000 0.507
89.24000 -1.250
89.26000 -0.611
89.28000 1.168
89.30000 1.590
89.32000 3.946
89.34000 2.591
89.36000 3.531
89.38000 5.677
89.40000 1.819
89.42000 3.506
89.44000 5.092
89.46000 0.084
89.48000 1.140
89.50000 2.499
89.52000 5.747
89.54000 3.125
89.56000 6.385
89.58000 6.750
89.60000 4.126
89.62000 2.348
89.64000 4.194
89.66000 5.754
89.68000 5.639
89.70000 3.171
89.72000 1.003
89.74000 -1.846
89.76000 1.096
89.78000 6.955
89.80000 8.691
89.82000 7.061
89.84000 5.753
89.86000 3.051
89.88000 5.222
89.90000 4.963
89.92000 4.091
89.94000 4.017
89.96000 5.149
89.98000 6.018
90.00000 4.522
90.02000 3.479
90.04000 4.558
90.06000 4.180
90.08000 2.685
90.10000 4.531
90.12000 5.946
90.14000 2.576
90.16000 1.289
90.18000 0.593
90.20000 0.733
90.22000 -1.070
90.24000 1.806
90.26000 3.333
90.28000 2.349
90.30000 3.020
90.32000 5.981
90.34000 1.641
90.36000 1.436
90.38000 4.038
90.40000 3.535
90.42000 0.857
90.44000 2.410
90.46000 2.990
90.48000 3.826
90.50000 2.885
90.52000 1.375
90.54000 2.059
90.56000 4.217
90.58000 0.849
90.60000 -1.381
90.62000 -0.544
90.64000 -0.098
90.66000 1.717
90.68000 2.805
90.70000 2.899
90.72000 -0.580
90.74000 0.291
90.76000 2.935
90.78000 4.305
90.80000 4.600
90.82000 2.058
90.84000 3.257
90.86000 3.910
90.88000 6.921
90.90000 1.664
90.92000 3.904
90.94000 6.861
90.96000 2.176
90.98000 6.005
91.00000 6.304
91.02000 6.924
91.04000 6.826
91.06000 1.408
91.08000 0.702
91.10000 1.919
91.12000 -0.343
91.14000 -1.838
91.16000 3.470
91.18000 6.470
91.20000 5.023
91.22000 3.240
91.24000 1.645
91.26000 1.065
91.28000 2.873
91.30000 2.409
91.32000 2.365
91.34000 5.991
91.36000 6.251
91.38000 5.664
91.40000 2.832
91.42000 2.263
91.44000 2.476
91.46000 4.772
91.48000 5.540
91.50000 7.183
91.52000 5.834
91.54000 -0.532
91.56000 3.014
91.58000 4.642
91.60000 3.124
91.62000 3.322
91.64000 0.567
91.66000 -1.849
91.68000 2.093
91.70000 3.669
91.72000 6.660
91.74000 5.489
91.76000 2.364
91.78000 3.573
91.80000 -1.034
91.82000 0.568
91.84000 1.625
91.86000 3.635
91.88000 1.392
91.90000 1.767
91.92000 -0.288
91.94000 -0.495
91.96000 2.519
91.98000 4.273
92.00000 2.733
92.02000 3.110
92.04000 1.721
92.06000 1.147
92.08000 -0.264
92.10000 -1.496
92.12000 -1.838
92.14000 1.449
92.16000 4.562
92.18000 4.806
92.20000 1.984
92.22000 1.476
92.24000 4.540
92.26000 1.045
92.28000 3.484
92.30000 2.280
92.32000 1.600
92.34000 -0.249
92.36000 1.566
92.38000 3.411
92.40000 2.301
92.42000 2.590
92.44000 -0.202
92.46000 1.328
92.48000 1.050
92.50000 2.309
92.52000 5.456
92.54000 2.497
92.56000 3.439
92.58000 3.546
92.60000 1.627
92.62000 -1.798
92.64000 -1.884
92.66000 2.287
92.68000 3.311
92.70000 4.228
92.72000 4.088
92.74000 3.718
92.76000 -1.890
92.78000 -1.334
92.80000 0.811
92.82000 3.580
92.84000 2.722
92.86000 2.274
92.88000 0.010
92.90000 0.510
92.92000 1.661
92.94000 5.933
92.96000 6.057
92.98000 1.262
93.00000 2.693
93.02000 1.050
93.04000 0.944
93.06000 1.400
93.08000 2.684
93.10000 2.633
93.12000 2.049
93.14000 1.930
93.16000 2.722
93.18000 1.026
93.20000 2.835
93.22000 3.681
93.24000 4.764
93.26000 3.745
93.28000 1.936
93.30000 2.326
93.32000 2.923
93.34000 2.988
93.36000 0.357
93.38000 3.224
93.40000 4.178
93.42000 2.933
93.44000 4.643
93.46000 6.046
93.48000 3.339
93.50000 4.306
93.52000 3.139
93.54000 2.697
93.56000 1.542
93.58000 0.799
93.60000 0.399
93.62000 -1.093
93.64000 1.103
93.66000 3.812
93.68000 4.207
93.70000 3.189
93.72000 1.829
93.74000 5.051
93.76000 1.914
93.78000 -0.599
93.80000 -1.285
93.82000 0.817
93.84000 5.786
93.86000 6.002
93.88000 4.466
93.90000 6.667
93.92000 3.498
93.94000 4.077
93.96000 3.925
93.98000 5.723
94.00000 4.055
94.02000 5.048
94.04000 6.295
94.06000 2.987
94.08000 -1.844
94.10000 -0.181
94.12000 3.205
94.14000 2.047
94.16000 3.255
94.18000 2.244
94.20000 0.506
94.22000 2.862
94.24000 4.034
94.26000 3.733
94.28000 5.066
94.30000 3.252
94.32000 3.478
94.34000 1.409
94.36000 3.976
94.38000 5.161
94.40000 4.215
94.42000 4.222
94.44000 5.606
94.46000 6.581
94.48000 3.489
94.50000 6.687
94.52000 3.692
94.54000 0.670
94.56000 3.598
94.58000 5.212
94.60000 3.366
94.62000 6.673
94.64000 0.782
94.66000 -1.675
94.68000 0.733
94.70000 5.439
94.72000 3.166
94.74000 5.708
94.76000 0.076
94.78000 0.977
94.80000 4.341
94.82000 0.702
94.84000 4.155
94.86000 2.442
94.88000 2.729
94.90000 3.530
94.92000 1.786
94.94000 2.000
94.96000 2.762
94.98000 5.193
95.00000 -0.029
95.02000 3.227
95.04000 3.359
95.06000 1.050
95.08000 3.468
95.10000 2.440
95.12000 0.224
95.14000 0.930
95.16000 3.633
95.18000 3.498
95.20000 5.456
95.22000 5.936
95.24000 1.977
95.26000 3.578
95.28000 1.825
95.30000 1.859
95.32000 2.465
95.34000 2.989
95.36000 3.719
95.38000 5.702
95.40000 5.627
95.42000 8.022
95.44000 4.819
95.46000 0.283
95.48000 -1.891
95.50000 -0.025
95.52000 3.262
95.54000 8.326
95.56000 3.258
95.58000 1.902
95.60000 1.476
95.62000 4.413
95.64000 4.214
95.66000 4.580
95.68000 4.219
95.70000 4.572
95.72000 6.070
95.74000 4.603
95.76000 6.152
95.78000 3.856
95.80000 1.335
95.82000 0.213
95.84000 1.786
95.86000 5.454
95.88000 3.272
95.90000 3.692
95.92000 5.370
95.94000 9.003
95.96000 7.047
95.98000 0.381
96.00000 0.462
96.02000 2.005
96.04000 1.095
96.06000 -0.052
96.08000 5.412
96.10000 5.056
96.12000 6.123
96.14000 2.280
96.16000 4.572
96.18000 5.388
96.20000 2.174
96.22000 0.800
96.24000 -1.862
96.26000 1.463
96.28000 3.931
96.30000 7.834
96.32000 7.550
96.34000 1.928
96.36000 5.629
96.38000 5.111
96.40000 5.358
96.42000 4.763
96.44000 3.032
96.46000 1.971
96.48000 4.724
96.50000 6.655
96.52000 7.338
96.54000 6.241
96.56000 2.373
96.58000 -0.836
96.60000 2.720
96.62000 3.269
96.64000 3.955
96.66000 8.310
96.68000 9.043
96.70000 2.040
96.72000 -0.593
96.74000 3.637
96.76000 6.480
96.78000 3.342
96.80000 -1.880
96.82000 1.596
96.84000 4.262
96.86000 4.782
96.88000 1.084
96.90000 2.669
96.92000 4.049
96.94000 4.428
96.96000 -0.752
96.98000 -0.192
97.00000 1.975
97.02000 5.784
97.04000 7.914
97.06000 5.438
97.08000 2.036
97.10000 1.489
97.12000 4.288
97.14000 0.747
97.16000 6.135
97.18000 8.148
97.20000 6.772
97.22000 0.300
97.24000 4.770
97.26000 4.764
97.28000 4.026
97.30000 2.995
97.32000 2.104
97.34000 6.005
97.36000 4.215
97.38000 8.508
97.40000 11.722
97.42000 6.057
97.44000 2.103
97.46000 -0.905
97.48000 0.449
97.50000 4.364
97.52000 6.336
97.54000 5.119
97.56000 3.338
97.58000 0.041
97.60000 0.937
97.62000 -1.389
97.64000 2.313
97.66000 3.454
97.68000 2.141
97.70000 4.389
97.72000 4.698
97.74000 4.291
97.76000 0.730
97.78000 2.111
97.80000 0.881
97.82000 1.908
97.84000 2.938
97.86000 2.823
97.88000 4.475
97.90000 -1.809
97.92000 1.426
97.94000 3.505
97.96000 1.850
97.98000 5.255
98.00000 2.995
98.02000 4.392
98.04000 6.662
98.06000 5.746
98.08000 2.216
98.10000 3.155
98.12000 8.454
98.14000 3.368
98.16000 3.805
98.18000 -1.672
98.20000 -1.851
98.22000 1.693
98.24000 3.062
98.26000 0.398
98.28000 1.955
98.30000 3.210
98.32000 6.688
98.34000 7.716
98.36000 6.406
98.38000 7.913
98.40000 6.475
98.42000 4.479
98.44000 5.286
98.46000 8.935
98.48000 12.497
98.50000 14.826
98.52000 6.778
98.54000 5.585
98.56000 7.456
98.58000 4.244
98.60000 7.249
98.62000 4.768
98.64000 4.481
98.66000 5.951
98.68000 5.628
98.70000 0.254
98.72000 -1.799
98.74000 2.674
98.76000 3.084
98.78000 3.381
98.80000 8.464
98.82000 8.090
98.84000 6.316
98.86000 4.661
98.88000 4.018
98.90000 7.682
98.92000 7.680
98.94000 1.338
98.96000 4.826
98.98000 3.881
99.00000 6.460
99.02000 8.237
99.04000 11.201
99.06000 5.692
99.08000 5.568
99.10000 8.488
99.12000 7.153
99.14000 5.232
99.16000 7.274
99.18000 1.484
99.20000 4.054
99.22000 4.583
99.24000 2.039
99.26000 7.005
99.28000 2.011
99.30000 5.377
99.32000 9.258
99.34000 0.289
99.36000 6.924
99.38000 4.136
99.40000 2.652
99.42000 4.919
99.44000 -1.771
99.46000 -1.836
99.48000 -1.816
99.50000 3.507
99.52000 1.767
99.54000 3.585
99.56000 3.664
99.58000 7.900
99.60000 1.934
99.62000 1.642
99.64000 6.916
99.66000 4.803
99.68000 6.746
99.70000 4.876
99.72000 1.402
99.74000 1.002
99.76000 -1.888
99.78000 0.970
99.80000 12.400
99.82000 11.272
99.84000 8.098
99.86000 7.030
99.88000 3.507
99.90000 0.390
99.92000 4.561
99.94000 10.209
99.96000 9.934
99.98000 0.000
