'Id: "0011387" Comment: "Integrate frame 0011387_Au-Ir-Rh_Rh-rich_XRD-Mapping-098-0000.gfrmwith cursor Wedge Cursor #5" Operator: "B?rgel" Anode: "Cu" Wavelength: "1.5406" Scantype: "2Theta (TwoTheta)" TimePerStep: "1" X: "-27" Y: "-13.5" Z: "5.95" 
10.00000 0.000
10.02000 -4.499
10.04000 6.035
10.06000 18.916
10.08000 14.995
10.10000 7.590
10.12000 2.455
10.14000 7.259
10.16000 1.764
10.18000 -4.338
10.20000 5.805
10.22000 20.524
10.24000 8.148
10.26000 19.713
10.28000 40.397
10.30000 37.073
10.32000 24.139
10.34000 10.626
10.36000 9.730
10.38000 12.807
10.40000 10.217
10.42000 32.362
10.44000 33.612
10.46000 25.252
10.48000 22.173
10.50000 12.600
10.52000 18.504
10.54000 26.781
10.56000 19.294
10.58000 25.073
10.60000 27.837
10.62000 23.896
10.64000 13.410
10.66000 15.457
10.68000 17.050
10.70000 18.847
10.72000 16.041
10.74000 8.199
10.76000 2.907
10.78000 20.891
10.80000 24.314
10.82000 26.825
10.84000 23.242
10.86000 13.811
10.88000 24.244
10.90000 18.806
10.92000 20.907
10.94000 20.792
10.96000 18.480
10.98000 21.165
11.00000 20.276
11.02000 19.832
11.04000 20.424
11.06000 15.818
11.08000 17.707
11.10000 9.796
11.12000 30.548
11.14000 33.436
11.16000 36.573
11.18000 32.396
11.20000 28.205
11.22000 26.652
11.24000 18.869
11.26000 7.956
11.28000 -1.083
11.30000 -0.115
11.32000 16.340
11.34000 12.017
11.36000 13.688
11.38000 22.616
11.40000 22.184
11.42000 21.702
11.44000 26.591
11.46000 22.915
11.48000 3.694
11.50000 6.072
11.52000 10.532
11.54000 0.146
11.56000 14.435
11.58000 27.086
11.60000 25.771
11.62000 11.378
11.64000 13.845
11.66000 16.243
11.68000 6.793
11.70000 5.859
11.72000 8.937
11.74000 15.483
11.76000 18.494
11.78000 5.319
11.80000 2.236
11.82000 1.157
11.84000 2.638
11.86000 9.381
11.88000 15.346
11.90000 9.023
11.92000 11.005
11.94000 24.357
11.96000 14.080
11.98000 10.137
12.00000 0.426
12.02000 -2.597
12.04000 3.298
12.06000 10.344
12.08000 17.289
12.10000 30.014
12.12000 20.822
12.14000 16.266
12.16000 18.130
12.18000 27.459
12.20000 18.947
12.22000 -0.731
12.24000 -4.439
12.26000 0.601
12.28000 12.374
12.30000 9.509
12.32000 10.356
12.34000 8.056
12.36000 -1.338
12.38000 -1.378
12.40000 5.372
12.42000 13.926
12.44000 13.942
12.46000 8.884
12.48000 7.215
12.50000 12.669
12.52000 11.559
12.54000 19.109
12.56000 11.057
12.58000 17.431
12.60000 21.614
12.62000 16.808
12.64000 16.176
12.66000 8.961
12.68000 11.994
12.70000 17.318
12.72000 4.728
12.74000 7.187
12.76000 2.898
12.78000 1.929
12.80000 4.860
12.82000 4.104
12.84000 16.457
12.86000 13.329
12.88000 -0.182
12.90000 5.629
12.92000 16.014
12.94000 7.132
12.96000 0.112
12.98000 10.996
13.00000 18.153
13.02000 13.703
13.04000 7.079
13.06000 3.079
13.08000 6.183
13.10000 10.577
13.12000 13.591
13.14000 7.290
13.16000 9.849
13.18000 7.524
13.20000 1.435
13.22000 -1.274
13.24000 3.860
13.26000 3.596
13.28000 3.969
13.30000 10.632
13.32000 4.046
13.34000 9.100
13.36000 1.823
13.38000 3.386
13.40000 13.106
13.42000 6.344
13.44000 2.489
13.46000 -2.580
13.48000 -1.908
13.50000 4.005
13.52000 12.883
13.54000 12.481
13.56000 1.956
13.58000 3.949
13.60000 12.169
13.62000 8.366
13.64000 7.127
13.66000 14.263
13.68000 9.890
13.70000 1.540
13.72000 7.090
13.74000 7.885
13.76000 11.288
13.78000 20.555
13.80000 8.559
13.82000 14.290
13.84000 5.572
13.86000 3.293
13.88000 2.978
13.90000 1.070
13.92000 7.655
13.94000 13.426
13.96000 5.367
13.98000 9.733
14.00000 12.681
14.02000 7.026
14.04000 6.951
14.06000 9.439
14.08000 7.334
14.10000 11.724
14.12000 13.581
14.14000 12.820
14.16000 8.036
14.18000 -1.767
14.20000 2.203
14.22000 0.485
14.24000 6.741
14.26000 7.074
14.28000 5.814
14.30000 2.352
14.32000 1.064
14.34000 3.373
14.36000 3.054
14.38000 0.262
14.40000 11.137
14.42000 7.843
14.44000 -3.985
14.46000 -2.512
14.48000 3.987
14.50000 8.844
14.52000 10.297
14.54000 9.998
14.56000 8.420
14.58000 2.403
14.60000 8.976
14.62000 12.028
14.64000 10.367
14.66000 21.505
14.68000 17.178
14.70000 2.755
14.72000 2.397
14.74000 10.997
14.76000 11.258
14.78000 9.236
14.80000 16.035
14.82000 16.350
14.84000 15.382
14.86000 16.130
14.88000 10.897
14.90000 14.687
14.92000 6.055
14.94000 6.907
14.96000 10.520
14.98000 11.631
15.00000 4.394
15.02000 -4.414
15.04000 6.233
15.06000 6.740
15.08000 4.699
15.10000 -1.997
15.12000 10.563
15.14000 5.759
15.16000 6.831
15.18000 10.311
15.20000 11.475
15.22000 12.141
15.24000 21.515
15.26000 20.365
15.28000 12.287
15.30000 9.131
15.32000 7.960
15.34000 10.653
15.36000 15.058
15.38000 11.125
15.40000 11.622
15.42000 13.980
15.44000 6.183
15.46000 8.184
15.48000 7.411
15.50000 5.464
15.52000 7.526
15.54000 10.115
15.56000 8.833
15.58000 13.412
15.60000 7.014
15.62000 1.976
15.64000 -0.275
15.66000 9.958
15.68000 11.697
15.70000 10.290
15.72000 3.616
15.74000 3.381
15.76000 -1.500
15.78000 1.572
15.80000 14.949
15.82000 19.779
15.84000 11.631
15.86000 17.468
15.88000 11.500
15.90000 3.272
15.92000 3.307
15.94000 9.147
15.96000 -3.548
15.98000 -2.492
16.00000 8.422
16.02000 12.818
16.04000 10.395
16.06000 9.140
16.08000 -4.372
16.10000 9.937
16.12000 10.026
16.14000 12.308
16.16000 7.227
16.18000 8.126
16.20000 4.276
16.22000 3.107
16.24000 -0.167
16.26000 0.298
16.28000 6.538
16.30000 9.398
16.32000 -1.994
16.34000 1.177
16.36000 5.530
16.38000 6.855
16.40000 3.928
16.42000 3.988
16.44000 8.767
16.46000 9.279
16.48000 4.124
16.50000 9.037
16.52000 13.892
16.54000 10.529
16.56000 12.641
16.58000 5.857
16.60000 0.128
16.62000 5.177
16.64000 0.468
16.66000 4.842
16.68000 8.715
16.70000 12.810
16.72000 8.865
16.74000 3.123
16.76000 7.066
16.78000 10.158
16.80000 18.182
16.82000 11.670
16.84000 10.021
16.86000 3.994
16.88000 3.917
16.90000 7.724
16.92000 5.712
16.94000 0.672
16.96000 3.184
16.98000 -0.944
17.00000 3.004
17.02000 3.465
17.04000 4.397
17.06000 7.501
17.08000 6.796
17.10000 11.860
17.12000 2.014
17.14000 -0.453
17.16000 4.823
17.18000 7.101
17.20000 9.466
17.22000 2.903
17.24000 -2.208
17.26000 2.838
17.28000 7.280
17.30000 6.884
17.32000 11.270
17.34000 -3.207
17.36000 2.957
17.38000 6.904
17.40000 -0.009
17.42000 6.368
17.44000 9.797
17.46000 7.041
17.48000 12.398
17.50000 10.753
17.52000 5.760
17.54000 9.434
17.56000 6.756
17.58000 6.626
17.60000 4.725
17.62000 -2.488
17.64000 4.764
17.66000 8.139
17.68000 5.588
17.70000 3.555
17.72000 4.145
17.74000 1.099
17.76000 0.403
17.78000 1.735
17.80000 1.057
17.82000 1.779
17.84000 7.713
17.86000 11.516
17.88000 5.351
17.90000 -4.306
17.92000 0.046
17.94000 1.822
17.96000 4.731
17.98000 1.938
18.00000 5.777
18.02000 4.984
18.04000 4.090
18.06000 3.145
18.08000 6.589
18.10000 4.699
18.12000 3.198
18.14000 3.174
18.16000 8.480
18.18000 14.276
18.20000 12.903
18.22000 15.353
18.24000 15.484
18.26000 8.140
18.28000 4.660
18.30000 2.957
18.32000 4.882
18.34000 4.957
18.36000 5.969
18.38000 8.910
18.40000 8.053
18.42000 0.156
18.44000 0.773
18.46000 -0.552
18.48000 6.148
18.50000 10.421
18.52000 4.448
18.54000 5.909
18.56000 7.163
18.58000 4.064
18.60000 2.849
18.62000 -0.039
18.64000 0.860
18.66000 -1.676
18.68000 -1.336
18.70000 0.084
18.72000 7.286
18.74000 -0.824
18.76000 -4.281
18.78000 2.269
18.80000 -0.170
18.82000 -2.992
18.84000 6.292
18.86000 10.695
18.88000 0.184
18.90000 0.741
18.92000 -0.271
18.94000 -0.877
18.96000 -4.233
18.98000 1.147
19.00000 -0.079
19.02000 2.667
19.04000 -2.966
19.06000 -3.142
19.08000 0.588
19.10000 1.328
19.12000 0.336
19.14000 -0.823
19.16000 -2.038
19.18000 2.682
19.20000 3.521
19.22000 8.143
19.24000 1.054
19.26000 1.002
19.28000 -2.762
19.30000 6.368
19.32000 13.597
19.34000 8.689
19.36000 8.207
19.38000 8.767
19.40000 3.705
19.42000 -0.591
19.44000 0.792
19.46000 0.298
19.48000 -1.932
19.50000 4.622
19.52000 11.835
19.54000 13.238
19.56000 0.915
19.58000 8.929
19.60000 6.709
19.62000 4.914
19.64000 4.926
19.66000 -0.935
19.68000 3.065
19.70000 6.007
19.72000 3.961
19.74000 6.070
19.76000 12.131
19.78000 4.658
19.80000 2.074
19.82000 3.070
19.84000 1.844
19.86000 -0.056
19.88000 0.722
19.90000 11.172
19.92000 10.001
19.94000 3.463
19.96000 4.938
19.98000 5.793
20.00000 5.596
20.02000 4.983
20.04000 8.044
20.06000 4.524
20.08000 2.457
20.10000 4.330
20.12000 5.789
20.14000 5.481
20.16000 6.103
20.18000 2.280
20.20000 2.212
20.22000 2.738
20.24000 -3.245
20.26000 -4.150
20.28000 3.344
20.30000 12.938
20.32000 14.776
20.34000 10.637
20.36000 9.640
20.38000 11.530
20.40000 6.407
20.42000 7.519
20.44000 0.504
20.46000 0.032
20.48000 10.566
20.50000 19.421
20.52000 15.925
20.54000 11.202
20.56000 7.771
20.58000 8.184
20.60000 8.873
20.62000 7.856
20.64000 2.712
20.66000 3.727
20.68000 2.519
20.70000 2.545
20.72000 0.910
20.74000 -1.680
20.76000 -1.298
20.78000 5.649
20.80000 9.845
20.82000 6.678
20.84000 4.201
20.86000 4.409
20.88000 6.104
20.90000 7.920
20.92000 0.303
20.94000 4.043
20.96000 10.820
20.98000 3.209
21.00000 3.324
21.02000 2.789
21.04000 0.909
21.06000 -1.478
21.08000 2.812
21.10000 3.905
21.12000 3.952
21.14000 2.878
21.16000 2.032
21.18000 6.315
21.20000 3.952
21.22000 4.620
21.24000 5.274
21.26000 3.833
21.28000 10.549
21.30000 5.298
21.32000 -2.945
21.34000 0.581
21.36000 -0.865
21.38000 0.398
21.40000 5.172
21.42000 6.626
21.44000 3.162
21.46000 3.198
21.48000 -1.530
21.50000 -0.105
21.52000 5.888
21.54000 2.874
21.56000 0.652
21.58000 -1.616
21.60000 -4.111
21.62000 -1.332
21.64000 -0.147
21.66000 7.751
21.68000 5.099
21.70000 6.605
21.72000 11.438
21.74000 4.406
21.76000 2.060
21.78000 -1.418
21.80000 -3.631
21.82000 0.782
21.84000 2.119
21.86000 -1.554
21.88000 6.119
21.90000 7.425
21.92000 5.809
21.94000 3.212
21.96000 -2.905
21.98000 2.458
22.00000 6.181
22.02000 8.243
22.04000 11.911
22.06000 10.143
22.08000 2.510
22.10000 4.211
22.12000 2.907
22.14000 0.491
22.16000 -2.466
22.18000 1.670
22.20000 1.033
22.22000 1.282
22.24000 6.109
22.26000 5.387
22.28000 -3.678
22.30000 -1.584
22.32000 1.152
22.34000 1.509
22.36000 4.215
22.38000 5.125
22.40000 -0.269
22.42000 -0.512
22.44000 7.719
22.46000 11.239
22.48000 7.579
22.50000 0.618
22.52000 1.876
22.54000 5.160
22.56000 1.725
22.58000 -0.141
22.60000 7.986
22.62000 5.033
22.64000 2.386
22.66000 -1.795
22.68000 -0.038
22.70000 5.571
22.72000 6.883
22.74000 5.261
22.76000 3.669
22.78000 4.664
22.80000 1.286
22.82000 4.726
22.84000 4.945
22.86000 3.843
22.88000 4.096
22.90000 2.997
22.92000 -1.534
22.94000 -0.415
22.96000 0.504
22.98000 0.797
23.00000 5.774
23.02000 4.712
23.04000 2.473
23.06000 5.774
23.08000 1.803
23.10000 -1.444
23.12000 0.415
23.14000 -4.031
23.16000 2.076
23.18000 0.158
23.20000 -2.312
23.22000 -2.814
23.24000 1.851
23.26000 8.252
23.28000 10.229
23.30000 4.751
23.32000 6.660
23.34000 9.111
23.36000 4.497
23.38000 0.588
23.40000 4.486
23.42000 4.713
23.44000 4.433
23.46000 -2.663
23.48000 1.289
23.50000 3.471
23.52000 3.835
23.54000 1.612
23.56000 0.563
23.58000 2.875
23.60000 8.885
23.62000 7.389
23.64000 7.899
23.66000 3.059
23.68000 5.872
23.70000 3.507
23.72000 -3.707
23.74000 3.140
23.76000 8.694
23.78000 4.472
23.80000 3.636
23.82000 -1.494
23.84000 1.445
23.86000 4.414
23.88000 5.566
23.90000 3.673
23.92000 2.758
23.94000 0.511
23.96000 4.755
23.98000 8.168
24.00000 0.507
24.02000 -1.554
24.04000 -0.977
24.06000 3.351
24.08000 4.623
24.10000 2.421
24.12000 -1.215
24.14000 -3.942
24.16000 3.404
24.18000 3.513
24.20000 0.800
24.22000 4.314
24.24000 2.178
24.26000 1.499
24.28000 1.496
24.30000 7.038
24.32000 7.010
24.34000 5.266
24.36000 9.365
24.38000 11.617
24.40000 7.204
24.42000 7.276
24.44000 5.241
24.46000 7.411
24.48000 6.529
24.50000 5.368
24.52000 5.960
24.54000 3.956
24.56000 2.307
24.58000 3.359
24.60000 6.124
24.62000 6.502
24.64000 6.530
24.66000 3.118
24.68000 4.118
24.70000 2.002
24.72000 0.670
24.74000 3.301
24.76000 4.615
24.78000 -3.911
24.80000 -1.739
24.82000 5.045
24.84000 6.403
24.86000 6.845
24.88000 1.742
24.90000 -1.914
24.92000 1.788
24.94000 1.831
24.96000 3.761
24.98000 4.875
25.00000 1.316
25.02000 -1.129
25.04000 1.434
25.06000 1.216
25.08000 3.071
25.10000 9.806
25.12000 7.782
25.14000 4.858
25.16000 6.260
25.18000 9.939
25.20000 9.322
25.22000 7.490
25.24000 4.089
25.26000 2.671
25.28000 5.568
25.30000 4.249
25.32000 5.007
25.34000 4.487
25.36000 -1.363
25.38000 3.046
25.40000 2.721
25.42000 1.218
25.44000 4.347
25.46000 6.987
25.48000 6.654
25.50000 8.076
25.52000 5.808
25.54000 1.304
25.56000 -0.571
25.58000 1.554
25.60000 -1.163
25.62000 -2.899
25.64000 1.571
25.66000 2.430
25.68000 0.175
25.70000 1.896
25.72000 2.396
25.74000 6.459
25.76000 3.740
25.78000 3.093
25.80000 1.410
25.82000 4.132
25.84000 7.068
25.86000 3.478
25.88000 3.193
25.90000 4.035
25.92000 -0.051
25.94000 3.100
25.96000 -1.232
25.98000 1.467
26.00000 3.733
26.02000 4.260
26.04000 3.867
26.06000 5.476
26.08000 6.455
26.10000 8.463
26.12000 6.238
26.14000 3.503
26.16000 -1.477
26.18000 0.246
26.20000 2.896
26.22000 -2.026
26.24000 -0.537
26.26000 6.675
26.28000 8.562
26.30000 2.709
26.32000 1.033
26.34000 -1.787
26.36000 -0.205
26.38000 -0.194
26.40000 2.502
26.42000 4.475
26.44000 3.572
26.46000 1.500
26.48000 7.579
26.50000 2.838
26.52000 4.269
26.54000 1.640
26.56000 -3.430
26.58000 -3.812
26.60000 1.505
26.62000 3.410
26.64000 4.037
26.66000 1.130
26.68000 4.126
26.70000 3.892
26.72000 6.025
26.74000 5.540
26.76000 3.436
26.78000 2.940
26.80000 -1.706
26.82000 2.073
26.84000 8.834
26.86000 4.026
26.88000 0.250
26.90000 3.005
26.92000 4.957
26.94000 5.885
26.96000 6.783
26.98000 6.688
27.00000 7.146
27.02000 6.741
27.04000 -0.387
27.06000 -0.937
27.08000 1.159
27.10000 0.422
27.12000 6.247
27.14000 1.860
27.16000 1.574
27.18000 5.261
27.20000 5.802
27.22000 5.113
27.24000 7.255
27.26000 5.224
27.28000 10.260
27.30000 11.385
27.32000 9.301
27.34000 5.517
27.36000 4.732
27.38000 6.165
27.40000 3.545
27.42000 -0.227
27.44000 -3.761
27.46000 -0.380
27.48000 7.074
27.50000 8.801
27.52000 3.092
27.54000 0.974
27.56000 6.045
27.58000 10.362
27.60000 7.110
27.62000 5.089
27.64000 -0.705
27.66000 2.064
27.68000 1.633
27.70000 3.204
27.72000 5.705
27.74000 1.167
27.76000 2.900
27.78000 4.273
27.80000 2.349
27.82000 2.350
27.84000 7.737
27.86000 5.977
27.88000 3.829
27.90000 5.255
27.92000 4.509
27.94000 3.559
27.96000 8.762
27.98000 6.813
28.00000 6.590
28.02000 6.611
28.04000 5.172
28.06000 4.391
28.08000 6.782
28.10000 4.731
28.12000 5.264
28.14000 4.610
28.16000 4.597
28.18000 3.963
28.20000 2.252
28.22000 4.773
28.24000 6.594
28.26000 4.058
28.28000 6.800
28.30000 6.923
28.32000 -0.103
28.34000 2.197
28.36000 5.183
28.38000 3.955
28.40000 2.819
28.42000 2.666
28.44000 8.537
28.46000 6.208
28.48000 6.175
28.50000 5.500
28.52000 6.140
28.54000 8.553
28.56000 -0.740
28.58000 -3.717
28.60000 1.663
28.62000 4.780
28.64000 2.651
28.66000 2.977
28.68000 2.769
28.70000 1.136
28.72000 -3.103
28.74000 4.369
28.76000 9.102
28.78000 6.743
28.80000 0.122
28.82000 -2.557
28.84000 5.168
28.86000 8.198
28.88000 0.427
28.90000 2.774
28.92000 2.183
28.94000 5.643
28.96000 3.763
28.98000 6.157
29.00000 2.701
29.02000 -2.399
29.04000 1.252
29.06000 2.779
29.08000 -0.076
29.10000 5.434
29.12000 1.112
29.14000 4.499
29.16000 2.307
29.18000 0.791
29.20000 1.910
29.22000 3.752
29.24000 1.224
29.26000 2.577
29.28000 2.285
29.30000 2.770
29.32000 6.491
29.34000 6.995
29.36000 2.930
29.38000 2.666
29.40000 1.995
29.42000 -0.375
29.44000 1.131
29.46000 4.060
29.48000 2.252
29.50000 3.287
29.52000 0.917
29.54000 1.331
29.56000 0.409
29.58000 2.075
29.60000 3.347
29.62000 2.735
29.64000 2.474
29.66000 5.624
29.68000 4.376
29.70000 3.891
29.72000 7.125
29.74000 2.994
29.76000 2.151
29.78000 0.971
29.80000 2.849
29.82000 3.593
29.84000 5.360
29.86000 3.387
29.88000 -0.641
29.90000 3.630
29.92000 7.166
29.94000 5.623
29.96000 4.860
29.98000 4.227
30.00000 1.628
30.02000 -3.622
30.04000 -2.595
30.06000 0.820
30.08000 5.214
30.10000 6.796
30.12000 5.143
30.14000 6.045
30.16000 7.527
30.18000 12.118
30.20000 2.092
30.22000 -3.618
30.24000 2.869
30.26000 2.883
30.28000 4.484
30.30000 6.035
30.32000 9.528
30.34000 4.395
30.36000 5.858
30.38000 8.349
30.40000 7.399
30.42000 6.709
30.44000 5.368
30.46000 5.945
30.48000 2.824
30.50000 4.457
30.52000 -0.182
30.54000 -2.058
30.56000 -0.172
30.58000 1.598
30.60000 4.055
30.62000 2.948
30.64000 6.226
30.66000 5.243
30.68000 2.218
30.70000 3.507
30.72000 -0.058
30.74000 4.973
30.76000 3.236
30.78000 -0.216
30.80000 0.803
30.82000 1.973
30.84000 3.201
30.86000 3.775
30.88000 3.103
30.90000 9.762
30.92000 6.450
30.94000 4.537
30.96000 2.626
30.98000 -2.446
31.00000 -1.619
31.02000 -1.704
31.04000 -3.170
31.06000 2.215
31.08000 5.025
31.10000 1.426
31.12000 3.562
31.14000 7.858
31.16000 1.855
31.18000 -2.002
31.20000 -0.559
31.22000 4.834
31.24000 7.106
31.26000 0.049
31.28000 -1.532
31.30000 -1.757
31.32000 0.442
31.34000 2.480
31.36000 1.415
31.38000 1.553
31.40000 -0.280
31.42000 5.503
31.44000 5.490
31.46000 4.181
31.48000 -2.186
31.50000 -2.861
31.52000 -3.586
31.54000 4.818
31.56000 5.794
31.58000 2.153
31.60000 2.606
31.62000 4.495
31.64000 3.212
31.66000 5.854
31.68000 2.277
31.70000 3.366
31.72000 3.070
31.74000 0.020
31.76000 3.043
31.78000 4.737
31.80000 0.724
31.82000 -0.012
31.84000 4.212
31.86000 0.784
31.88000 1.249
31.90000 3.700
31.92000 2.050
31.94000 0.259
31.96000 -1.698
31.98000 0.694
32.00000 3.103
32.02000 6.091
32.04000 2.833
32.06000 -0.277
32.08000 0.520
32.10000 3.759
32.12000 3.974
32.14000 2.864
32.16000 1.091
32.18000 0.718
32.20000 1.288
32.22000 1.883
32.24000 5.704
32.26000 1.502
32.28000 -1.999
32.30000 2.667
32.32000 4.082
32.34000 -0.642
32.36000 0.755
32.38000 2.981
32.40000 -0.005
32.42000 -2.609
32.44000 -3.560
32.46000 -1.204
32.48000 0.935
32.50000 2.659
32.52000 2.985
32.54000 -1.044
32.56000 -3.213
32.58000 -2.752
32.60000 -3.520
32.62000 0.293
32.64000 -0.810
32.66000 -0.667
32.68000 0.801
32.70000 1.421
32.72000 -1.448
32.74000 -3.354
32.76000 -1.229
32.78000 1.035
32.80000 -0.291
32.82000 0.540
32.84000 -2.348
32.86000 -2.583
32.88000 -1.684
32.90000 2.297
32.92000 -0.918
32.94000 -0.453
32.96000 -0.967
32.98000 -3.020
33.00000 4.058
33.02000 4.844
33.04000 1.935
33.06000 -1.219
33.08000 0.949
33.10000 0.439
33.12000 1.924
33.14000 2.333
33.16000 -2.413
33.18000 -0.890
33.20000 0.217
33.22000 -0.984
33.24000 -1.860
33.26000 -0.995
33.28000 -0.144
33.30000 -2.630
33.32000 0.280
33.34000 2.223
33.36000 3.596
33.38000 3.747
33.40000 4.813
33.42000 -0.257
33.44000 2.520
33.46000 -0.177
33.48000 1.456
33.50000 7.523
33.52000 7.263
33.54000 3.548
33.56000 1.241
33.58000 2.672
33.60000 0.322
33.62000 -1.031
33.64000 0.511
33.66000 4.981
33.68000 1.956
33.70000 2.476
33.72000 2.104
33.74000 2.446
33.76000 5.351
33.78000 -3.355
33.80000 -2.781
33.82000 0.226
33.84000 -1.203
33.86000 2.184
33.88000 -0.289
33.90000 9.819
33.92000 7.667
33.94000 4.536
33.96000 3.053
33.98000 2.244
34.00000 5.946
34.02000 0.395
34.04000 4.028
34.06000 -0.517
34.08000 -1.868
34.10000 7.969
34.12000 9.795
34.14000 6.145
34.16000 -0.950
34.18000 -3.515
34.20000 -1.133
34.22000 1.031
34.24000 0.134
34.26000 -0.967
34.28000 1.232
34.30000 -0.403
34.32000 1.517
34.34000 5.904
34.36000 6.115
34.38000 5.287
34.40000 6.728
34.42000 4.373
34.44000 3.877
34.46000 -0.952
34.48000 -1.520
34.50000 -2.089
34.52000 2.522
34.54000 5.869
34.56000 2.717
34.58000 2.709
34.60000 1.479
34.62000 3.847
34.64000 4.913
34.66000 4.447
34.68000 4.371
34.70000 4.684
34.72000 4.052
34.74000 3.289
34.76000 4.680
34.78000 6.852
34.80000 5.067
34.82000 9.134
34.84000 4.334
34.86000 2.959
34.88000 -0.020
34.90000 0.672
34.92000 0.052
34.94000 2.671
34.96000 -3.468
34.98000 -1.183
35.00000 -0.823
35.02000 -0.383
35.04000 4.468
35.06000 4.799
35.08000 0.251
35.10000 1.634
35.12000 0.988
35.14000 4.182
35.16000 2.787
35.18000 2.272
35.20000 2.204
35.22000 0.251
35.24000 -2.207
35.26000 -0.787
35.28000 -1.236
35.30000 0.404
35.32000 -0.032
35.34000 -2.467
35.36000 -1.007
35.38000 -2.882
35.40000 0.256
35.42000 -1.122
35.44000 0.681
35.46000 -2.085
35.48000 -1.447
35.50000 2.491
35.52000 1.680
35.54000 5.677
35.56000 4.696
35.58000 3.064
35.60000 3.602
35.62000 3.064
35.64000 1.863
35.66000 1.610
35.68000 3.073
35.70000 -1.601
35.72000 1.488
35.74000 -0.555
35.76000 -2.796
35.78000 0.844
35.80000 3.897
35.82000 6.975
35.84000 0.618
35.86000 -0.606
35.88000 0.418
35.90000 3.289
35.92000 4.544
35.94000 2.382
35.96000 -0.815
35.98000 -3.473
36.00000 5.899
36.02000 4.333
36.04000 2.646
36.06000 0.864
36.08000 -2.225
36.10000 -1.080
36.12000 -1.885
36.14000 -0.325
36.16000 0.094
36.18000 -0.887
36.20000 2.801
36.22000 8.213
36.24000 0.542
36.26000 -2.391
36.28000 -1.018
36.30000 1.014
36.32000 1.064
36.34000 3.372
36.36000 4.497
36.38000 1.488
36.40000 3.198
36.42000 0.730
36.44000 -1.995
36.46000 -1.237
36.48000 0.058
36.50000 0.171
36.52000 -0.312
36.54000 0.660
36.56000 -1.133
36.58000 -1.597
36.60000 3.427
36.62000 5.202
36.64000 4.073
36.66000 5.345
36.68000 6.221
36.70000 8.989
36.72000 2.731
36.74000 -3.217
36.76000 3.885
36.78000 5.377
36.80000 5.152
36.82000 0.100
36.84000 1.795
36.86000 9.308
36.88000 8.673
36.90000 5.891
36.92000 6.679
36.94000 5.729
36.96000 1.207
36.98000 -1.103
37.00000 0.779
37.02000 7.371
37.04000 4.556
37.06000 -2.942
37.08000 -3.488
37.10000 3.556
37.12000 5.441
37.14000 1.831
37.16000 -2.190
37.18000 -0.674
37.20000 0.152
37.22000 -0.820
37.24000 -0.902
37.26000 -1.582
37.28000 0.983
37.30000 3.098
37.32000 1.261
37.34000 0.052
37.36000 -2.579
37.38000 3.035
37.40000 4.049
37.42000 -0.341
37.44000 -0.235
37.46000 1.526
37.48000 2.010
37.50000 -2.133
37.52000 -0.768
37.54000 -0.707
37.56000 -2.386
37.58000 -3.049
37.60000 -3.571
37.62000 -0.348
37.64000 1.962
37.66000 2.548
37.68000 1.950
37.70000 -2.610
37.72000 5.818
37.74000 3.970
37.76000 -0.377
37.78000 -2.857
37.80000 -0.269
37.82000 2.405
37.84000 -2.410
37.86000 -0.616
37.88000 1.439
37.90000 1.615
37.92000 1.983
37.94000 2.550
37.96000 4.401
37.98000 8.405
38.00000 6.567
38.02000 5.162
38.04000 3.496
38.06000 0.454
38.08000 7.016
38.10000 6.678
38.12000 7.991
38.14000 5.586
38.16000 7.187
38.18000 7.119
38.20000 10.098
38.22000 13.613
38.24000 11.490
38.26000 8.553
38.28000 10.646
38.30000 10.534
38.32000 12.991
38.34000 9.394
38.36000 8.873
38.38000 7.846
38.40000 10.103
38.42000 14.145
38.44000 17.976
38.46000 17.128
38.48000 15.935
38.50000 15.930
38.52000 17.560
38.54000 19.912
38.56000 19.765
38.58000 21.040
38.60000 20.540
38.62000 18.013
38.64000 21.532
38.66000 18.992
38.68000 21.636
38.70000 26.852
38.72000 29.982
38.74000 24.106
38.76000 23.427
38.78000 23.711
38.80000 20.658
38.82000 19.590
38.84000 24.535
38.86000 23.286
38.88000 28.576
38.90000 25.276
38.92000 28.366
38.94000 28.985
38.96000 30.771
38.98000 30.408
39.00000 36.398
39.02000 38.029
39.04000 39.274
39.06000 42.060
39.08000 41.000
39.10000 41.286
39.12000 43.005
39.14000 42.887
39.16000 40.989
39.18000 47.339
39.20000 46.027
39.22000 47.477
39.24000 52.288
39.26000 55.200
39.28000 57.625
39.30000 58.101
39.32000 56.029
39.34000 57.251
39.36000 64.475
39.38000 70.372
39.40000 72.820
39.42000 75.107
39.44000 80.057
39.46000 85.579
39.48000 86.475
39.50000 92.645
39.52000 101.886
39.54000 104.420
39.56000 108.368
39.58000 113.690
39.60000 122.698
39.62000 124.593
39.64000 127.358
39.66000 138.283
39.68000 154.641
39.70000 165.617
39.72000 171.507
39.74000 181.294
39.76000 193.038
39.78000 207.092
39.80000 219.020
39.82000 232.704
39.84000 249.162
39.86000 265.509
39.88000 290.135
39.90000 312.362
39.92000 326.843
39.94000 345.574
39.96000 372.202
39.98000 403.969
40.00000 427.411
40.02000 459.299
40.04000 491.493
40.06000 526.539
40.08000 560.173
40.10000 593.023
40.12000 629.564
40.14000 674.998
40.16000 706.777
40.18000 756.351
40.20000 804.281
40.22000 844.638
40.24000 872.644
40.26000 914.062
40.28000 952.712
40.30000 986.531
40.32000 1020.171
40.34000 1048.222
40.36000 1076.548
40.38000 1097.714
40.40000 1106.177
40.42000 1124.289
40.44000 1128.819
40.46000 1131.413
40.48000 1132.919
40.50000 1109.492
40.52000 1104.887
40.54000 1094.424
40.56000 1063.235
40.58000 1058.444
40.60000 1033.373
40.62000 1010.230
40.64000 977.672
40.66000 948.347
40.68000 912.701
40.70000 870.045
40.72000 843.663
40.74000 822.703
40.76000 778.169
40.78000 738.959
40.80000 698.701
40.82000 668.350
40.84000 653.260
40.86000 622.134
40.88000 569.245
40.90000 543.760
40.92000 519.186
40.94000 494.677
40.96000 469.652
40.98000 442.647
41.00000 417.620
41.02000 399.618
41.04000 370.467
41.06000 350.522
41.08000 329.191
41.10000 311.952
41.12000 295.750
41.14000 276.098
41.16000 260.682
41.18000 247.105
41.20000 235.815
41.22000 218.342
41.24000 212.799
41.26000 206.061
41.28000 195.003
41.30000 184.387
41.32000 169.317
41.34000 161.055
41.36000 152.632
41.38000 141.715
41.40000 132.378
41.42000 121.893
41.44000 117.338
41.46000 111.292
41.48000 110.146
41.50000 111.409
41.52000 102.192
41.54000 95.508
41.56000 90.459
41.58000 83.808
41.60000 83.327
41.62000 77.738
41.64000 75.721
41.66000 71.593
41.68000 68.401
41.70000 65.848
41.72000 66.443
41.74000 59.700
41.76000 57.906
41.78000 61.733
41.80000 54.012
41.82000 48.332
41.84000 48.442
41.86000 47.509
41.88000 43.015
41.90000 41.009
41.92000 38.920
41.94000 38.344
41.96000 39.937
41.98000 36.815
42.00000 33.347
42.02000 33.110
42.04000 35.079
42.06000 30.236
42.08000 30.868
42.10000 28.317
42.12000 29.448
42.14000 24.602
42.16000 22.304
42.18000 23.099
42.20000 27.032
42.22000 25.865
42.24000 23.828
42.26000 21.357
42.28000 20.441
42.30000 18.017
42.32000 19.205
42.34000 17.104
42.36000 13.172
42.38000 12.443
42.40000 9.144
42.42000 13.726
42.44000 13.434
42.46000 13.131
42.48000 14.455
42.50000 16.053
42.52000 16.926
42.54000 11.423
42.56000 6.950
42.58000 5.712
42.60000 9.875
42.62000 9.750
42.64000 6.315
42.66000 10.443
42.68000 10.819
42.70000 7.518
42.72000 9.900
42.74000 8.576
42.76000 6.545
42.78000 8.100
42.80000 4.493
42.82000 3.685
42.84000 5.032
42.86000 3.441
42.88000 2.960
42.90000 3.925
42.92000 4.061
42.94000 2.664
42.96000 6.567
42.98000 6.944
43.00000 2.974
43.02000 2.834
43.04000 4.049
43.06000 7.061
43.08000 4.831
43.10000 2.598
43.12000 2.887
43.14000 -0.231
43.16000 -3.456
43.18000 0.301
43.20000 2.233
43.22000 -2.117
43.24000 0.295
43.26000 4.072
43.28000 3.222
43.30000 1.840
43.32000 3.009
43.34000 0.249
43.36000 2.841
43.38000 2.158
43.40000 2.313
43.42000 0.302
43.44000 0.322
43.46000 -0.428
43.48000 -1.559
43.50000 -3.414
43.52000 3.589
43.54000 3.004
43.56000 -2.150
43.58000 -1.651
43.60000 0.899
43.62000 3.013
43.64000 1.697
43.66000 -1.744
43.68000 0.403
43.70000 4.470
43.72000 0.830
43.74000 0.902
43.76000 -1.096
43.78000 -2.107
43.80000 -0.374
43.82000 0.345
43.84000 -0.501
43.86000 -0.249
43.88000 -1.502
43.90000 -0.874
43.92000 1.299
43.94000 -2.314
43.96000 0.618
43.98000 0.566
44.00000 -0.720
44.02000 -2.612
44.04000 -1.381
44.06000 -0.295
44.08000 -0.365
44.10000 -1.260
44.12000 -1.520
44.14000 0.069
44.16000 3.056
44.18000 -0.067
44.20000 -2.080
44.22000 0.534
44.24000 2.088
44.26000 0.384
44.28000 -3.100
44.30000 -1.516
44.32000 -2.755
44.34000 -3.319
44.36000 -1.766
44.38000 -0.108
44.40000 -1.071
44.42000 -3.204
44.44000 -1.005
44.46000 -2.281
44.48000 1.135
44.50000 1.674
44.52000 -2.179
44.54000 -2.557
44.56000 0.405
44.58000 -1.013
44.60000 0.398
44.62000 1.584
44.64000 -2.946
44.66000 -2.983
44.68000 -1.543
44.70000 2.746
44.72000 1.927
44.74000 -2.444
44.76000 -2.503
44.78000 -0.578
44.80000 1.240
44.82000 -2.039
44.84000 -3.297
44.86000 -1.201
44.88000 -1.098
44.90000 -0.096
44.92000 0.021
44.94000 -1.150
44.96000 2.593
44.98000 -1.213
45.00000 -1.265
45.02000 -1.756
45.04000 -1.435
45.06000 0.951
45.08000 -1.141
45.10000 -1.117
45.12000 0.467
45.14000 0.969
45.16000 -1.313
45.18000 -2.234
45.20000 -0.117
45.22000 -2.607
45.24000 -0.899
45.26000 -0.565
45.28000 -0.764
45.30000 -1.104
45.32000 0.216
45.34000 -3.304
45.36000 -2.436
45.38000 4.364
45.40000 4.926
45.42000 0.186
45.44000 -2.402
45.46000 -1.954
45.48000 0.962
45.50000 -0.451
45.52000 -1.106
45.54000 2.752
45.56000 8.518
45.58000 6.228
45.60000 1.918
45.62000 -0.841
45.64000 -0.657
45.66000 6.722
45.68000 3.945
45.70000 5.065
45.72000 5.212
45.74000 3.515
45.76000 12.970
45.78000 13.409
45.80000 6.067
45.82000 9.064
45.84000 16.244
45.86000 13.140
45.88000 8.395
45.90000 11.339
45.92000 10.363
45.94000 11.189
45.96000 13.915
45.98000 12.800
46.00000 12.563
46.02000 18.404
46.04000 24.936
46.06000 25.313
46.08000 25.694
46.10000 24.738
46.12000 25.716
46.14000 27.579
46.16000 24.867
46.18000 28.419
46.20000 29.039
46.22000 31.812
46.24000 36.681
46.26000 34.812
46.28000 39.514
46.30000 36.141
46.32000 39.129
46.34000 38.876
46.36000 45.400
46.38000 45.927
46.40000 44.204
46.42000 50.541
46.44000 57.619
46.46000 60.172
46.48000 63.300
46.50000 63.510
46.52000 68.141
46.54000 69.207
46.56000 70.048
46.58000 73.837
46.60000 80.221
46.62000 89.499
46.64000 93.720
46.66000 94.545
46.68000 95.034
46.70000 103.828
46.72000 109.192
46.74000 111.690
46.76000 116.285
46.78000 120.476
46.80000 125.512
46.82000 130.000
46.84000 136.154
46.86000 138.418
46.88000 147.306
46.90000 155.438
46.92000 164.250
46.94000 167.434
46.96000 166.579
46.98000 171.878
47.00000 172.223
47.02000 174.804
47.04000 175.572
47.06000 173.819
47.08000 173.773
47.10000 163.481
47.12000 166.610
47.14000 173.404
47.16000 173.057
47.18000 169.256
47.20000 167.908
47.22000 165.609
47.24000 151.591
47.26000 150.572
47.28000 145.063
47.30000 140.294
47.32000 139.954
47.34000 135.853
47.36000 131.185
47.38000 126.969
47.40000 124.782
47.42000 117.309
47.44000 113.578
47.46000 104.934
47.48000 103.004
47.50000 94.822
47.52000 89.766
47.54000 85.899
47.56000 82.859
47.58000 82.223
47.60000 74.216
47.62000 72.385
47.64000 67.364
47.66000 63.332
47.68000 57.504
47.70000 58.327
47.72000 50.836
47.74000 49.311
47.76000 46.634
47.78000 47.841
47.80000 44.331
47.82000 42.425
47.84000 38.168
47.86000 32.486
47.88000 28.341
47.90000 29.310
47.92000 28.121
47.94000 25.829
47.96000 25.852
47.98000 26.581
48.00000 19.123
48.02000 18.792
48.04000 19.184
48.06000 20.976
48.08000 21.740
48.10000 15.263
48.12000 14.029
48.14000 12.998
48.16000 10.135
48.18000 11.162
48.20000 8.968
48.22000 10.763
48.24000 8.572
48.26000 13.021
48.28000 7.915
48.30000 7.731
48.32000 7.848
48.34000 6.328
48.36000 7.445
48.38000 8.271
48.40000 2.269
48.42000 1.437
48.44000 1.807
48.46000 3.094
48.48000 2.012
48.50000 6.920
48.52000 2.244
48.54000 2.880
48.56000 -1.425
48.58000 -0.431
48.60000 1.694
48.62000 2.191
48.64000 0.437
48.66000 -0.072
48.68000 -1.360
48.70000 2.023
48.72000 2.930
48.74000 4.607
48.76000 0.298
48.78000 -1.342
48.80000 -0.493
48.82000 -1.586
48.84000 1.690
48.86000 3.292
48.88000 -0.653
48.90000 2.253
48.92000 0.871
48.94000 -1.949
48.96000 -2.761
48.98000 0.223
49.00000 0.349
49.02000 2.888
49.04000 0.109
49.06000 0.028
49.08000 -0.823
49.10000 -2.801
49.12000 4.229
49.14000 0.998
49.16000 -0.931
49.18000 -0.636
49.20000 -1.526
49.22000 0.697
49.24000 -2.491
49.26000 2.044
49.28000 -2.640
49.30000 -2.447
49.32000 -1.438
49.34000 2.652
49.36000 0.913
49.38000 -1.385
49.40000 0.988
49.42000 -0.841
49.44000 -0.564
49.46000 -1.739
49.48000 -2.337
49.50000 -0.792
49.52000 1.011
49.54000 -0.864
49.56000 -2.704
49.58000 -2.314
49.60000 -1.541
49.62000 -0.423
49.64000 2.539
49.66000 2.031
49.68000 0.309
49.70000 0.821
49.72000 -0.081
49.74000 2.592
49.76000 1.184
49.78000 -0.686
49.80000 -2.023
49.82000 1.204
49.84000 0.423
49.86000 0.104
49.88000 0.496
49.90000 0.941
49.92000 -0.852
49.94000 -0.226
49.96000 -1.309
49.98000 2.541
50.00000 1.926
50.02000 -1.075
50.04000 0.242
50.06000 1.144
50.08000 2.597
50.10000 -0.609
50.12000 1.451
50.14000 4.477
50.16000 2.668
50.18000 0.766
50.20000 -0.265
50.22000 -1.556
50.24000 0.615
50.26000 -1.972
50.28000 0.618
50.30000 -0.508
50.32000 -2.553
50.34000 0.569
50.36000 -0.964
50.38000 -1.453
50.40000 1.665
50.42000 2.417
50.44000 3.577
50.46000 3.559
50.48000 0.868
50.50000 -1.054
50.52000 1.362
50.54000 3.237
50.56000 -0.265
50.58000 -1.613
50.60000 -2.613
50.62000 -1.185
50.64000 -1.672
50.66000 1.184
50.68000 -1.022
50.70000 -1.643
50.72000 3.991
50.74000 4.001
50.76000 2.911
50.78000 3.821
50.80000 2.442
50.82000 4.264
50.84000 4.203
50.86000 2.576
50.88000 -1.836
50.90000 -1.057
50.92000 -2.584
50.94000 -0.926
50.96000 0.889
50.98000 5.470
51.00000 4.022
51.02000 3.610
51.04000 3.371
51.06000 -2.406
51.08000 -2.220
51.10000 -0.438
51.12000 2.481
51.14000 -0.161
51.16000 0.567
51.18000 0.637
51.20000 -0.525
51.22000 2.218
51.24000 1.988
51.26000 0.993
51.28000 -2.428
51.30000 4.094
51.32000 4.362
51.34000 -0.360
51.36000 -0.877
51.38000 2.398
51.40000 3.474
51.42000 2.663
51.44000 6.197
51.46000 6.167
51.48000 4.157
51.50000 4.085
51.52000 3.925
51.54000 3.245
51.56000 1.441
51.58000 1.732
51.60000 -2.555
51.62000 1.756
51.64000 3.354
51.66000 2.883
51.68000 5.007
51.70000 1.994
51.72000 3.130
51.74000 2.764
51.76000 1.320
51.78000 1.275
51.80000 0.882
51.82000 0.467
51.84000 -0.769
51.86000 -1.292
51.88000 1.731
51.90000 0.509
51.92000 -0.902
51.94000 -2.133
51.96000 0.881
51.98000 0.811
52.00000 0.474
52.02000 -0.139
52.04000 0.355
52.06000 0.146
52.08000 0.566
52.10000 1.540
52.12000 -0.435
52.14000 -1.544
52.16000 -0.017
52.18000 1.616
52.20000 1.881
52.22000 -0.459
52.24000 0.512
52.26000 4.134
52.28000 3.254
52.30000 2.976
52.32000 2.549
52.34000 2.522
52.36000 0.551
52.38000 2.932
52.40000 1.210
52.42000 3.257
52.44000 0.976
52.46000 1.608
52.48000 5.477
52.50000 3.997
52.52000 2.197
52.54000 0.998
52.56000 2.973
52.58000 0.725
52.60000 -2.516
52.62000 0.929
52.64000 3.407
52.66000 1.623
52.68000 -0.976
52.70000 -1.132
52.72000 0.289
52.74000 4.395
52.76000 2.625
52.78000 3.396
52.80000 4.002
52.82000 1.802
52.84000 5.945
52.86000 5.922
52.88000 6.490
52.90000 3.114
52.92000 0.390
52.94000 4.195
52.96000 1.999
52.98000 -0.497
53.00000 2.488
53.02000 4.163
53.04000 1.311
53.06000 -2.238
53.08000 2.051
53.10000 3.807
53.12000 0.694
53.14000 -1.772
53.16000 -1.731
53.18000 -2.492
53.20000 -0.647
53.22000 2.261
53.24000 0.859
53.26000 1.158
53.28000 -2.132
53.30000 1.784
53.32000 1.407
53.34000 -1.803
53.36000 4.136
53.38000 3.628
53.40000 2.934
53.42000 2.489
53.44000 3.883
53.46000 2.497
53.48000 -1.309
53.50000 0.366
53.52000 0.675
53.54000 2.269
53.56000 1.248
53.58000 -0.070
53.60000 -0.066
53.62000 -0.561
53.64000 -1.303
53.66000 0.177
53.68000 4.281
53.70000 5.922
53.72000 3.486
53.74000 4.254
53.76000 0.963
53.78000 1.167
53.80000 -0.177
53.82000 1.385
53.84000 2.484
53.86000 1.703
53.88000 0.820
53.90000 0.466
53.92000 1.892
53.94000 2.163
53.96000 3.347
53.98000 4.700
54.00000 4.987
54.02000 -0.846
54.04000 -2.306
54.06000 -0.795
54.08000 2.067
54.10000 3.616
54.12000 4.435
54.14000 0.927
54.16000 -2.452
54.18000 1.186
54.20000 2.850
54.22000 1.107
54.24000 0.596
54.26000 1.779
54.28000 2.494
54.30000 2.692
54.32000 3.648
54.34000 4.049
54.36000 3.356
54.38000 4.027
54.40000 0.709
54.42000 1.437
54.44000 2.273
54.46000 2.658
54.48000 3.644
54.50000 1.493
54.52000 2.878
54.54000 2.271
54.56000 0.203
54.58000 5.824
54.60000 6.141
54.62000 3.395
54.64000 2.155
54.66000 1.021
54.68000 -0.533
54.70000 -1.785
54.72000 0.384
54.74000 2.415
54.76000 -1.684
54.78000 1.439
54.80000 -0.056
54.82000 1.208
54.84000 3.092
54.86000 3.402
54.88000 2.821
54.90000 3.614
54.92000 0.442
54.94000 4.952
54.96000 1.863
54.98000 0.320
55.00000 -0.799
55.02000 -2.129
55.04000 1.203
55.06000 2.859
55.08000 3.154
55.10000 0.001
55.12000 -2.422
55.14000 1.128
55.16000 5.639
55.18000 2.073
55.20000 -2.182
55.22000 -2.402
55.24000 0.412
55.26000 2.460
55.28000 1.037
55.30000 1.429
55.32000 -1.205
55.34000 4.353
55.36000 0.860
55.38000 1.886
55.40000 0.768
55.42000 1.294
55.44000 2.016
55.46000 2.519
55.48000 -0.075
55.50000 1.575
55.52000 2.108
55.54000 -0.726
55.56000 0.113
55.58000 1.349
55.60000 2.197
55.62000 1.643
55.64000 2.125
55.66000 0.425
55.68000 3.711
55.70000 3.039
55.72000 0.125
55.74000 2.879
55.76000 1.646
55.78000 1.334
55.80000 0.832
55.82000 0.242
55.84000 0.767
55.86000 -0.658
55.88000 1.689
55.90000 0.152
55.92000 3.816
55.94000 1.620
55.96000 -2.420
55.98000 -1.919
56.00000 3.495
56.02000 1.459
56.04000 -0.719
56.06000 0.911
56.08000 0.068
56.10000 1.111
56.12000 5.431
56.14000 2.536
56.16000 2.053
56.18000 3.077
56.20000 3.088
56.22000 2.125
56.24000 3.805
56.26000 1.136
56.28000 2.115
56.30000 3.088
56.32000 1.739
56.34000 2.802
56.36000 -0.697
56.38000 1.472
56.40000 -0.076
56.42000 -0.795
56.44000 1.551
56.46000 1.780
56.48000 -0.042
56.50000 -2.054
56.52000 0.198
56.54000 -1.778
56.56000 -2.180
56.58000 -0.642
56.60000 3.733
56.62000 1.836
56.64000 1.630
56.66000 4.603
56.68000 4.250
56.70000 -0.072
56.72000 -0.173
56.74000 2.680
56.76000 1.954
56.78000 4.560
56.80000 0.990
56.82000 0.637
56.84000 3.035
56.86000 2.038
56.88000 2.086
56.90000 -2.390
56.92000 -0.126
56.94000 2.021
56.96000 1.907
56.98000 2.165
57.00000 1.363
57.02000 2.982
57.04000 2.891
57.06000 2.183
57.08000 2.194
57.10000 2.508
57.12000 2.411
57.14000 0.861
57.16000 -0.210
57.18000 1.299
57.20000 3.878
57.22000 6.062
57.24000 6.264
57.26000 4.659
57.28000 3.786
57.30000 1.060
57.32000 -0.135
57.34000 -0.136
57.36000 1.121
57.38000 4.177
57.40000 3.678
57.42000 3.299
57.44000 0.957
57.46000 -2.343
57.48000 -0.844
57.50000 5.320
57.52000 1.335
57.54000 0.738
57.56000 1.197
57.58000 1.516
57.60000 2.283
57.62000 2.914
57.64000 1.213
57.66000 3.456
57.68000 5.006
57.70000 6.920
57.72000 3.299
57.74000 5.494
57.76000 2.035
57.78000 -0.058
57.80000 -2.341
57.82000 0.353
57.84000 -0.216
57.86000 2.635
57.88000 0.913
57.90000 0.542
57.92000 2.611
57.94000 2.043
57.96000 -0.420
57.98000 2.706
58.00000 2.531
58.02000 1.516
58.04000 -1.649
58.06000 -0.033
58.08000 2.179
58.10000 3.419
58.12000 -1.364
58.14000 3.269
58.16000 1.031
58.18000 2.235
58.20000 4.155
58.22000 2.491
58.24000 4.615
58.26000 4.737
58.28000 2.942
58.30000 0.938
58.32000 1.470
58.34000 0.134
58.36000 2.028
58.38000 1.074
58.40000 2.709
58.42000 6.288
58.44000 3.607
58.46000 2.844
58.48000 4.103
58.50000 1.233
58.52000 3.890
58.54000 2.700
58.56000 1.375
58.58000 3.718
58.60000 4.193
58.62000 5.205
58.64000 4.610
58.66000 1.863
58.68000 2.781
58.70000 1.192
58.72000 1.179
58.74000 4.189
58.76000 5.245
58.78000 3.217
58.80000 3.361
58.82000 4.406
58.84000 2.963
58.86000 0.543
58.88000 4.570
58.90000 4.256
58.92000 3.538
58.94000 0.018
58.96000 -0.468
58.98000 3.416
59.00000 1.354
59.02000 -2.296
59.04000 1.357
59.06000 3.323
59.08000 2.779
59.10000 0.380
59.12000 -1.152
59.14000 1.012
59.16000 0.462
59.18000 -2.104
59.20000 -0.992
59.22000 1.560
59.24000 5.323
59.26000 3.379
59.28000 3.196
59.30000 4.032
59.32000 5.483
59.34000 3.987
59.36000 -2.165
59.38000 -1.497
59.40000 -1.337
59.42000 2.626
59.44000 4.425
59.46000 4.101
59.48000 5.902
59.50000 0.945
59.52000 1.335
59.54000 -1.576
59.56000 2.385
59.58000 4.913
59.60000 1.008
59.62000 0.015
59.64000 -1.567
59.66000 1.678
59.68000 5.324
59.70000 1.311
59.72000 2.000
59.74000 5.224
59.76000 6.394
59.78000 4.230
59.80000 1.887
59.82000 2.908
59.84000 -2.260
59.86000 -0.744
59.88000 0.377
59.90000 1.465
59.92000 6.499
59.94000 3.022
59.96000 -0.750
59.98000 1.730
60.00000 -0.019
60.02000 4.066
60.04000 2.140
60.06000 2.022
60.08000 1.143
60.10000 2.046
60.12000 3.189
60.14000 4.063
60.16000 5.430
60.18000 5.358
60.20000 4.746
60.22000 3.492
60.24000 5.394
60.26000 4.432
60.28000 4.362
60.30000 2.624
60.32000 -0.134
60.34000 -0.260
60.36000 2.535
60.38000 3.033
60.40000 4.674
60.42000 1.882
60.44000 -0.326
60.46000 -1.907
60.48000 -0.873
60.50000 3.435
60.52000 0.890
60.54000 -0.511
60.56000 1.573
60.58000 0.537
60.60000 0.886
60.62000 4.990
60.64000 2.206
60.66000 -0.059
60.68000 2.430
60.70000 3.518
60.72000 3.717
60.74000 1.137
60.76000 -0.282
60.78000 1.170
60.80000 2.089
60.82000 3.667
60.84000 2.120
60.86000 -0.726
60.88000 0.834
60.90000 -2.253
60.92000 -0.434
60.94000 0.350
60.96000 2.076
60.98000 3.103
61.00000 1.331
61.02000 1.713
61.04000 2.098
61.06000 4.151
61.08000 5.244
61.10000 2.159
61.12000 -0.029
61.14000 2.675
61.16000 2.373
61.18000 -2.167
61.20000 -0.411
61.22000 0.910
61.24000 5.541
61.26000 2.417
61.28000 0.981
61.30000 2.261
61.32000 0.773
61.34000 1.362
61.36000 4.119
61.38000 0.736
61.40000 1.567
61.42000 1.169
61.44000 1.811
61.46000 4.347
61.48000 1.595
61.50000 1.412
61.52000 1.683
61.54000 -1.969
61.56000 -0.284
61.58000 0.397
61.60000 2.469
61.62000 1.133
61.64000 3.995
61.66000 3.712
61.68000 0.294
61.70000 -0.291
61.72000 0.593
61.74000 2.820
61.76000 2.487
61.78000 2.177
61.80000 -2.237
61.82000 -0.869
61.84000 -1.887
61.86000 3.017
61.88000 5.413
61.90000 7.310
61.92000 4.515
61.94000 1.334
61.96000 0.914
61.98000 2.066
62.00000 1.586
62.02000 2.761
62.04000 -0.329
62.06000 1.285
62.08000 3.084
62.10000 0.754
62.12000 0.751
62.14000 3.032
62.16000 4.522
62.18000 3.029
62.20000 0.999
62.22000 -0.123
62.24000 -0.689
62.26000 2.926
62.28000 5.454
62.30000 3.715
62.32000 0.079
62.34000 1.639
62.36000 0.893
62.38000 1.039
62.40000 0.530
62.42000 0.571
62.44000 0.217
62.46000 0.932
62.48000 -2.226
62.50000 1.603
62.52000 5.268
62.54000 1.374
62.56000 2.380
62.58000 4.299
62.60000 4.901
62.62000 1.754
62.64000 1.172
62.66000 1.027
62.68000 -1.365
62.70000 1.751
62.72000 1.601
62.74000 1.076
62.76000 2.722
62.78000 1.491
62.80000 -0.384
62.82000 -1.679
62.84000 1.170
62.86000 3.328
62.88000 3.597
62.90000 3.015
62.92000 -0.913
62.94000 -1.128
62.96000 -2.246
62.98000 0.643
63.00000 0.593
63.02000 2.042
63.04000 2.362
63.06000 2.336
63.08000 2.737
63.10000 0.869
63.12000 1.194
63.14000 0.267
63.16000 1.092
63.18000 0.001
63.20000 2.229
63.22000 1.379
63.24000 -0.601
63.26000 0.051
63.28000 0.739
63.30000 -0.058
63.32000 -0.782
63.34000 0.218
63.36000 -1.224
63.38000 1.359
63.40000 1.743
63.42000 -0.035
63.44000 -0.809
63.46000 0.173
63.48000 3.165
63.50000 5.066
63.52000 2.772
63.54000 0.065
63.56000 -2.106
63.58000 -1.946
63.60000 -1.368
63.62000 0.747
63.64000 0.404
63.66000 -0.281
63.68000 -0.208
63.70000 1.420
63.72000 1.604
63.74000 2.423
63.76000 -0.787
63.78000 2.301
63.80000 2.052
63.82000 2.070
63.84000 1.199
63.86000 0.284
63.88000 1.880
63.90000 -0.003
63.92000 -0.397
63.94000 -1.861
63.96000 -0.224
63.98000 0.057
64.00000 2.211
64.02000 1.491
64.04000 1.556
64.06000 3.455
64.08000 -0.662
64.10000 -2.209
64.12000 0.245
64.14000 1.288
64.16000 2.867
64.18000 3.354
64.20000 2.351
64.22000 1.388
64.24000 3.544
64.26000 1.473
64.28000 1.768
64.30000 0.544
64.32000 1.515
64.34000 3.054
64.36000 1.812
64.38000 2.890
64.40000 1.658
64.42000 0.226
64.44000 1.124
64.46000 3.371
64.48000 4.717
64.50000 2.785
64.52000 -0.947
64.54000 3.530
64.56000 2.337
64.58000 0.788
64.60000 1.302
64.62000 1.387
64.64000 0.636
64.66000 0.361
64.68000 3.403
64.70000 4.681
64.72000 3.701
64.74000 1.930
64.76000 4.323
64.78000 2.778
64.80000 2.971
64.82000 1.367
64.84000 2.447
64.86000 1.926
64.88000 3.048
64.90000 -0.633
64.92000 -0.167
64.94000 2.877
64.96000 4.038
64.98000 2.557
65.00000 -0.363
65.02000 -1.234
65.04000 0.022
65.06000 -2.234
65.08000 0.866
65.10000 1.241
65.12000 3.661
65.14000 1.661
65.16000 0.804
65.18000 1.086
65.20000 -0.046
65.22000 -1.200
65.24000 0.018
65.26000 3.039
65.28000 1.205
65.30000 -0.836
65.32000 0.390
65.34000 1.019
65.36000 -0.255
65.38000 -0.970
65.40000 0.292
65.42000 1.628
65.44000 1.936
65.46000 2.547
65.48000 2.438
65.50000 1.202
65.52000 -0.893
65.54000 0.019
65.56000 -0.996
65.58000 0.946
65.60000 1.842
65.62000 -0.995
65.64000 1.381
65.66000 2.394
65.68000 2.717
65.70000 2.546
65.72000 0.498
65.74000 3.623
65.76000 4.352
65.78000 0.047
65.80000 -2.209
65.82000 -1.250
65.84000 1.496
65.86000 3.193
65.88000 1.867
65.90000 -0.960
65.92000 0.797
65.94000 4.301
65.96000 1.979
65.98000 4.871
66.00000 1.665
66.02000 1.882
66.04000 1.426
66.06000 0.775
66.08000 -0.999
66.10000 1.112
66.12000 3.971
66.14000 1.280
66.16000 -0.127
66.18000 1.500
66.20000 0.962
66.22000 -1.478
66.24000 -1.661
66.26000 -0.077
66.28000 2.870
66.30000 2.914
66.32000 1.560
66.34000 3.098
66.36000 2.993
66.38000 -0.594
66.40000 1.552
66.42000 1.495
66.44000 2.843
66.46000 2.435
66.48000 0.476
66.50000 0.409
66.52000 -1.388
66.54000 0.313
66.56000 -0.835
66.58000 0.593
66.60000 -0.601
66.62000 -0.104
66.64000 2.555
66.66000 1.379
66.68000 -1.367
66.70000 0.630
66.72000 2.211
66.74000 5.347
66.76000 4.444
66.78000 1.918
66.80000 -2.150
66.82000 -0.273
66.84000 -1.636
66.86000 -0.389
66.88000 -0.492
66.90000 -2.249
66.92000 1.294
66.94000 2.388
66.96000 3.656
66.98000 1.846
67.00000 4.360
67.02000 1.836
67.04000 0.650
67.06000 0.849
67.08000 1.808
67.10000 0.126
67.12000 -2.260
67.14000 1.177
67.16000 0.452
67.18000 -0.399
67.20000 1.774
67.22000 0.950
67.24000 -1.005
67.26000 1.441
67.28000 2.048
67.30000 3.215
67.32000 3.145
67.34000 1.741
67.36000 2.522
67.38000 4.341
67.40000 3.359
67.42000 0.652
67.44000 0.161
67.46000 1.655
67.48000 2.143
67.50000 2.618
67.52000 -1.128
67.54000 -1.789
67.56000 1.127
67.58000 -1.065
67.60000 0.729
67.62000 0.988
67.64000 1.792
67.66000 1.434
67.68000 3.136
67.70000 1.458
67.72000 -1.470
67.74000 4.095
67.76000 6.540
67.78000 4.324
67.80000 5.065
67.82000 5.631
67.84000 3.043
67.86000 3.413
67.88000 5.873
67.90000 7.991
67.92000 4.978
67.94000 3.520
67.96000 5.644
67.98000 7.179
68.00000 6.410
68.02000 3.665
68.04000 8.019
68.06000 9.358
68.08000 7.311
68.10000 5.770
68.12000 6.999
68.14000 10.514
68.16000 10.259
68.18000 8.340
68.20000 11.110
68.22000 14.599
68.24000 14.119
68.26000 15.211
68.28000 16.586
68.30000 17.520
68.32000 19.716
68.34000 17.627
68.36000 18.797
68.38000 22.647
68.40000 21.449
68.42000 23.674
68.44000 26.295
68.46000 23.831
68.48000 25.818
68.50000 28.766
68.52000 29.862
68.54000 28.562
68.56000 29.491
68.58000 32.504
68.60000 32.271
68.62000 28.836
68.64000 32.401
68.66000 34.371
68.68000 33.963
68.70000 35.416
68.72000 36.282
68.74000 39.462
68.76000 37.997
68.78000 39.058
68.80000 39.546
68.82000 37.888
68.84000 38.900
68.86000 35.861
68.88000 37.290
68.90000 37.655
68.92000 36.602
68.94000 38.573
68.96000 36.531
68.98000 36.926
69.00000 35.028
69.02000 30.856
69.04000 30.286
69.06000 31.491
69.08000 33.149
69.10000 30.071
69.12000 29.068
69.14000 28.843
69.16000 28.863
69.18000 25.942
69.20000 22.357
69.22000 20.411
69.24000 22.621
69.26000 20.555
69.28000 19.573
69.30000 18.741
69.32000 18.858
69.34000 14.452
69.36000 12.159
69.38000 17.471
69.40000 15.098
69.42000 11.314
69.44000 12.778
69.46000 11.519
69.48000 12.172
69.50000 7.996
69.52000 9.186
69.54000 6.964
69.56000 10.841
69.58000 10.331
69.60000 7.223
69.62000 5.232
69.64000 4.476
69.66000 4.144
69.68000 7.692
69.70000 8.150
69.72000 6.919
69.74000 7.222
69.76000 10.080
69.78000 6.703
69.80000 4.022
69.82000 6.793
69.84000 7.360
69.86000 10.054
69.88000 8.205
69.90000 1.864
69.92000 2.947
69.94000 4.232
69.96000 2.632
69.98000 3.066
70.00000 0.098
70.02000 -2.223
70.04000 -1.518
70.06000 3.571
70.08000 2.387
70.10000 5.022
70.12000 5.637
70.14000 4.765
70.16000 4.120
70.18000 2.641
70.20000 -0.786
70.22000 -1.483
70.24000 -0.520
70.26000 1.009
70.28000 0.461
70.30000 1.634
70.32000 3.464
70.34000 2.215
70.36000 -0.969
70.38000 2.282
70.40000 2.950
70.42000 -0.127
70.44000 0.967
70.46000 0.141
70.48000 4.361
70.50000 4.801
70.52000 2.769
70.54000 2.781
70.56000 2.364
70.58000 2.632
70.60000 -1.616
70.62000 -0.453
70.64000 1.460
70.66000 0.946
70.68000 -0.686
70.70000 1.803
70.72000 2.867
70.74000 2.047
70.76000 2.525
70.78000 -0.293
70.80000 0.843
70.82000 3.404
70.84000 2.046
70.86000 -0.901
70.88000 -1.367
70.90000 1.173
70.92000 0.165
70.94000 -0.363
70.96000 0.400
70.98000 -0.879
71.00000 1.634
71.02000 1.610
71.04000 1.718
71.06000 -0.957
71.08000 0.606
71.10000 0.283
71.12000 1.274
71.14000 2.799
71.16000 -1.785
71.18000 -1.701
71.20000 1.109
71.22000 2.128
71.24000 2.153
71.26000 3.532
71.28000 -0.003
71.30000 -2.130
71.32000 2.284
71.34000 3.811
71.36000 2.995
71.38000 0.669
71.40000 -0.084
71.42000 2.004
71.44000 0.667
71.46000 2.878
71.48000 2.217
71.50000 5.793
71.52000 2.088
71.54000 -1.190
71.56000 0.746
71.58000 1.671
71.60000 1.888
71.62000 -0.054
71.64000 4.303
71.66000 4.360
71.68000 3.943
71.70000 4.263
71.72000 2.042
71.74000 0.529
71.76000 -1.269
71.78000 -1.694
71.80000 -1.968
71.82000 -0.736
71.84000 0.747
71.86000 1.108
71.88000 2.588
71.90000 -2.083
71.92000 -2.082
71.94000 -0.134
71.96000 1.478
71.98000 4.666
72.00000 1.804
72.02000 1.010
72.04000 1.635
72.06000 2.450
72.08000 -0.463
72.10000 2.180
72.12000 2.169
72.14000 2.922
72.16000 1.933
72.18000 2.967
72.20000 2.028
72.22000 6.997
72.24000 3.691
72.26000 -0.184
72.28000 0.889
72.30000 0.951
72.32000 3.037
72.34000 -0.713
72.36000 4.015
72.38000 3.121
72.40000 2.631
72.42000 2.436
72.44000 1.797
72.46000 3.907
72.48000 4.319
72.50000 2.557
72.52000 2.510
72.54000 1.394
72.56000 -2.078
72.58000 -0.167
72.60000 1.859
72.62000 3.489
72.64000 2.355
72.66000 2.058
72.68000 1.830
72.70000 1.722
72.72000 2.705
72.74000 3.619
72.76000 0.375
72.78000 0.761
72.80000 2.356
72.82000 0.697
72.84000 -1.005
72.86000 0.193
72.88000 2.284
72.90000 5.068
72.92000 5.391
72.94000 4.020
72.96000 0.170
72.98000 2.941
73.00000 2.948
73.02000 3.078
73.04000 4.325
73.06000 4.157
73.08000 2.097
73.10000 -2.077
73.12000 -1.094
73.14000 1.386
73.16000 2.254
73.18000 -0.160
73.20000 -0.365
73.22000 2.023
73.24000 3.227
73.26000 4.142
73.28000 1.804
73.30000 -1.081
73.32000 -1.188
73.34000 -1.706
73.36000 -1.147
73.38000 -0.940
73.40000 -0.352
73.42000 2.816
73.44000 3.379
73.46000 2.442
73.48000 0.330
73.50000 1.895
73.52000 1.340
73.54000 -0.385
73.56000 5.005
73.58000 1.704
73.60000 0.881
73.62000 -0.243
73.64000 -1.228
73.66000 0.087
73.68000 0.369
73.70000 1.067
73.72000 5.591
73.74000 3.840
73.76000 2.179
73.78000 6.091
73.80000 5.560
73.82000 3.145
73.84000 -0.602
73.86000 0.682
73.88000 0.141
73.90000 1.261
73.92000 -1.360
73.94000 -0.770
73.96000 1.535
73.98000 0.366
74.00000 0.548
74.02000 0.169
74.04000 0.037
74.06000 1.914
74.08000 2.675
74.10000 -0.060
74.12000 1.864
74.14000 3.679
74.16000 4.048
74.18000 2.234
74.20000 -0.365
74.22000 -0.915
74.24000 1.578
74.26000 1.074
74.28000 0.085
74.30000 -0.830
74.32000 0.502
74.34000 1.259
74.36000 0.674
74.38000 0.169
74.40000 3.486
74.42000 2.336
74.44000 1.989
74.46000 2.163
74.48000 -0.597
74.50000 -2.045
74.52000 -0.081
74.54000 2.348
74.56000 0.486
74.58000 5.902
74.60000 6.462
74.62000 6.090
74.64000 3.859
74.66000 0.047
74.68000 -0.155
74.70000 2.711
74.72000 3.889
74.74000 4.631
74.76000 5.130
74.78000 6.307
74.80000 2.894
74.82000 2.331
74.84000 0.816
74.86000 -2.068
74.88000 -0.237
74.90000 1.279
74.92000 0.491
74.94000 -1.169
74.96000 -0.447
74.98000 1.244
75.00000 2.382
75.02000 2.941
75.04000 0.563
75.06000 0.427
75.08000 1.683
75.10000 1.722
75.12000 1.716
75.14000 -0.919
75.16000 1.355
75.18000 1.631
75.20000 -1.006
75.22000 -1.144
75.24000 1.800
75.26000 2.250
75.28000 2.248
75.30000 3.641
75.32000 0.682
75.34000 0.107
75.36000 1.959
75.38000 2.311
75.40000 0.303
75.42000 -0.090
75.44000 -1.683
75.46000 1.138
75.48000 1.341
75.50000 0.945
75.52000 0.069
75.54000 -0.755
75.56000 0.543
75.58000 2.484
75.60000 -0.659
75.62000 -2.078
75.64000 1.168
75.66000 1.363
75.68000 0.022
75.70000 2.544
75.72000 3.659
75.74000 3.557
75.76000 5.285
75.78000 2.567
75.80000 0.474
75.82000 0.620
75.84000 -0.119
75.86000 3.158
75.88000 3.233
75.90000 1.872
75.92000 2.935
75.94000 3.624
75.96000 2.913
75.98000 2.206
76.00000 0.668
76.02000 1.562
76.04000 0.540
76.06000 -1.270
76.08000 -2.080
76.10000 -0.131
76.12000 1.241
76.14000 0.861
76.16000 2.602
76.18000 1.705
76.20000 2.069
76.22000 0.171
76.24000 2.957
76.26000 4.705
76.28000 4.531
76.30000 6.217
76.32000 2.568
76.34000 -0.729
76.36000 -1.217
76.38000 2.248
76.40000 2.812
76.42000 -0.744
76.44000 -2.067
76.46000 5.641
76.48000 3.014
76.50000 -0.444
76.52000 -1.454
76.54000 1.983
76.56000 3.394
76.58000 0.443
76.60000 0.065
76.62000 2.865
76.64000 4.563
76.66000 6.372
76.68000 4.123
76.70000 0.638
76.72000 1.111
76.74000 5.075
76.76000 6.781
76.78000 1.928
76.80000 -2.048
76.82000 0.193
76.84000 1.305
76.86000 0.434
76.88000 2.007
76.90000 4.247
76.92000 5.534
76.94000 4.363
76.96000 1.248
76.98000 4.530
77.00000 3.598
77.02000 1.115
77.04000 2.147
77.06000 4.362
77.08000 3.655
77.10000 3.443
77.12000 3.231
77.14000 1.906
77.16000 2.571
77.18000 5.193
77.20000 2.981
77.22000 2.940
77.24000 4.564
77.26000 6.074
77.28000 6.093
77.30000 2.895
77.32000 2.817
77.34000 4.005
77.36000 2.581
77.38000 0.414
77.40000 -2.066
77.42000 0.591
77.44000 1.730
77.46000 2.237
77.48000 4.564
77.50000 5.514
77.52000 4.142
77.54000 4.283
77.56000 4.513
77.58000 3.242
77.60000 1.900
77.62000 0.171
77.64000 1.974
77.66000 2.020
77.68000 5.444
77.70000 4.312
77.72000 1.716
77.74000 3.213
77.76000 2.430
77.78000 -0.341
77.80000 0.253
77.82000 1.849
77.84000 5.988
77.86000 4.169
77.88000 2.652
77.90000 4.638
77.92000 4.056
77.94000 5.778
77.96000 1.899
77.98000 0.507
78.00000 2.401
78.02000 -1.027
78.04000 0.964
78.06000 3.493
78.08000 3.192
78.10000 0.549
78.12000 0.720
78.14000 -1.042
78.16000 1.966
78.18000 2.903
78.20000 4.385
78.22000 3.545
78.24000 2.536
78.26000 2.784
78.28000 2.884
78.30000 -1.170
78.32000 -2.093
78.34000 -1.170
78.36000 2.066
78.38000 1.993
78.40000 -1.465
78.42000 1.692
78.44000 2.725
78.46000 2.146
78.48000 2.854
78.50000 -0.471
78.52000 -1.723
78.54000 0.740
78.56000 3.281
78.58000 5.052
78.60000 2.818
78.62000 3.452
78.64000 1.246
78.66000 0.720
78.68000 2.661
78.70000 5.049
78.72000 0.402
78.74000 -2.112
78.76000 -1.629
78.78000 2.049
78.80000 5.187
78.82000 4.716
78.84000 2.322
78.86000 1.558
78.88000 2.372
78.90000 3.972
78.92000 3.569
78.94000 2.041
78.96000 2.117
78.98000 -0.594
79.00000 0.444
79.02000 3.439
79.04000 3.708
79.06000 3.460
79.08000 1.148
79.10000 -1.655
79.12000 -1.688
79.14000 0.063
79.16000 1.239
79.18000 -0.856
79.20000 -0.626
79.22000 1.537
79.24000 2.003
79.26000 1.375
79.28000 0.779
79.30000 -1.602
79.32000 -1.533
79.34000 -1.701
79.36000 1.960
79.38000 2.533
79.40000 2.996
79.42000 2.597
79.44000 1.954
79.46000 1.518
79.48000 -0.041
79.50000 2.309
79.52000 0.237
79.54000 2.395
79.56000 2.872
79.58000 0.789
79.60000 2.517
79.62000 2.070
79.64000 -2.129
79.66000 0.037
79.68000 -0.353
79.70000 1.670
79.72000 7.911
79.74000 4.493
79.76000 2.729
79.78000 2.267
79.80000 1.047
79.82000 -0.631
79.84000 0.645
79.86000 1.135
79.88000 1.958
79.90000 1.527
79.92000 1.999
79.94000 3.469
79.96000 4.250
79.98000 -0.047
80.00000 -2.160
80.02000 -0.773
80.04000 1.524
80.06000 1.597
80.08000 4.432
80.10000 2.102
80.12000 1.900
80.14000 1.472
80.16000 1.329
80.18000 1.795
80.20000 4.638
80.22000 1.525
80.24000 -0.645
80.26000 1.590
80.28000 0.409
80.30000 1.439
80.32000 -0.455
80.34000 1.060
80.36000 0.445
80.38000 0.500
80.40000 6.010
80.42000 8.188
80.44000 3.365
80.46000 5.239
80.48000 4.216
80.50000 0.379
80.52000 0.620
80.54000 1.933
80.56000 1.904
80.58000 5.418
80.60000 5.343
80.62000 0.026
80.64000 -0.157
80.66000 2.259
80.68000 1.182
80.70000 4.040
80.72000 4.863
80.74000 4.754
80.76000 4.653
80.78000 1.937
80.80000 1.743
80.82000 1.365
80.84000 1.087
80.86000 2.530
80.88000 1.484
80.90000 0.104
80.92000 1.054
80.94000 0.352
80.96000 0.529
80.98000 -2.189
81.00000 -0.267
81.02000 0.814
81.04000 5.950
81.06000 4.124
81.08000 0.382
81.10000 -1.720
81.12000 0.152
81.14000 4.051
81.16000 2.654
81.18000 3.167
81.20000 2.844
81.22000 4.163
81.24000 1.331
81.26000 5.377
81.28000 7.300
81.30000 2.705
81.32000 -2.226
81.34000 -0.774
81.36000 3.430
81.38000 3.379
81.40000 2.731
81.42000 1.362
81.44000 0.713
81.46000 3.850
81.48000 5.179
81.50000 7.266
81.52000 6.579
81.54000 8.229
81.56000 6.321
81.58000 8.035
81.60000 3.538
81.62000 5.174
81.64000 4.021
81.66000 4.864
81.68000 3.290
81.70000 4.773
81.72000 5.986
81.74000 7.656
81.76000 8.891
81.78000 6.885
81.80000 6.449
81.82000 8.009
81.84000 10.958
81.86000 6.486
81.88000 4.315
81.90000 5.066
81.92000 4.330
81.94000 4.445
81.96000 4.927
81.98000 9.471
82.00000 11.635
82.02000 8.273
82.04000 13.067
82.06000 13.608
82.08000 15.342
82.10000 13.074
82.12000 13.258
82.14000 14.541
82.16000 17.087
82.18000 16.339
82.20000 15.198
82.22000 18.632
82.24000 19.209
82.26000 22.967
82.28000 22.873
82.30000 22.987
82.32000 23.578
82.34000 24.636
82.36000 25.697
82.38000 26.361
82.40000 27.258
82.42000 31.254
82.44000 27.262
82.46000 28.902
82.48000 30.181
82.50000 30.181
82.52000 32.074
82.54000 39.187
82.56000 37.963
82.58000 38.867
82.60000 45.900
82.62000 46.477
82.64000 43.430
82.66000 45.683
82.68000 45.380
82.70000 44.949
82.72000 48.832
82.74000 55.250
82.76000 58.068
82.78000 60.368
82.80000 66.257
82.82000 62.665
82.84000 63.278
82.86000 63.934
82.88000 65.715
82.90000 63.995
82.92000 60.047
82.94000 60.374
82.96000 64.558
82.98000 64.975
83.00000 69.984
83.02000 67.003
83.04000 61.931
83.06000 64.461
83.08000 68.998
83.10000 75.005
83.12000 71.936
83.14000 64.309
83.16000 65.883
83.18000 70.593
83.20000 67.223
83.22000 65.396
83.24000 63.948
83.26000 54.291
83.28000 54.871
83.30000 56.480
83.32000 52.016
83.34000 51.619
83.36000 51.380
83.38000 49.500
83.40000 45.706
83.42000 44.529
83.44000 44.378
83.46000 41.929
83.48000 42.333
83.50000 37.668
83.52000 37.479
83.54000 33.234
83.56000 34.917
83.58000 36.171
83.60000 33.731
83.62000 32.917
83.64000 31.460
83.66000 27.334
83.68000 25.188
83.70000 26.951
83.72000 24.587
83.74000 24.950
83.76000 24.708
83.78000 18.822
83.80000 20.298
83.82000 20.390
83.84000 16.164
83.86000 18.365
83.88000 21.587
83.90000 18.252
83.92000 16.911
83.94000 16.173
83.96000 17.873
83.98000 12.440
84.00000 15.220
84.02000 11.361
84.04000 14.143
84.06000 12.744
84.08000 9.994
84.10000 9.342
84.12000 11.065
84.14000 7.119
84.16000 7.643
84.18000 7.543
84.20000 7.026
84.22000 6.149
84.24000 5.618
84.26000 7.353
84.28000 2.372
84.30000 2.680
84.32000 6.047
84.34000 8.143
84.36000 4.623
84.38000 7.259
84.40000 4.251
84.42000 3.431
84.44000 3.338
84.46000 4.709
84.48000 8.189
84.50000 3.832
84.52000 1.806
84.54000 1.745
84.56000 4.423
84.58000 1.999
84.60000 0.536
84.62000 -1.442
84.64000 2.876
84.66000 6.040
84.68000 2.116
84.70000 0.095
84.72000 2.742
84.74000 3.456
84.76000 -1.345
84.78000 -1.504
84.80000 3.485
84.82000 5.526
84.84000 5.467
84.86000 0.333
84.88000 -0.626
84.90000 2.771
84.92000 0.055
84.94000 -0.529
84.96000 -2.238
84.98000 1.427
85.00000 1.188
85.02000 0.793
85.04000 -0.852
85.06000 1.632
85.08000 1.682
85.10000 1.662
85.12000 2.427
85.14000 2.481
85.16000 0.447
85.18000 1.105
85.20000 0.956
85.22000 2.330
85.24000 2.612
85.26000 1.459
85.28000 2.835
85.30000 0.753
85.32000 -0.134
85.34000 -1.889
85.36000 1.692
85.38000 4.108
85.40000 5.081
85.42000 0.990
85.44000 1.183
85.46000 1.605
85.48000 4.308
85.50000 4.554
85.52000 3.697
85.54000 1.726
85.56000 2.958
85.58000 -2.183
85.60000 0.606
85.62000 2.305
85.64000 0.726
85.66000 -0.168
85.68000 -1.811
85.70000 -1.468
85.72000 0.708
85.74000 -0.550
85.76000 -0.358
85.78000 -0.650
85.80000 1.943
85.82000 0.876
85.84000 1.240
85.86000 0.082
85.88000 -0.310
85.90000 -0.559
85.92000 0.283
85.94000 0.058
85.96000 -1.690
85.98000 1.150
86.00000 1.107
86.02000 -0.206
86.04000 2.119
86.06000 -1.510
86.08000 -0.521
86.10000 -1.950
86.12000 -0.433
86.14000 0.280
86.16000 -2.220
86.18000 0.331
86.20000 0.828
86.22000 1.500
86.24000 -1.539
86.26000 0.051
86.28000 -0.683
86.30000 0.152
86.32000 0.492
86.34000 -2.275
86.36000 3.660
86.38000 2.631
86.40000 2.593
86.42000 1.914
86.44000 -0.513
86.46000 -2.257
86.48000 2.544
86.50000 4.058
86.52000 4.694
86.54000 7.136
86.56000 4.523
86.58000 11.142
86.60000 6.080
86.62000 4.115
86.64000 4.685
86.66000 1.567
86.68000 4.211
86.70000 5.639
86.72000 5.921
86.74000 3.246
86.76000 8.837
86.78000 9.148
86.80000 11.036
86.82000 13.659
86.84000 13.623
86.86000 14.153
86.88000 14.446
86.90000 17.411
86.92000 17.554
86.94000 16.457
86.96000 17.713
86.98000 20.725
87.00000 24.078
87.02000 23.345
87.04000 15.041
87.06000 21.521
87.08000 19.436
87.10000 20.550
87.12000 21.871
87.14000 23.738
87.16000 29.877
87.18000 30.456
87.20000 31.466
87.22000 32.958
87.24000 33.844
87.26000 37.514
87.28000 37.288
87.30000 32.269
87.32000 31.809
87.34000 29.973
87.36000 34.342
87.38000 34.015
87.40000 33.514
87.42000 32.673
87.44000 34.334
87.46000 30.795
87.48000 26.016
87.50000 27.741
87.52000 31.927
87.54000 33.069
87.56000 29.579
87.58000 31.218
87.60000 32.662
87.62000 31.812
87.64000 35.662
87.66000 36.665
87.68000 31.181
87.70000 33.133
87.72000 28.924
87.74000 32.874
87.76000 30.896
87.78000 24.097
87.80000 29.131
87.82000 29.289
87.84000 24.528
87.86000 26.257
87.88000 21.545
87.90000 18.363
87.92000 16.564
87.94000 19.310
87.96000 19.285
87.98000 18.453
88.00000 20.741
88.02000 16.086
88.04000 17.037
88.06000 16.337
88.08000 14.648
88.10000 14.093
88.12000 16.006
88.14000 14.294
88.16000 11.946
88.18000 12.535
88.20000 11.419
88.22000 9.366
88.24000 6.798
88.26000 9.979
88.28000 7.047
88.30000 5.478
88.32000 7.972
88.34000 9.086
88.36000 6.899
88.38000 4.758
88.40000 6.684
88.42000 5.134
88.44000 3.876
88.46000 4.026
88.48000 3.897
88.50000 5.429
88.52000 4.034
88.54000 0.511
88.56000 -1.467
88.58000 -1.518
88.60000 0.901
88.62000 2.059
88.64000 5.508
88.66000 3.787
88.68000 6.173
88.70000 5.615
88.72000 4.798
88.74000 3.121
88.76000 4.387
88.78000 2.881
88.80000 0.309
88.82000 -0.611
88.84000 2.059
88.86000 0.792
88.88000 -0.327
88.90000 -0.934
88.92000 0.585
88.94000 -0.124
88.96000 0.952
88.98000 2.516
89.00000 1.343
89.02000 0.819
89.04000 0.199
89.06000 1.297
89.08000 -0.298
89.10000 -0.074
89.12000 1.874
89.14000 -0.721
89.16000 1.361
89.18000 -2.043
89.20000 -2.105
89.22000 0.335
89.24000 -1.895
89.26000 -0.843
89.28000 1.242
89.30000 -1.487
89.32000 -1.361
89.34000 0.301
89.36000 2.465
89.38000 0.345
89.40000 2.936
89.42000 2.049
89.44000 0.795
89.46000 -0.323
89.48000 -0.397
89.50000 -1.084
89.52000 0.181
89.54000 2.779
89.56000 1.463
89.58000 6.171
89.60000 1.138
89.62000 -0.105
89.64000 -1.618
89.66000 -1.740
89.68000 -2.060
89.70000 -0.513
89.72000 0.605
89.74000 0.890
89.76000 0.119
89.78000 1.835
89.80000 1.072
89.82000 0.662
89.84000 2.331
89.86000 3.423
89.88000 1.865
89.90000 1.306
89.92000 1.743
89.94000 -0.724
89.96000 -0.096
89.98000 0.423
90.00000 -0.440
90.02000 0.827
90.04000 1.023
90.06000 0.005
90.08000 1.464
90.10000 1.720
90.12000 2.510
90.14000 -0.207
90.16000 1.002
90.18000 3.521
90.20000 1.896
90.22000 3.196
90.24000 5.957
90.26000 -0.799
90.28000 -1.071
90.30000 3.279
90.32000 2.990
90.34000 3.192
90.36000 2.910
90.38000 3.296
90.40000 3.477
90.42000 1.498
90.44000 2.469
90.46000 4.939
90.48000 2.810
90.50000 -1.969
90.52000 -0.777
90.54000 1.910
90.56000 3.772
90.58000 2.902
90.60000 3.738
90.62000 4.198
90.64000 1.353
90.66000 0.616
90.68000 1.252
90.70000 2.533
90.72000 1.435
90.74000 -1.969
90.76000 1.774
90.78000 1.727
90.80000 2.554
90.82000 2.875
90.84000 4.718
90.86000 1.018
90.88000 0.726
90.90000 -0.090
90.92000 0.050
90.94000 -1.302
90.96000 -0.275
90.98000 -0.405
91.00000 0.327
91.02000 0.640
91.04000 0.466
91.06000 1.333
91.08000 1.343
91.10000 4.321
91.12000 5.970
91.14000 6.067
91.16000 3.152
91.18000 1.323
91.20000 5.080
91.22000 2.921
91.24000 6.898
91.26000 6.365
91.28000 5.273
91.30000 3.898
91.32000 2.660
91.34000 5.217
91.36000 5.826
91.38000 4.490
91.40000 2.518
91.42000 1.306
91.44000 0.593
91.46000 -1.953
91.48000 0.324
91.50000 2.371
91.52000 2.676
91.54000 2.570
91.56000 1.225
91.58000 3.885
91.60000 4.296
91.62000 4.598
91.64000 8.964
91.66000 3.970
91.68000 3.604
91.70000 3.342
91.72000 1.057
91.74000 -0.830
91.76000 -1.193
91.78000 1.468
91.80000 2.877
91.82000 1.296
91.84000 3.221
91.86000 1.645
91.88000 0.419
91.90000 2.057
91.92000 3.334
91.94000 4.535
91.96000 6.879
91.98000 9.700
92.00000 1.777
92.02000 -0.630
92.04000 0.484
92.06000 -0.991
92.08000 3.829
92.10000 7.207
92.12000 2.175
92.14000 4.767
92.16000 6.794
92.18000 5.697
92.20000 4.481
92.22000 5.272
92.24000 2.663
92.26000 -0.560
92.28000 -1.263
92.30000 0.484
92.32000 -0.611
92.34000 -1.418
92.36000 -1.962
92.38000 0.766
92.40000 2.988
92.42000 2.068
92.44000 -0.406
92.46000 2.805
92.48000 4.850
92.50000 3.080
92.52000 1.533
92.54000 0.685
92.56000 2.242
92.58000 2.916
92.60000 0.276
92.62000 -0.661
92.64000 0.569
92.66000 1.442
92.68000 0.191
92.70000 3.073
92.72000 4.663
92.74000 8.862
92.76000 1.706
92.78000 0.086
92.80000 4.518
92.82000 4.271
92.84000 5.360
92.86000 6.834
92.88000 4.689
92.90000 2.040
92.92000 1.288
92.94000 1.028
92.96000 0.589
92.98000 1.986
93.00000 4.353
93.02000 0.873
93.04000 1.609
93.06000 3.565
93.08000 2.515
93.10000 2.577
93.12000 1.344
93.14000 1.023
93.16000 -0.313
93.18000 2.254
93.20000 2.444
93.22000 5.732
93.24000 3.798
93.26000 6.706
93.28000 6.987
93.30000 5.249
93.32000 8.177
93.34000 7.893
93.36000 4.697
93.38000 7.529
93.40000 6.409
93.42000 1.759
93.44000 -1.931
93.46000 1.687
93.48000 0.839
93.50000 2.962
93.52000 6.777
93.54000 6.291
93.56000 3.825
93.58000 2.617
93.60000 1.752
93.62000 0.336
93.64000 5.182
93.66000 4.166
93.68000 3.346
93.70000 4.236
93.72000 1.736
93.74000 -0.069
93.76000 5.771
93.78000 2.976
93.80000 2.901
93.82000 3.702
93.84000 2.078
93.86000 2.243
93.88000 3.336
93.90000 -0.482
93.92000 4.093
93.94000 5.632
93.96000 5.702
93.98000 2.996
94.00000 3.968
94.02000 5.020
94.04000 6.871
94.06000 6.386
94.08000 4.801
94.10000 6.029
94.12000 3.547
94.14000 -0.508
94.16000 4.101
94.18000 3.913
94.20000 -0.735
94.22000 -1.952
94.24000 5.709
94.26000 0.874
94.28000 3.374
94.30000 6.600
94.32000 3.434
94.34000 0.165
94.36000 0.991
94.38000 4.024
94.40000 3.427
94.42000 1.348
94.44000 1.604
94.46000 -0.720
94.48000 0.560
94.50000 5.098
94.52000 3.966
94.54000 3.446
94.56000 5.150
94.58000 3.163
94.60000 1.143
94.62000 2.804
94.64000 3.745
94.66000 5.943
94.68000 3.272
94.70000 4.240
94.72000 5.365
94.74000 1.234
94.76000 2.104
94.78000 3.821
94.80000 4.401
94.82000 2.233
94.84000 2.520
94.86000 3.034
94.88000 4.222
94.90000 5.588
94.92000 9.689
94.94000 6.703
94.96000 2.261
94.98000 3.713
95.00000 3.286
95.02000 4.295
95.04000 9.359
95.06000 6.787
95.08000 -0.185
95.10000 2.577
95.12000 5.620
95.14000 4.524
95.16000 -0.465
95.18000 0.379
95.20000 0.814
95.22000 -0.509
95.24000 5.015
95.26000 9.270
95.28000 5.119
95.30000 1.303
95.32000 2.964
95.34000 3.709
95.36000 5.490
95.38000 8.743
95.40000 6.744
95.42000 4.182
95.44000 1.571
95.46000 6.331
95.48000 7.039
95.50000 6.263
95.52000 4.741
95.54000 3.737
95.56000 3.745
95.58000 0.972
95.60000 -0.738
95.62000 -1.948
95.64000 2.507
95.66000 3.256
95.68000 3.620
95.70000 5.239
95.72000 7.648
95.74000 7.235
95.76000 6.730
95.78000 7.744
95.80000 5.057
95.82000 5.762
95.84000 14.728
95.86000 8.313
95.88000 3.252
95.90000 1.143
95.92000 9.837
95.94000 11.493
95.96000 7.138
95.98000 6.936
96.00000 6.446
96.02000 4.799
96.04000 6.096
96.06000 4.454
96.08000 0.326
96.10000 3.914
96.12000 6.441
96.14000 3.175
96.16000 2.478
96.18000 5.961
96.20000 9.718
96.22000 3.352
96.24000 -1.885
96.26000 2.853
96.28000 4.737
96.30000 7.578
96.32000 10.896
96.34000 9.808
96.36000 8.063
96.38000 4.075
96.40000 5.138
96.42000 4.023
96.44000 5.827
96.46000 6.352
96.48000 5.134
96.50000 2.611
96.52000 5.376
96.54000 4.160
96.56000 6.527
96.58000 4.572
96.60000 7.704
96.62000 3.653
96.64000 6.401
96.66000 4.662
96.68000 5.204
96.70000 7.581
96.72000 3.658
96.74000 6.279
96.76000 5.518
96.78000 4.470
96.80000 4.244
96.82000 2.505
96.84000 4.464
96.86000 3.201
96.88000 3.733
96.90000 4.804
96.92000 7.155
96.94000 0.343
96.96000 0.341
96.98000 4.312
97.00000 -0.926
97.02000 3.385
97.04000 7.292
97.06000 3.706
97.08000 2.695
97.10000 -0.194
97.12000 1.193
97.14000 6.929
97.16000 5.621
97.18000 1.545
97.20000 3.497
97.22000 1.263
97.24000 -0.370
97.26000 5.232
97.28000 5.602
97.30000 0.520
97.32000 1.842
97.34000 3.279
97.36000 2.829
97.38000 5.380
97.40000 2.480
97.42000 1.239
97.44000 1.532
97.46000 4.795
97.48000 0.478
97.50000 1.339
97.52000 5.416
97.54000 8.396
97.56000 10.998
97.58000 5.072
97.60000 4.030
97.62000 6.845
97.64000 1.710
97.66000 3.114
97.68000 3.707
97.70000 5.993
97.72000 7.555
97.74000 5.694
97.76000 5.006
97.78000 2.269
97.80000 1.759
97.82000 1.149
97.84000 4.259
97.86000 5.404
97.88000 7.842
97.90000 3.388
97.92000 4.566
97.94000 3.052
97.96000 5.081
97.98000 2.885
98.00000 3.318
98.02000 3.635
98.04000 1.720
98.06000 -0.057
98.08000 3.070
98.10000 4.300
98.12000 0.232
98.14000 1.044
98.16000 8.618
98.18000 9.477
98.20000 4.298
98.22000 4.324
98.24000 1.866
98.26000 3.801
98.28000 4.171
98.30000 3.420
98.32000 6.539
98.34000 6.621
98.36000 1.589
98.38000 3.018
98.40000 1.363
98.42000 -1.894
98.44000 4.619
98.46000 4.402
98.48000 5.720
98.50000 6.216
98.52000 7.273
98.54000 8.385
98.56000 3.331
98.58000 5.385
98.60000 12.390
98.62000 10.686
98.64000 8.569
98.66000 6.180
98.68000 5.170
98.70000 6.809
98.72000 5.890
98.74000 7.773
98.76000 1.904
98.78000 2.488
98.80000 1.336
98.82000 7.696
98.84000 3.141
98.86000 4.479
98.88000 8.422
98.90000 5.178
98.92000 6.544
98.94000 3.648
98.96000 10.898
98.98000 10.197
99.00000 3.881
99.02000 4.977
99.04000 7.800
99.06000 7.466
99.08000 3.945
99.10000 3.277
99.12000 1.260
99.14000 2.471
99.16000 6.058
99.18000 5.036
99.20000 6.773
99.22000 9.416
99.24000 9.582
99.26000 0.552
99.28000 -1.902
99.30000 4.104
99.32000 1.213
99.34000 3.798
99.36000 4.037
99.38000 4.002
99.40000 5.915
99.42000 3.436
99.44000 -0.637
99.46000 1.283
99.48000 -1.912
99.50000 2.273
99.52000 2.846
99.54000 2.201
99.56000 9.788
99.58000 3.017
99.60000 1.605
99.62000 1.533
99.64000 5.283
99.66000 4.808
99.68000 2.744
99.70000 -0.247
99.72000 6.246
99.74000 -1.070
99.76000 5.884
99.78000 4.648
99.80000 3.516
99.82000 3.145
99.84000 5.912
99.86000 5.513
99.88000 -2.370
99.90000 3.014
99.92000 3.837
99.94000 -2.017
99.96000 0.730
99.98000 0.000
